,NBHD,NBHN,NBHT,NBMEANLD,ARTKCLCK,ARTKLPC,ARTKSCOR,ARTRCLCK,ARTRLPC,ARTRSCOR,ANTALTHD,ANTCONHD,ANTZHD,ANTZHN,ANTZHT,ANTORTHD,BITIHDL,BITIHDM,BITIHDS,BISATTII,BISMOTII,BISNPLII,BBASDRIV,BBASFUNS,BBASRWRD,BBASBIS,BSCSSCON,CRTHD,CRTHN,CRTHT,CGRSCRP,CGRSINTP,CCTCAVCC,CCTCGAIN,CCTCINFO,CCTCLOSS,CCTCPROB,CCTHAVCC,CCTHGAIN,CCTHINFO,CCTHLOSS,CCTHPROB,DIIDYSF,DIIFUNC,DDTHEALT,DDTTASTE,DGSFORWD,DGSREVRS,DRFHD,DRFHN,DRFHT,DRFPINHD,DSTPCTP,DPTEEB,DPTFEB,DPTHEB,DPTREB,DPTSEB,DPTERP,DPTFRP,DPTHRP,DPTRRP,DPTSRP,DPTERT,DPTFRT,DPTHRT,DPTRRT,DPTSRT,DPEAYBHD,DPEBXBHD,dot_pattern_expectancy.bias,DPEDPRIM,DPEHD,DPEHN,DPEHT,TFEQCGRS,TFEQEEAT,TFEQUEAT,ERQREAP,ERQSUPP,FFMQAWAR,FFMQDESC,FFMQNJUD,FFMQNREA,FFMQOBSV,FTPSFTP,go_nogo.bias,GNGDRPIM,GRTSGRIT,HIRSCOR,HLTSFCH,IMVIMPLS,IMVVNTUR,ISTDECPC,ISTDECMV,ISTFXDPC,ISTFXDMV,KTTSCOR,KRBHDRL,KRBHDRM,KRBHDRS,LCATACTL,LOGCONHD,LOGHD,LOGHN,LOGHT,LOGSWCHD,MAASMIND,MOSSSRT,MOSHD,MOSHN,MOSHT,MOSREC,MOSSPC,MPQCOTR,PRSPLB,PRSRVS,PRPSLOPE,RPMSCOR,REPHD,REPHN,REPHT,REPPINHD,SOCSCOM,SOCSELSE,SOCSLBSE,SOCSOPT,SSRQCOTR,SSSBORED,SSSDISIN,SSSEXPSK,SSSTHRIL,SMHD,SMHN,SMHT,SMSIHD,SHFTAC,SHFTLR,SIMHD,SIMHN,SIMHT,SIMSIMHD,SRTAVRT,SPSFORWD,SPSREVRS,STSSSRT,STSHD,STSHN,STSHT,SSSSRTHI,SSSSRTLO,SSHD,SSHN,SSHT,SSPASS,SSPAS,STRHD,STRHN,STRHT,STRSTRHD,TIPIAGRE,TIPICONS,TIPIEMST,TIPIEXTR,TIPIOPEN,TWILLELR,32CSCHD1,32CSCHD9,32HD,32HN,32HT,32TSCHD1,32TSCHD9,ZTPIPNEG,ZTPIPPOS,ZTPIPRFA,ZTPIPRHE,TOLAVGMT,TOLNEM,TOLOPTSL,TOLPLNTM,TSTMODBA,TSTMODFR,UPPLPERS,UPPLPREM,UPPNEGUR,UPPPOSUR,UPPSENSE,WRTNEUPR,WRTPOSPR
s002,0.5712701515999999,0.1621938155,1.5730745119,1.2,20.2608695652,0.23333333329999997,453,13.0,0.1333333333,325,0.14018585349999999,-0.9478212637,3.5831755014,0.4128545154,2.5737866818,-0.8991810028,0.029923370100000006,0.1478212891,0.0556884766,5.0,3.9642857143,5.466666666699999,3.0,3.25,3.4,1.5714285713999998,33,3.5552052504,0.2580467346,1.6426174667,0.1666666667,0.1666666667,11.75,-0.0666666667,0,-7.285838599000001e-17,-2.25,8.0833333333,0.0377623846,0.0,-0.0018228379999999998,0.33501259450000004,1.0833333333,1.3636363636000002,0.1387440396,0.4324047369,8.0,10.3,1.3626340942,0.5238585957999999,2.1685823133,-0.6671225919,0.19444444440000003,2.0,1.0,1.6666666666999999,1.6666666666999999,3.3333333332999997,4.6666666667,6.5,4.5,3.6666666667,1.8333333333,2.1666666667,1.0,2.6666666667000003,3.6666666667,5.666666666699999,-1.6156604112000001,0.4593529804,0.33223158610000003,4.6556717651,1.7832471408000001,0.1379104692,2.1889267071000003,16.6666666667,77.7777777778,70.3703703704,5.833333333300001,1.75,3.875,4.0,4.125,3.1428571429,4.0,49,-1.0705413209999999,3.8243251091,28,111.0,6,1.6875,1.4666666667,0.7541481018,0.0017554870999999998,0.7393355608000001,0.0013716979000000002,0.5277777778,0.06403124240000001,0.158113883,0.0256124969,4,-0.5806546664000001,0.570050099,0.0400683236,2.0784452252000003,-0.4024386382,4.0666666667,,,,,,,38,,,0.5320132074,4,1.2130533725,0.6332942519,1.9334107569,-0.5128613639999999,,,,,122.0,0.2,0.2,0.6000000000000001,0.1,2.6801339361000003,0.49489211130000005,1.7929218874000001,-1.7590164270000002,,,2.3349500998,0.3892866602,1.4343357679,-0.8775044472,351.5,4.8,6.1,291.3333333333,2.6119744777,0.4242994293,1.3674026511000001,292.5,323.6666666667,2.0992621161000002,0.3716185801,1.48178766,31.1666666667,144.295201474,2.8568342119,0.34296629359999997,2.3223998001,-0.7909941789,6.0,4.0,6.0,5.0,6.5,38,-0.08522578230000001,-0.6736285488,0.6661035586999999,0.0993610674,2.4464336672,-0.2060751347,0.2975702542,2.8,4.6666666667,3.0,4.1333333332999995,1795.1016666667,8,8,3727.25,0.1648688222,0.0741079722,1.5,2.0909090909,3.0,3.2857142857,3.0833333332999997,0.8172749921,0.1922162034
s005,0.6630672304999999,0.28168869620000003,1.3885877780000002,1.65,36.3636363636,0.2666666667,750,30.5,0.33333333330000003,580,0.17363541829999998,-0.8398634648000001,4.274070484,0.32842459690000003,2.4757484774000003,-0.4151775948,0.000525995,0.0041643982,0.0276582031,3.5333333333,3.5,3.6333333333,3.0,3.25,3.8,2.2857142857,41,4.7208250912,0.2865621718,1.915177778,0.8333333333,0.1666666667,13.416666666700001,0.275,3,-0.030666666699999998,-2.9166666667000003,13.041666666700001,0.4185577722,3.0,-0.0250756442,-3.7905236907999997,1.0,1.7272727273,0.2518581217,1.2169609029000001,9.2,8.0,0.8457870737000001,0.5090630079999999,1.4707170288999998,-1.4243843442,0.1666666667,2.0,2.6666666667000003,1.0,2.0,3.5,5.5,6.166666666699999,6.0,6.166666666699999,4.0,1.6666666666999999,1.5,2.6666666667000003,1.5,4.6666666667,0.9562681803,1.2103337894,-0.3884511935,3.7790742791,2.6161558711,0.2803226387,1.2915862762,27.7777777778,0.0,40.740740740700005,4.8333333333,5.0,4.5,3.875,2.875,4.2857142857,4.625,46,-0.5306698657,2.9584098130000003,28,174.0,6,1.25,1.4,0.7475608826000001,0.0009119887,0.920829773,0.001067059,0.5555555556,0.0256124969,0.0256124969,0.06403124240000001,4,-0.7602665152,2.3358809507,0.4500174776,1.9791042021,-0.5701117907000001,5.0666666667,344.1666666667,2.8224900007,0.33968801120000003,1.2498091219,7.0,114.0,43,,,0.6320956121,14,1.8177465875,0.4914632817,1.9014971956,-0.5818197018,0.6666666667000001,0.75,,0.8333333333,131.0,0.0,0.7000000000000001,0.7000000000000001,0.4,3.6881692599,0.2887087148,4.9501136564,-0.7690707709000001,0.4711779449,0.044557573200000006,3.3539254968,0.2757725273,2.1127638172,-0.11194908460000001,302.5,6.5,5.1,432.6666666667,2.9083051710000003,0.30640716900000003,1.7372898232,249.6666666667,302.5,3.2659445207999998,0.3660754725,1.5028345281000002,52.8333333333,61.561054330299996,4.2183595754,0.2965980105,2.4416469704,-0.6603527174,6.0,5.0,7.0,3.0,6.0,33,-0.0842616565,0.1915865677,1.4092583541,0.34780014340000004,1.4308947549000002,-0.7137060233,-0.937028335,3.1,3.3333333332999997,2.2222222222,3.2666666667000004,1915.6111111111,19,7,2585.75,1.3930740481000001,0.1957445771,1.7000000000000002,1.3636363636000002,1.75,1.0,2.8333333332999997,0.8868519986000001,0.4059011843
s006,0.5476581779999999,0.0550406013,1.6500146547999999,1.4,43.3333333333,0.4,736,32.7083333333,0.2,750,-0.5860555491,-1.4429177719,2.445383636,0.33984741409999997,1.4728107623,-1.1494266789,7.0924e-06,6.784529999999999e-05,29.632732421900002,3.4666666667,5.3571428570999995,4.7333333333,3.25,4.0,4.0,3.0,34,1.430340274,0.2418319265,1.2891048037000001,0.1666666667,0.8333333333,19.5833333333,-0.0166666667,1,0.0006666667,1.0,28.217391304299998,-0.1839181287,2.0,0.0043567251,-2.6725146199000003,1.75,1.6363636363999998,-0.0113190347,-0.012737079299999999,8.5,8.5,1.2939932558,0.4130295407,1.5685024534999998,-0.8929610464000001,1.0,1.0,1.0,1.0,1.5,1.5,7.0,7.0,7.0,7.0,7.0,2.0,1.0,2.0,1.0,1.0,-2.0230354468000002,-1.7076059965000001,-0.6556403265,2.6602601534,1.6251250919,0.0113644085,2.0537921356999997,33.3333333333,0.0,0.0,4.3333333333,5.25,4.75,2.5,4.875,1.0,1.75,53,-0.7717910818000001,3.4406522452,28,139.0,0,1.8125,1.5333333333,0.527438736,0.0017382296,0.7636162281000001,0.0020427238,0.5,0.25,0.25,0.25,5,-1.0159541794,1.391867589,0.3857685113,1.7095748516999998,-0.8765296786000001,3.8,,,,,,,44,,,0.40319981950000006,4,0.9067496359999999,0.5161502901,1.8906701386000002,-0.2652909298,,0.1666666667,0.6666666667000001,0.5833333333,111.5,0.6000000000000001,0.6000000000000001,,0.4,2.176863355,0.3998073364,1.7551769627,-0.3916834617,0.4894179894,0.021283661699999998,1.5479003891,0.27875876380000003,1.6160652690000001,-0.4447160779,341.5,5.3,4.9,,,,,335.1666666667,386.6666666667,1.3201339026999999,0.11869104470000001,1.9247527612,51.5,-25.1598562444,2.1426722719,0.29022881629999997,2.202267954,-0.7494648660000001,7.0,7.0,7.0,7.0,7.0,42,0.0455096972,-0.1704809143,1.0572685445999999,0.1749148904,1.9957483316999998,-0.1924142924,0.25468463210000003,4.1,4.1111111111000005,3.2222222222,4.1333333332999995,2209.1783333333,21,4,3224.1666666666997,0.4686309454,0.5232481438000001,1.8,2.1818181818,2.9166666667000003,2.7142857143,2.75,0.8338361601000001,0.4540214179
s007,,,,,19.0769230769,0.1333333333,470,14.8,0.1666666667,340,0.0116666293,-0.6702107948,1.9478889203999998,0.3590556327,1.8351283496,-0.2817672905,0.0005751163,0.0008470039,0.0081005859,4.8,3.7857142857,4.7333333333,3.25,2.75,3.6,3.4285714286,49,2.071746037,0.032201083900000003,2.4717705278,0.1666666667,0.6666666667000001,4.8333333333,0.033333333300000004,0,0.0013333332999999998,-0.4166666667,13.041666666700001,0.21154788649999998,1.0,-0.0035254237,0.8082499489,1.1666666667,1.6363636363999998,0.42950206399999996,0.5991357069000001,9.6,6.4,,,,,0.3611111111,2.6666666667000003,5.5,1.6666666666999999,3.3333333332999997,4.1666666667,4.3333333333,5.5,5.3333333333,5.5,2.1666666667,2.1666666667,5.1666666667,3.5,5.1666666667,6.166666666699999,-0.6664064314,-0.7579315750000001,-0.5694639092,2.4879073189,1.53209669,0.0097688673,2.3688536677000003,61.111111111099994,11.1111111111,33.3333333333,5.3333333333,5.25,3.25,2.875,3.0,3.5714285714000003,3.25,50,-0.7539398562999999,2.6397773564,22,98.0,9,1.375,1.5333333333,0.8018417358000001,0.0007886168000000001,0.8767990112,0.0012070223,0.7777777778,0.06403124240000001,0.06403124240000001,0.0256124969,2,-1.7153898098,0.8641445205,0.4255798364,1.5385093007,-0.0317324863,3.8,,,,,,,43,8.6329234757,-8.637205744700001,0.5112262406,10,1.0889337815,0.6266461154999999,2.3168364272999997,-0.5060997922,0.5,0.5833333333,0.5,0.9166666667,110.5,0.6000000000000001,0.4,0.6000000000000001,1.0,2.0157451513,0.5196181885,1.7631433859,-1.5276228643,0.3291457286,0.006016204000000001,3.041420483,0.3412821036,1.4972626134,-0.5634665938000001,517.0,5.1,5.4,395.8333333333,1.6831368844999999,0.5387616536000001,1.4711833178,357.1666666667,439.0,1.8894901934000001,0.3969825345,1.4477539100999999,81.8333333333,26.4811435343,1.8109622976,0.5133435006,1.9921471771,-0.48963033219999996,4.5,6.0,3.5,3.0,4.5,48,-0.08191306670000001,-0.0017136235,0.3021698987,0.0125838653,2.0262141482,-0.2741368863,-0.6517488877000001,4.0,3.2222222222,3.3333333332999997,3.4666666667,2282.5555555555998,-5,8,6112.166666666701,,,2.2,2.0909090909,3.1666666667000003,2.2142857143,3.0,0.8621573749,0.6821860019
s009,1.9915966024,0.22418910109999998,1.2338333989,2.7,28.2608695652,0.23333333329999997,615,19.1304347826,0.23333333329999997,420,0.0941407882,0.1667766072,3.2224950687000002,0.29143545719999997,1.7395971981,-0.6716770881,0.0005145003,0.0019907760999999997,0.0101464844,4.9333333333,4.8214285714,5.3,2.5,3.0,3.2,2.8571428571,29,3.1164330624,0.25953710950000003,1.1899758532,0.8333333333,0.0,13.708333333299999,0.4208333333,2,-0.0118333333,-6.458333333300001,5.25,0.1141843972,2.0,-0.0049527187,-2.4048463357,1.3333333333,1.0909090909,0.1593423691,1.1747285803,6.8,4.8,2.3089864224000003,0.4378006965,1.8561269344,0.3787189228,0.7222222222,3.5,2.5,2.1666666667,2.1666666667,3.8333333332999997,3.0,4.3333333333,3.5,3.0,2.0,2.3333333333,1.6666666666999999,3.5,2.3333333333,4.8333333333,-3.6713782383999995,-1.4954145812000001,-0.5814270014,3.3843972360000003,2.6987609531,0.1879368152,1.2220698796,66.6666666667,44.4444444444,62.962962963,5.1666666667,4.75,2.875,2.5,3.875,3.0,3.125,33,-0.7017421781000001,4.5619233948,17,222.0,9,1.1875,1.2666666667,0.6171309948,0.0017705286000000004,0.985546875,0.0028862039000000003,0.7222222222,0.0038729833,0.0004,0.009797959,2,-1.651698711,2.2457913338999997,0.3889209675,1.9141523943,0.1422124675,4.0,199.3333333333,2.5195609505000003,0.3408588032,1.6407381388999998,-8.5,73.0,32,-8.3796570593,14.654035753599999,0.6676807246,6,1.2450059033,0.4880291275,1.9752896776,-0.8469276122,0.0833333333,0.1666666667,0.5833333333,0.1666666667,71.0,0.7000000000000001,1.0,0.8,0.30000000000000004,3.4265347152,0.3500585042,1.7425079698,-1.5019633344,0.6073170732000001,0.14624492279999998,5.0329446156,0.2506646245,1.5324753029,-0.1616734606,268.0,6.8,6.4,225.1666666667,1.2709005818,0.3612157533,1.5025030423,186.5,206.5,3.2885530083999996,0.31544253899999997,2.6821047248000003,20.0,-35.1317225628,2.8386431617000003,0.3561020667,2.5702693727,-0.6838553682999999,3.5,4.0,3.5,2.0,5.0,67,-0.8257412538000001,-0.5887965686000001,1.9715431589,0.3189941309,1.6001149849,-0.0111460177,0.2342750732,3.0,3.7777777778,3.0,3.5333333333,1251.3159722222001,5,11,3222.6666666666997,-0.6258949536,0.47308529579999997,2.7,2.7272727273000004,3.0,3.0,2.3333333333,0.1779068063,0.45563800509999997
s011,1.4240068382,0.0978098481,1.4622629271,3.2,40.5555555556,0.4,690,18.3333333333,0.30000000000000004,365,-0.7122582715000001,-1.2742012565,3.5197511372,0.3552308507,1.867050605,-1.1694769843000001,0.044047225999999995,0.0051069641,0.00015283200000000002,2.7333333332999996,2.6785714286,3.8,1.25,2.25,2.6,2.5714285714000003,54,4.5752124610000005,0.258545739,1.3857403312999999,0.33333333330000003,0.33333333330000003,5.3333333333,0.05833333330000001,1,-0.0026666666999999996,-1.75,6.9130434783000005,0.130866426,3.0,-0.0025487365,-3.7931923672,1.0,1.0,0.1939300298,0.9515309845,7.9,9.8,2.0733206699,0.32429878370000004,2.323286103,-0.9958567841,0.0,3.8333333332999997,5.5,2.0,2.3333333333,5.0,4.1666666667,5.833333333300001,4.5,6.166666666699999,1.5,2.0,1.0,3.0,1.0,7.0,-4.4769155956,-3.0021748503,-0.7548590440999999,3.8104168489999997,3.4621707089999996,0.21911875079999998,1.5202133763999999,44.4444444444,55.5555555556,40.740740740700005,6.0,2.0,5.0,4.875,4.25,3.1428571429,2.875,57,-0.7625664513,3.9332268227,40,265.0,4,1.0,1.0666666667,0.7708899498,0.0016033788,0.8675750731999999,0.0018161934,0.5833333333,0.25,0.25,0.25,2,-0.9945698512,2.6609177541,0.3586355597,2.5120231081,-0.5353396467,5.8,259.5,3.7657680814999996,0.30432170199999997,1.6727303678,-8.0,84.0,48,1.0782063195,6.9911453835,0.23254980949999998,12,1.6556607159999999,0.3783466802,2.4086699718999998,-0.707936247,0.75,0.9166666667,0.8333333333,0.9166666667,142.0,0.5,0.5,0.7000000000000001,0.1,3.3546203470999996,0.4238843588,1.569601609,-2.4907348695,0.539408867,0.09170397109999999,3.5569020222,0.3210798569,1.1839138589,-1.7510987158000002,316.0,5.7,6.3,193.3333333333,3.6722208023,0.35209210890000003,2.1242119303,240.0,247.6666666667,3.8425186047000004,0.31907907100000005,1.9467390234,7.666666666699999,96.79178747379999,2.9509526676999998,0.34750727740000004,1.7773899463,-1.8671287033,7.0,4.5,4.5,7.0,6.0,24,0.0114280122,0.0142259181,2.7439172610000004,0.34780088670000003,1.2977915477,-0.5843106090000001,-0.3654077601,1.9,2.4444444444,1.4444444444,2.8666666667,1371.7153679654,11,8,2094.9166666667,0.4356487044,-0.8002918179999999,1.7000000000000002,2.0909090909,2.0,2.0714285714,2.1666666667,0.1925341667,0.24043603789999998
s012,2.1512452193000002,0.3177004149,1.480294715,3.25,44.1578947368,0.3666666667,796,24.565217391300003,0.23333333329999997,527,-0.7274706573999999,-0.9224729599,3.1867975758999996,0.2972843415,2.2645322765,-1.5502732772999999,0.0011767575,0.010140686,0.0590556641,4.4,3.3214285714000003,4.4,2.75,1.75,3.4,2.5714285714000003,44,3.1016575634,0.26209825010000004,1.4815932678,0.8333333333,0.1666666667,5.666666666699999,0.05833333330000001,2,-0.0086666667,-2.9166666667000003,3.9583333332999997,0.1687969925,3.0,-0.0115213033,-1.9323308271000001,1.0,1.4545454544999998,-0.3553490939,0.7137797811000001,8.4,8.6,2.0218222936,0.496738494,1.9002256624,-0.34978597990000004,0.1666666667,3.3333333332999997,4.0,1.5,2.1666666667,4.6666666667,4.0,4.8333333333,5.1666666667,5.0,3.3333333332999997,3.6666666667,2.0,2.6666666667000003,1.8333333333,4.8333333333,0.06058479200000001,0.327222479,0.0,5.320134937200001,3.7154890121,0.07359046600000001,5.6336655339999995,27.7777777778,33.3333333333,66.6666666667,2.0,5.25,4.0,3.125,4.125,3.0,1.25,32,-1.0820225484000001,2.8201893119,21,190.0,8,1.0625,1.0,0.6499261856,0.0010140799,1.0,0.0020015881,0.6666666667000001,0.25,0.06403124240000001,0.06403124240000001,2,-0.5531499565,1.4581477389,0.36361136689999995,1.9235393316999998,-0.4299344129,3.4,347.1666666667,2.4210716979,0.2866223914,1.4872434068,-7.5,81.0,43,27.3376402867,-25.2123453648,0.6264483411999999,15,1.5337002857000002,0.5096314379,1.5459120338999999,-0.1972093573,0.5833333333,0.33333333330000003,1.0,0.8333333333,114.0,0.5,0.7000000000000001,0.6000000000000001,0.2,2.9236855875,0.3955379368,2.3459513255,-1.4659989103,0.46172839509999997,0.0590870111,2.4004841813,0.2856009653,1.5303040397,-0.643773024,338.0,5.9,6.0,303.0,3.2102440923000004,0.3160617995,1.3808268262,275.6666666667,295.6666666667,2.1816338992,0.31618804110000004,1.4157381604,20.0,20.8802469136,2.3033176,0.368049857,2.2956569071,-0.9462566459999999,3.5,5.5,4.0,2.5,3.0,32,0.45623656939999996,0.19696627149999998,1.9706909847999998,0.3138143188,1.612303092,-0.7609683460000001,0.0903929694,2.6,2.5555555556,1.5555555556,1.9333333333000002,2230.165,3,8,4731.5,0.7098490302,-0.1823215568,1.9,1.4545454544999998,2.3333333333,2.0,1.3333333333,0.2365442544,0.18606252350000002
s017,1.0597460578,0.0272991163,1.702803408,2.0,37.5,0.2666666667,789,21.3333333333,0.1,550,-1.0047617529000001,-0.371521885,3.5451032302999996,0.3297510581,2.0741798743,-1.6970441213,0.0001124585,0.00019663,0.0006987305,5.8,3.7142857143,3.6,3.0,2.25,3.8,3.5714285714000003,49,5.6092695629,0.2400979713,2.324270717,0.6666666667000001,0.1666666667,9.7083333333,0.1041666667,3,-0.0111666667,-2.125,7.958333333300001,0.1894025605,3.0,-0.0077980085,-1.8536882747,1.0,1.2727272726999999,0.1836432283,1.3700064956,9.3,7.6,2.3409059888,0.4438475922,1.9929958924,-0.5638885573,0.8333333333,3.3333333332999997,3.0,2.0,3.0,2.5,2.8333333332999997,5.5,3.5,3.6666666667,2.1666666667,2.1666666667,2.1666666667,2.1666666667,3.0,3.8333333332999997,-0.2317933736,0.0224372739,-0.7548590440999999,3.8104168489999997,1.8175994953999999,0.1267913075,2.3725924197,44.4444444444,66.6666666667,48.148148148100006,4.5,5.5,2.375,2.75,3.75,3.2857142857,2.75,46,-0.7625664513,3.9332268227,22,246.0,3,1.1875,1.4666666667,0.767848587,0.0024491452000000003,0.98984375,0.0027049544,0.5833333333,0.0002011893,0.0002011893,0.0002011893,5,-0.8771694073999999,1.6809474825,0.4366256615,1.9013444791999998,-0.34019802320000003,3.5333333333,282.6666666667,2.9972767212,0.21403931489999997,2.2584767222999997,-14.5,160.0,43,,,0.58484855,10,2.0378086715,0.5234728045,2.00398015,-0.585441607,0.6666666667000001,0.6666666667000001,0.9166666667,0.8333333333,130.0,0.1,0.8,0.4,0.7000000000000001,2.7825534188,0.4233959006,1.6576074747,-2.002802842,0.4513715711,0.0676643665,3.3705523638,0.291538936,1.6926872452,-0.38846019810000004,310.0,6.5,5.6,251.0,3.7704019439999996,0.2962578873,2.7193575467,246.8333333333,295.0,3.0377723943,0.332018576,1.6571574241,48.1666666667,98.0324196876,2.4533195935,0.4145161235,1.8243467323,-1.754051189,7.0,7.0,4.5,2.0,4.5,53,-0.0805825178,0.5861670546000001,2.0679751767,0.3404233527,1.7919270562,-0.5504259919,-0.476815664,3.5,4.3333333333,2.3333333333,2.4666666666999997,1481.6893939394001,1,10,3958.5,3.1094480307,-0.3522205936,2.1,1.0,1.6666666666999999,1.3571428571000002,3.0,0.185612246,0.17430210710000002
s020,0.8329257969,0.1059353411,1.4753170296,1.85,26.6666666667,0.2,610,12.962962962999999,0.1,340,0.0785396136,-1.0357060622,2.4114682047,0.31067326510000004,1.7773522756,0.0453436348,0.0002343203,0.009369873,0.0126279297,3.4666666667,3.7857142857,4.3333333333,3.5,3.25,3.6,2.4285714286,41,1.885917049,0.25859620839999997,1.6548223577,0.6666666667000001,0.33333333330000003,9.8333333333,0.4,1,-0.006,-1.9166666666999999,7.291666666699999,0.0038725986,0.0,-0.0009140546,-0.8612740142,1.0833333333,1.5454545455000002,-0.0335462443,0.6750894226,7.5,5.2,1.3458484388,0.454853686,2.2160017077000003,-0.3968333645,0.0,2.0,2.1666666667,1.8333333333,1.8333333333,3.8333333332999997,3.8333333332999997,3.8333333332999997,5.3333333333,4.3333333333,2.6666666667000003,2.3333333333,2.5,2.0,2.3333333333,3.5,-1.9358140574,0.8531933060000001,-0.1448413667,3.3579238220999996,2.1952317751,0.2006145327,1.6184324147,38.8888888889,44.4444444444,55.5555555556,5.0,3.75,3.625,3.5,3.25,3.0,2.875,46,-0.6807759697,4.096807786,30,122.0,7,1.5,1.2,0.6603252411,0.0017003689000000002,0.7410667895999999,0.0015159826,0.4722222222,0.0256124969,0.06403124240000001,0.06403124240000001,1,-1.3712673831,1.5150429285,0.4215354238,1.7685734382,0.0225326523,3.9333333333,286.1666666667,2.4724696172,0.3272544446,1.8447288832,-33.0,36.5,43,3.7318341441000005,-3.4417341323,0.6229103774,8,1.0264797416,0.4119567988,1.8970007368000001,-0.3440701599,0.5833333333,0.8333333333,0.5833333333,0.5833333333,100.5,0.4,0.8,0.5,0.2,2.6203600886,0.4111193156,1.4098292078999999,-1.4595534380000001,0.4334975369,0.0501444983,2.4306755324,0.3234963985,2.1420544773,0.2041495553,381.5,6.3,5.7,253.3333333333,1.8198637712,0.40162196829999997,1.3032921921,245.0,364.3333333333,2.1001512452,0.3298276772,1.5380759919999998,119.3333333333,12.8482783357,1.8260387571,0.28838839780000003,1.7843225732,-0.9449049843,5.5,6.0,6.5,5.5,4.5,46,-0.0535607098,-0.05912809080000001,1.0598445363,0.21846256500000005,1.9730270896000002,-0.3064581535,0.0424120532,2.3,3.7777777778,2.7777777778,3.4666666667,2750.9476190476003,12,6,3479.3333333333003,-0.594460772,0.4519851237,1.9,1.9090909091,2.1666666667,2.5,2.3333333333,0.1805794197,0.3909019375
s026,1.1545119704,0.2348057706,1.0826855584000001,2.0,11.375,0.2,263,21.2083333333,0.2,489,-0.043967711900000005,-0.347504441,3.9719526418,0.3261299844,2.1089545265000003,-0.5648322136,0.0001688719,0.0010027083999999999,0.0231308594,3.1333333333,3.0714285714,4.4666666667,2.75,2.0,3.6,2.7142857143,51,5.868739633300001,0.29188355720000003,1.3798299371,0.6666666667000001,0.1666666667,13.25,0.025,1,0.001,-2.75,10.0833333333,0.0009003215,0.0,-0.00025937830000000004,-0.07395498390000001,1.0,1.0909090909,-0.2888881723,0.9523625263,9.8,7.1,2.0626972972999997,0.4063809094,2.0025071701,-0.26801439590000004,0.8888888889000001,2.6666666667000003,4.0,1.5,2.0,2.5,4.6666666667,4.0,4.0,4.5,2.5,1.8333333333,1.5,1.8333333333,1.1666666667,4.0,-0.5049729073,-0.4492284143,0.1910395678,4.9380558016,4.8915044495,0.4082787135,3.8780327889999997,33.3333333333,33.3333333333,22.2222222222,5.0,6.0,4.0,3.75,4.875,2.8571428571,2.5,36,-0.6433888409,3.1838477633999998,29,206.0,8,1.0,1.0,0.5657946467,0.0019503945999999998,1.0,0.0027379267999999997,0.44444444439999997,0.0006324555,0.0006324555,0.0015811388,6,-0.9478364333,2.0704153130000003,0.37378500020000005,1.6023029891999998,-0.06896531830000001,4.7333333333,,,,,,,46,1.9133373883000002,-1.6080014509,0.57614781,13,1.2841653687999999,0.4823355088,1.7038649713,-0.1963540083,0.6666666667000001,0.9166666667,0.8333333333,0.8333333333,142.0,0.2,0.2,0.2,0.0,2.4828006899,0.4274370103,2.0310728934999998,-1.7396539844,0.47911547909999996,0.042180781900000006,4.147494115,0.2808010601,1.3085842322,-1.162466217,272.5,6.1,4.5,324.1666666667,3.5674499935000004,0.3222487901,1.0837656673,191.1666666667,237.6666666667,3.2883823063,0.337141807,1.4506614652,46.5,27.385520763899997,2.8589710812,0.3205430575,1.7929377597999998,-0.5723567780000001,5.5,6.0,7.0,4.0,4.0,49,-0.0998080626,-0.4474768801,1.4821805622,0.33101467970000004,1.6520461525,-0.7683992597,-0.5126992236,2.1,3.8888888889,1.7777777778,2.6,1949.3041666667002,15,7,2732.1666666667,1.0122824975,-0.0487901642,1.9,1.5454545455000002,1.75,1.3571428571000002,1.5,0.1857878768,0.1482208463
s027,2.6497305794,0.2515082615,1.5075330738,3.25,31.190476190500004,0.30000000000000004,630,24.444444444400002,0.4,410,-0.2724568237,-0.8490569428,4.0850860441000005,0.33050710180000004,2.2986764776,-0.8780627562000001,0.006058485000000001,0.1474404297,0.8502041015999999,4.1333333332999995,3.8214285714,4.9666666667,1.75,3.0,3.4,3.4285714286,43,4.9886785391,0.27099065699999997,1.6373072446999999,0.6666666667000001,0.1666666667,15.958333333299999,0.4875,2,-0.0295,-1.2083333333,12.041666666700001,0.1848506401,1.0,-0.0021463117,0.1062792115,1.0,1.4545454544999998,-0.16278408789999999,0.6051033190999999,8.3,7.1,1.851996704,0.4115193680000001,1.8837474562,-0.542444761,0.027777777799999997,1.1666666667,2.6666666667000003,1.1666666667,3.0,3.1666666667000003,5.5,4.0,6.5,4.6666666667,2.6666666667000003,1.0,3.0,2.0,2.3333333333,5.0,-0.0364138845,0.1463326447,0.2022392566,4.915656424100001,3.0307202217,0.0935281807,4.4562115770999995,72.2222222222,66.6666666667,48.148148148100006,4.0,7.0,4.0,3.125,3.125,2.8571428571,2.625,41,-0.8075379761,4.3503317988,26,162.0,6,1.1875,1.2666666667,0.6397562981,0.0015567866,0.7121877670000001,0.0018455326000000002,0.6111111111,0.1265219767,0.06403124240000001,0.158113883,4,-0.8423508773,2.0716162752000002,0.34586967100000005,2.1822750961,-0.2692884141,4.6666666667,232.6666666667,2.2080914061000003,0.1984646718,2.2005713217,-37.0,129.0,41,11.5278362609,-5.93406329,0.3198007084,10,1.6631050188999998,0.5593991527000001,1.8772698719999998,-0.25248246350000003,0.4166666667,0.33333333330000003,0.6666666667000001,0.75,108.0,0.4,0.2,0.6000000000000001,0.1,2.2691429953999998,0.3489760212,2.5430973138999997,-2.0974036791,0.5195121951,0.1228237996,2.6024167883,0.2873286666,1.4515217481,-0.4249738224,302.5,6.5,5.5,,,,,,,,,,,,2.6824647739,0.3026015093,2.0211776896,-1.0298355076999999,6.5,5.0,5.0,2.0,5.5,48,-0.5267752329000001,-0.4224215823,1.3888011481,0.2387864453,1.9458773137,-0.12388476039999999,0.1664379672,4.2,1.8888888889,2.3333333333,3.0666666667,1881.7376190476,15,6,2627.5,-0.7071919595999999,0.7695201593000001,2.2,2.0,2.0833333333,1.8571428571000002,2.3333333333,0.19946040620000002,0.3939701676
s028,0.6703394058000001,0.0288294536,1.8308010706,1.8,50.3157894737,0.3666666667,905,34.0,0.4666666667,503,-0.35138656549999997,-1.2977173120999999,3.7483588172,0.3394931094,1.9104884793999999,-1.5378518066999998,9.12436e-05,0.0016112366,0.0293183594,4.4666666667,3.75,4.4,3.0,2.5,3.0,3.1428571429,39,2.1682292167,0.2719056016,1.3233371872,0.33333333330000003,0.1666666667,30.0,7.077671782e-16,2,-6.071532166000001e-18,-1.0,28.8333333333,-0.08738012210000001,1.0,-0.0017288579000000002,-2.5185265911,1.0,1.7272727273,-0.0246950312,0.1521868492,8.3,7.1,2.0011127012,0.3806636014,1.9539170144999998,-0.947693828,0.1388888889,2.3333333333,3.3333333332999997,1.8333333333,2.5,3.8333333332999997,3.6666666667,4.1666666667,4.1666666667,3.8333333332999997,2.6666666667000003,2.5,2.1666666667,3.1666666667000003,3.0,4.8333333333,-1.1459924731,-0.36472270549999997,-0.378116377,2.8913738017000004,1.8901601766999998,0.14724040630000002,2.2552017166,66.6666666667,66.6666666667,51.851851851899994,5.1666666667,5.5,2.875,2.0,2.25,2.5714285714000003,3.75,49,-0.5402436899,4.8849203713,20,118.0,3,1.125,1.1333333333,0.8533126831000001,0.0022778014,1.0,0.0022514238,0.5833333333,0.06403124240000001,0.0256124969,0.0256124969,3,-0.7206047165,2.0928966387,0.45839442119999996,2.0293229693,-0.34618388380000004,3.2666666667000004,327.5,2.4891391267,0.29158977750000004,1.3876405805,21.0,77.5,45,33.045282276100004,-32.0621589797,0.4843217015,3,1.8562947278,0.5005260783000001,2.0733973378,-0.5108664621,0.33333333330000003,0.0,0.5833333333,0.4166666667,107.0,,0.9,0.8,0.7000000000000001,1.7395162238,0.06226997860000001,3.3684708267000003,-0.6034475709,0.4781491003,0.05814135810000001,3.2308582876,0.3181560055,1.3896539211,-1.1275897864,371.5,6.4,5.0,238.8333333333,5.546902659800001,0.3085565705,3.3590306045,290.3333333333,239.0,2.9777485831,0.3492224507,1.7222611456,-51.3333333333,46.074768704700006,3.7344570428,0.32421349050000003,2.3536495232,-0.6333174136999999,6.0,6.0,4.0,3.0,5.5,35,-0.07695970270000001,0.2133173622,1.5484878138999998,0.0558146395,3.0471796487000002,-0.3920767199,-0.48103289299999996,4.3,3.5555555556,2.6666666667000003,2.8,1892.8980952381,10,8,4842.9166666667,2.2959594180000003,-1.5040773968,2.0,2.0,2.5833333333,2.0714285714,2.6666666667000003,0.8843044641000001,0.4155161321
s029,1.0179087631000001,0.030508247599999996,1.5282286898000002,2.8,46.6666666667,0.4,800,27.3333333333,0.5,370,-0.5331510188,-1.5384035371,3.3292252864,0.3860839826,1.4039761516,0.27569117930000003,0.0003154146,0.0003020697,0.0024433594,6.2666666667,4.3214285714,5.3666666667000005,3.25,2.75,3.2,2.5714285714000003,26,3.7410890781,0.2581714954,1.4972834893,1.0,0.0,4.875,0.3458333333,3,-0.012166666699999999,-1.875,8.5833333333,0.5483451536999999,3.0,-0.0230661939,-2.9001182033,1.5,1.5454545455000002,0.0488498114,0.2329862402,5.5,5.1,2.0480442836000003,0.4428740782,1.6607320453999999,-0.0459442278,0.6388888889000001,2.1666666667,5.666666666699999,1.6666666666999999,4.8333333333,4.3333333333,5.0,5.0,6.0,4.8333333333,4.8333333333,2.8333333332999997,2.8333333332999997,1.3333333333,3.3333333332999997,2.8333333332999997,-2.8277458964999997,-1.846620439,0.1289098712,2.6726478429,1.7888070418000002,0.0781734129,1.6319026653000002,50.0,66.6666666667,33.3333333333,3.5,5.25,2.5,2.125,3.75,2.2857142857,1.75,37,-1.0820225484000001,2.8201893119,19,169.0,2,1.5625,1.9333333333000002,0.7112513065,0.0016293128,0.9984375,0.0022827959,0.5833333333,0.0100619225,0.009797959,0.0038729833,2,-0.7081594818000001,1.020189548,0.45973823979999995,1.7356368742,-0.398319033,2.7333333332999996,267.0,2.788881065,0.32226012589999997,1.2464919121,-9.0,-1.0,38,-5.5529828028,9.6152645245,0.4222806473,8,1.7309371352,0.4885146328,1.5595947253,-0.1169562631,0.25,0.75,0.4166666667,0.6666666667000001,78.5,0.8,0.6000000000000001,0.5,0.9,2.6851950094999997,0.3780456491,1.2403750748,-1.686372592,0.4009779951,0.0245660364,3.1367292512,0.2985287546,1.1247461448,-1.1745779693,305.0,6.5,4.6,314.3333333333,2.117221783,0.35444391159999994,1.0215033709,253.6666666667,283.6666666667,2.0345935307,0.35840120940000003,1.2555365895,30.0,17.9646532713,1.7538340337,0.36242605,1.5874986334,-1.2110472013,2.5,4.5,3.5,2.0,5.5,53,0.035799807100000004,0.1865682569,1.7125835918,0.37101137079999996,1.5611883147,-0.2518333064,-0.4605397986,4.4,2.7777777778,3.1111111111,3.1333333333,1423.7600559163,23,7,2496.25,3.5131664475,-1.1130010261,1.8,1.9090909091,3.25,2.7857142857,2.75,0.8146709535000001,0.2965616559
s032,1.3889579389,0.19055672329999998,1.0956450447,1.85,41.5185185185,0.1,1075,28.5333333333,0.5,398,0.0357545567,-0.39814186079999997,4.5582571047,0.3358716261,2.7565952954000004,-0.49782179579999997,0.0007426091,0.0018648987,0.0145810547,3.6,2.5357142857,3.6666666667,3.0,1.75,2.8,2.7142857143,53,6.300753285700001,0.2779215908,1.9703612465,0.5,0.1666666667,10.2916666667,0.07083333330000001,2,-0.0178333333,-6.291666666699999,8.75,0.0034749035000000003,1.0,0.0003243243,-2.7432432432,1.0,1.2727272726999999,-0.4972756911,0.6899647179999999,6.2,5.2,1.0214571951,0.36259054770000004,1.5854511529000002,1.2018602192,0.5,2.1666666667,3.0,1.0,1.8333333333,3.8333333332999997,5.3333333333,4.3333333333,6.0,6.166666666699999,3.5,1.0,3.1666666667000003,1.5,1.8333333333,3.8333333332999997,-4.0483572669,-0.2456194118,0.3298219498,4.6604910377,2.905147354,0.0476949877,2.1164635012,27.7777777778,33.3333333333,48.148148148100006,5.1666666667,5.25,4.0,3.125,3.125,4.0,3.125,43,-0.8893284576999999,4.1867508355,33,218.0,9,1.0,1.1333333333,0.6912605286,0.0017405017999999998,0.94556427,0.0026067086,0.5555555556,0.0015811388,0.0038729833,0.009797959,2,-1.6736044071,2.1701159932,0.3724416437,1.5907365537,0.029829002599999998,4.4,257.1666666667,2.8761717293999998,0.3132400929,1.2983429117,3.5,86.5,47,34.019661174,-26.539241408000002,0.4311000155,3,1.4634520193,0.4202562507,1.6377352706000001,-0.7265395986000001,1.0,1.0,1.0,1.0,144.0,0.0,0.0,0.4,0.30000000000000004,3.086292442,0.42128137299999996,1.8730341181999999,-3.4541085956,0.42105263159999995,0.0370879633,3.821500752,0.2955607688,1.3870928406999998,-1.7251117554,267.0,5.1,5.4,291.8333333333,3.9402291908,0.35013191730000004,1.3660927547,214.5,213.3333333333,3.9512104472,0.33968412159999994,2.1268187066,-1.1666666667,-1.6479661016999998,3.1681913476,0.3309199344,2.0087251794,-1.6508673722999998,6.0,7.0,7.0,3.0,4.5,26,0.26213788860000004,-0.7507348801,0.6475650299,0.1326181152,1.4201861733,-0.3353113761,0.6647926452,2.9,3.8888888889,1.8888888889,2.2666666667,2014.0083333332998,10,9,3385.75,0.032037165,1.086777831,1.0,1.2727272726999999,1.25,1.0714285714,1.5,0.5838859863,0.4500981789
s034,1.5230679658,0.2687744763,1.1947311887999998,2.35,30.434782608699997,0.23333333329999997,671,21.875,0.2,500,-0.31813680699999997,-0.6985890295,3.5047352932,0.37339611729999994,1.727111425,-0.6206495276,0.16550820260000002,0.1197749023,0.3893603516,2.5333333333000003,3.3571428571,3.9666666667,2.5,3.0,3.2,2.4285714286,52,5.406209806000001,0.2732819434,1.4459141431,0.5,0.33333333330000003,13.333333333299999,4.0245584639999997e-16,0,-0.0033333333,0.4166666667,19.9583333333,0.3116161616,3.0,-0.006797979799999999,-4.8838383838,1.0,1.7272727273,-0.2131730696,0.7022115203,7.3,5.9,2.5747244842,0.3536732982,1.8702278155,-0.7853625791000001,0.027777777799999997,1.5,2.0,1.0,1.8333333333,4.1666666667,6.166666666699999,6.833333333300001,4.5,3.6666666667,2.3333333333,2.1666666667,1.0,2.8333333332999997,3.3333333332999997,5.1666666667,-4.73247405,-1.4399036538999999,0.48744418659999994,4.3452465641,2.4262248946000002,0.1351598155,1.4964509631,61.111111111099994,33.3333333333,59.2592592593,5.3333333333,4.0,4.25,4.375,4.625,3.7142857143,2.125,47,-0.7017421781000001,4.5619233948,30,175.0,10,1.0625,1.7333333333,0.8817337036,0.0019487654,0.8925781250000001,0.0014959381,0.6666666667000001,0.158113883,0.25,0.158113883,2,-0.6047774201,1.3674443286000002,0.3377861397,1.8758805722999998,-0.7047350255,4.6666666667,438.3333333333,2.570990187,0.2890963843,1.3645546556,-4.0,74.0,45,,,0.5661983774,10,1.7885549206,0.40468450409999995,1.6954130382,-0.2977725069,0.5833333333,0.25,,0.8333333333,124.0,0.4,0.7000000000000001,0.7000000000000001,0.8,3.1923337428,0.3604596751,1.2415888109,-1.7923113683,0.4060913706,0.063498685,3.9018332881,0.239661971,1.6059813461,-1.0683835325,263.0,5.8,6.2,,,,,259.5,283.3333333333,2.9352535220999996,0.3185693222,1.5682758732000002,23.8333333333,13.7284114353,1.8821353489,0.28097666460000004,1.7941218835,-1.2579868194,7.0,5.0,7.0,3.5,5.0,45,-0.6448748227000001,0.0990245998,1.341061845,0.30795141579999996,1.5250956,-0.44660381579999997,-1.2535245528,1.9,2.8888888889,1.4444444444,3.2,1730.1296296296,12,9,2924.3333333333003,0.5792714050000001,-0.1466034742,1.6,2.2727272727,1.4166666666999999,1.2857142857,3.0,0.1633008377,0.2327784336
s042,0.8057471277,0.228242445,1.7467022495000002,1.9,40.1111111111,0.4,670,21.85,0.33333333330000003,412,-0.2449451822,-0.6225112326000001,4.1073142153,0.34356195700000003,2.6546375513,-0.8630939276,2.26777e-05,0.0004749298,0.0027861328000000005,4.0,3.1428571429,4.4333333333,2.0,2.5,3.0,3.2857142857,39,4.4855013664,0.2466434081,1.5226750587,1.0,0.0,18.2916666667,0.0208333333,2,-0.0061666667,-2.2083333333,16.4166666667,-0.009904534599999999,1.0,-0.0048591885,-2.9868735083999995,1.0,1.0,-0.0567950914,0.8901018633000001,6.8,4.5,1.7018995634,0.4670381654,1.6119215916999998,-1.3634262167,0.6388888889000001,2.1666666667,2.8333333332999997,1.1666666667,3.1666666667000003,4.6666666667,4.8333333333,3.8333333332999997,5.833333333300001,3.3333333332999997,3.1666666667000003,1.5,1.1666666667,1.5,1.6666666666999999,4.0,-2.7109721788999996,0.14510757970000002,0.33223158610000003,4.6556717651,2.2667438138,0.0222548794,2.3902779784,11.1111111111,11.1111111111,18.5185185185,5.0,5.5,3.625,3.25,3.0,3.2857142857,3.625,46,-0.9575666758,4.0502743994,26,212.0,4,1.0625,1.2666666667,0.6439033507999999,0.0015689726,0.9070724487,0.0023141029,0.6111111111,0.0006324555,0.0015811388,0.0015811388,3,-1.3277096334,1.6608597727,0.413912091,1.633614345,-0.4582307771,4.8,363.8333333333,2.7721648583999996,0.3157496973,1.2061179723,39.5,88.0,45,-6.065199187899999,11.8336608023,0.6039502739,15,1.5926331191,0.5203324795000001,1.5073824018000002,-1.0843090825,0.75,0.6666666667000001,1.0,0.8333333333,116.0,0.1,0.6000000000000001,0.8,0.30000000000000004,3.1985616654,0.38646413079999997,1.8373202009,-1.422151021,0.5012285012000001,0.08628795800000001,3.4263340161,0.3545665806,1.2495845476,-1.5486389002,314.0,6.3,4.8,325.6666666667,3.6126826059,0.3238054114,1.6349862605,286.0,357.6666666667,2.8320059038,0.3142412328,1.4188177774,71.6666666667,33.7755555556,2.9347234048,0.3979701224,2.0361559481,-1.183993662,6.0,4.5,5.0,3.0,4.0,42,-0.7161821267,-0.059144016900000006,2.0570129638,0.3283335511,1.4521410125,0.3515743277,-0.38797573329999996,3.2,3.8888888889,2.3333333333,2.3333333333,1504.4027777777999,21,7,2478.25,3.4332042276,-1.4903382209,2.1,1.5454545455000002,2.0,1.1428571429,2.3333333333,0.8596626666,0.1813954842
s047,0.6847235268999999,0.25001811490000003,1.5786848882,1.45,40.5909090909,0.2666666667,852,25.5,0.2666666667,538,-0.1933256771,-1.9541244154,3.4304218932999997,0.3916468495,1.2814072639,-0.8167594509,0.0003593296,0.0009210128999999999,0.1093574219,3.0666666667,2.3928571429,3.0666666667,3.0,3.0,3.6,1.8571428571000002,57,2.2091201563,0.2195479941,1.4858655709000002,0.1666666667,0.33333333330000003,6.875,0.07083333330000001,1,-0.0035,-1.9583333333,21.1666666667,0.183891547,2.0,-0.0011797676,-4.7304625199,1.0,1.4545454544999998,0.4101604495,0.592538448,8.3,7.0,1.8941081296,0.3609008017,1.9438854947,-0.5166165779,0.055555555599999994,1.5,2.3333333333,1.1666666667,5.5,4.3333333333,4.8333333333,4.5,3.8333333332999997,2.1666666667,2.1666666667,1.6666666666999999,2.5,2.5,5.833333333300001,5.666666666699999,-2.0265203518,-0.7928907997,-0.5769915314999999,2.8372255301,2.2184945306,0.2313548012,1.5006562562999999,5.5555555556,0.0,3.7037037037,5.1666666667,2.75,4.875,4.75,4.375,3.1428571429,2.75,48,-1.2083775268,3.5486526974,40,207.0,4,1.0625,1.6666666666999999,0.5952996135,0.0008040667999999999,0.998828125,0.0016765831,0.7222222222,0.0250474647,0.009797959,0.0256124969,3,-1.3124425743,1.6532094836000002,0.36152565770000006,1.8086905034,-0.1221664406,5.666666666699999,293.0,2.4357100354,0.29391849719999996,1.8349320321,16.5,255.5,42,16.3366716618,-14.1879178996,0.3373905766,14,1.4736862337999999,0.5422446231,1.5511781782,-0.8121063163000001,0.8333333333,0.5,0.9166666667,1.0,145.0,0.30000000000000004,0.4,0.7000000000000001,1.0,2.9483126318,0.4398250785,1.6413944222,-0.9492412981999999,0.5894206549000001,0.0193283181,2.3817865885,0.26533873269999997,1.1009670576000001,-0.78256897,340.0,7.2,5.8,287.3333333333,2.7459215716000003,0.2921999963,2.190760342,247.8333333333,254.0,1.610180116,0.08583263220000001,2.1495991171,6.166666666699999,16.8400171695,1.9261901956,0.3755096035,1.4726192365000002,-1.9195644852,6.5,7.0,6.5,6.5,6.0,25,-0.15369969090000002,-0.8033916219,1.3229089943999999,0.2609363031,1.8824345468,-0.4700972807,0.41226190869999996,2.4,3.6666666667,2.1111111111,3.2666666667000004,2049.6060606061,-3,11,4247.8333333333,1.9061698204,-0.6931471806,1.2,1.9090909091,1.0833333333,1.2857142857,3.5,0.8139128764,0.3856622834
s049,0.9049315994,0.0431809133,1.495362127,1.7000000000000002,38.875,0.2,883,22.2222222222,0.4,385,-0.6290718293,-0.9707214177,3.561249633,0.3067993248,1.6024256556999998,-1.0099532681999999,0.0008616114,0.3054902344,0.0370634766,3.4666666667,3.1071428571,4.6666666667,2.0,2.5,3.4,2.5714285714000003,53,4.3325117843,0.2549792884,1.6715595527,0.5,0.33333333330000003,21.6666666667,5.551115123e-16,1,1.344410694e-17,-3.3333333332999997,23.0833333333,-0.07124373960000001,1.0,0.0022971619,-3.333263773,1.0833333333,1.3636363636000002,0.1363329584,0.27412823399999997,7.5,5.7,1.5908765884,0.3751542663,1.8252218394,-0.7047888642,0.0,2.0,4.1666666667,1.0,1.5,2.8333333332999997,5.3333333333,5.0,4.6666666667,3.8333333332999997,1.6666666666999999,1.3333333333,2.5,1.5,2.6666666667000003,3.8333333332999997,0.2969834645,-0.8161841462,-1.0603388242,2.4352990176,1.7471124737,0.234410084,1.5272715378,61.111111111099994,33.3333333333,33.3333333333,4.8333333333,3.5,3.875,3.375,3.375,3.1428571429,2.25,42,-0.8903224109000001,3.6777149035,29,182.0,4,1.0,1.2666666667,0.8771240235000001,0.0021191442,0.9288574219,0.0018760754999999998,0.6388888889000001,0.1265219767,0.06403124240000001,0.06403124240000001,3,0.0941504192,1.6605976821,0.3615455154,2.0051690147,0.0391773277,4.6666666667,231.0,2.9016059326,0.30899863559999996,1.7722190941999998,3.5,139.0,45,,,0.4807701873,6,1.0962308214,0.3742500146,2.2066131803,-0.48976264259999996,0.8333333333,0.75,0.5833333333,0.75,125.0,0.1,0.2,0.5,0.5,3.5920864729,0.4103696222,2.3574030602,-1.7736272708,0.42997543,0.0608052806,3.0901328645999997,0.2686357494,0.9721515166,-2.1963499016,307.5,4.4,4.4,241.1666666667,2.7745432486,0.444136241,1.6212297122,231.1666666667,247.5,2.3360667891999998,0.2049067321,1.9504165082,16.3333333333,59.142814485,2.493172263,0.3244172851,2.0649007537,-0.0312852687,6.5,6.5,6.5,4.5,5.0,43,-0.20016853699999998,-0.9237330078,1.9636560277000001,0.3052507284,1.7416926711,0.0171798459,0.083072424,2.7,3.5555555556,2.7777777778,2.8666666667,2524.5285714285997,1,4,7185.9090909091,-0.9175154718,0.3343691864,1.9,1.5454545455000002,2.0,1.5714285713999998,1.75,0.7240277894,0.5724588484
s056,0.46698992619999996,0.23465437670000003,0.9527638622,1.4,33.8823529412,0.43333333329999996,550,33.3333333333,0.4,560,-0.2809201321,-1.5565790690999999,3.1493654610000004,0.3756625466,2.0357500717,-0.4937294096,0.001032212,0.0015562592000000002,0.0128251953,3.0666666667,3.3928571429,2.4,2.0,1.5,3.4,3.7142857143,61,3.9920953043,0.2769969544,1.3260831948,0.5,0.33333333330000003,6.958333333300001,0.1791666667,3,-0.0081666667,-1.375,6.958333333300001,0.11404448939999999,3.0,-0.007761779599999999,-1.7861476238999998,1.0,1.1818181818,0.6921011557,-0.1746813334,9.1,4.2,2.5993494071,0.4701016324,1.7985144939,-0.4166605224,0.1388888889,1.3333333333,3.1666666667000003,1.0,3.6666666667,5.0,4.5,5.5,5.833333333300001,4.0,2.1666666667,1.3333333333,2.6666666667000003,2.1666666667,2.8333333332999997,4.0,-0.9050069237,5.8210915651,0.4847229195,4.3506890982,2.2475433611,0.2376736073,1.3280120098,44.4444444444,0.0,7.4074074074,6.833333333300001,6.25,4.625,4.125,3.125,3.7142857143,4.125,35,-1.1195720593,3.7262636324,38,168.0,3,1.0,1.4666666667,0.7169906615999999,0.0008441752,0.8781661987,0.0012184429,0.5833333333,0.009797959,0.0256124969,0.06403124240000001,4,-1.0487935418,1.7738512745,0.3749835078,1.388198831,-1.0359575344,5.0666666667,366.6666666667,2.5007341788,0.3068255219,1.8017769781,-2.0,198.0,48,,,0.5414815306,9,1.4063391125,0.4834757307,1.7993389737999999,-0.6112964166,0.5833333333,0.8333333333,0.75,0.9166666667,142.0,0.2,0.2,0.4,0.4,2.5008349563,0.4591437599,1.6587241162000002,-1.6641320597,0.3234567901,-0.0036786456,2.5541939673,0.2859481881,1.1433412849,-2.0516913091999998,307.0,5.3,4.3,308.1666666667,4.5879706542,0.3641525231,3.0889991560000003,313.3333333333,320.1666666667,3.4089136091000003,0.33431662970000003,2.5328336877,6.833333333300001,51.3670115196,2.2152759555,0.35500856369999995,1.6742051894999999,-1.2655981648,6.5,7.0,6.0,1.0,2.0,29,-0.4206282095,-0.29213825449999997,1.042375972,0.3628955521,1.3405278543,0.15998335900000002,-0.0645348916,4.6,3.6666666667,1.8888888889,2.0,4679.1944444444,-6,4,5254.8333333333,-1.7934291975,3.7883133511,1.1,1.0,1.25,1.0,2.25,0.6312365674,0.6286651945
s060,1.636896348,0.3696161207,1.4795705234999998,2.8,46.1904761905,0.30000000000000004,940,27.631578947399998,0.3666666667,500,-0.5986790715,-1.0011874542,3.7121123175,0.38145899590000004,1.7702518976,-1.1849515567,0.0037554623,0.0092284851,0.0059375,2.7333333332999996,3.6071428571,3.7333333332999996,2.25,2.5,3.4,3.4285714286,46,5.1620141518,0.2993396421,1.2086464264,0.8333333333,0.1666666667,3.4166666667000003,0.008333333299999999,2,-0.0043333333000000005,-2.5,4.5833333333,0.028429181100000006,2.0,-0.005148547000000001,-2.9857752489,1.0,1.0,-0.027762889300000003,0.7041259941,9.8,8.9,2.6918322398,0.4555254899,1.6661427793,-0.1671938375,0.30555555560000003,3.8333333332999997,4.1666666667,2.6666666667000003,2.3333333333,4.0,4.3333333333,4.5,5.0,6.166666666699999,3.5,1.8333333333,2.8333333332999997,1.6666666666999999,1.1666666667,4.0,-3.3576061993,0.3639896783,0.1932209246,4.933693088,3.3508500375,0.23983928059999998,1.9254563484,66.6666666667,33.3333333333,33.3333333333,5.3333333333,4.25,3.25,3.875,3.125,3.5714285714000003,3.625,50,-0.9575666758,4.0502743994,26,227.0,8,1.0,1.0,0.9780029297,0.000738817,1.0,0.0012268222,0.8333333333,0.009797959,0.009797959,0.0250474647,2,-0.6014152730000001,1.9240220149,0.39334448619999995,1.7577020746,-0.5516386134000001,4.2666666667,400.5,2.8795157375,0.371928546,1.1845853929999999,19.0,9.0,47,19.9986676913,-10.1594243612,0.4313404862,17,2.2589768357,0.5520834300999999,1.2781970597,-0.2620203027,1.0,0.9166666667,1.0,1.0,128.0,0.0,0.0,0.4,0.0,3.4239040172000004,0.4169250017,1.3855252684000001,-2.1855779562,0.5243902439,0.055677713399999995,3.4759385554000004,0.3241904796,1.534463441,-0.8736531048,311.5,7.7,7.0,347.3333333333,4.5418559978,0.3725189984,1.5528893787,257.8333333333,259.3333333333,4.4961858718,0.3878193702,1.8011974463,1.5,37.8985939908,3.5766097547,0.35817041829999996,1.3471035391,-0.9322527401999999,5.5,7.0,6.0,2.0,4.0,48,-0.5882259539,-0.4877827950000001,1.9511014691,0.38480523969999997,1.5075479412000001,-0.5637631431,0.34327583110000004,2.9,3.8888888889,2.1111111111,2.0,1940.3598484848,5,10,4188.5833333333,3.6897411517000003,-1.6025174696000002,1.7000000000000002,1.1818181818,1.8333333333,1.0714285714,1.0833333333,0.2211084132,0.186558449
s062,1.0540972133,0.2906408995,1.4600142022999998,1.85,27.68,0.1666666667,659,27.0,0.33333333330000003,534,-0.13971695380000002,-0.3861716078,2.8941386229000003,0.1360531595,3.4712556683,-0.2381372147,0.0008358361,0.0012967911,0.0039726563,2.7333333332999996,2.3928571429,2.5333333333000003,3.0,1.25,3.2,4.0,57,2.5436297137,0.24243424940000002,1.6319641136,1.0,0.0,5.0416666667,0.1125,3,-0.0055000000000000005,-3.2083333332999997,4.2916666667,0.0437513421,3.0,-0.001972944,-0.8563452867,1.0833333333,1.1818181818,0.0113237105,0.8841008293000001,7.9,10.2,1.7339969543,0.4687073562,2.0738184027,-0.3798662592,0.2777777778,1.8333333333,3.8333333332999997,1.3333333333,1.0,2.8333333332999997,4.6666666667,5.1666666667,6.0,6.333333333300001,4.3333333333,1.8333333333,2.5,2.3333333333,1.0,3.0,-2.206013472,-1.6393175033,0.1910395678,4.9380558016,3.1557776936,0.3572999046,2.0917037227,55.5555555556,66.6666666667,22.2222222222,3.3333333332999997,6.5,4.125,4.25,3.0,3.1428571429,4.25,44,-1.1652624446,3.6348828618,36,232.0,9,1.0625,1.0,0.6622526646,0.0005414485,0.98203125,0.0006970711,0.5833333333,0.0038729833,0.009797959,0.0038729833,3,-0.9096343476,1.7436725474,0.4253808728,2.0755740450999998,-0.0470096134,4.9333333333,266.3333333333,3.1500618601999997,0.34269961340000005,1.2463810412,33.0,-14.5,47,10.2295124979,-5.6417189698,0.4283792204,11,0.5602933107,0.5832935567,1.8666240303,-0.2041027479,0.6666666667000001,,,,116.0,0.1,0.2,0.2,0.0,3.1270915572000004,0.3935697671,1.8613318257,-2.5509385397,0.4729064039,0.0546069472,3.0150633267,0.28701201130000004,1.3549977094,-0.1958379904,383.0,5.2,4.7,282.5,3.4994762464,0.042946116799999996,3.5338397214999997,254.8333333333,224.0,2.4632473053,0.355806369,1.2462902531,-30.8333333333,57.1224079359,2.5519961722,0.3701652090000001,2.2812017944,-1.2614465835,7.0,7.0,4.0,3.0,6.0,37,-0.6846112704,-0.083941123,1.2004525342,0.0918970582,2.2455907586,-0.2732048978,0.0520917966,4.5,4.2222222222,3.4444444444,2.0,3714.2604166666997,5,4,4417.75,-0.5867177177,3.4965075614999996,1.5,1.0909090909,1.75,1.0714285714,1.0833333333,0.15076885110000002,0.3612157953
s063,2.0649726208000003,0.30781587050000003,1.1640195585,3.25,35.5217391304,0.23333333329999997,779,35.2941176471,0.43333333329999996,574,-1.0036164695,-0.19068615809999998,5.300714602799999,0.4196703053,2.0898571445,-0.7396376127000001,0.0398581514,0.0339606934,0.1528984375,4.8,3.8928571429,4.9,2.25,3.0,3.2,2.8571428571,36,6.107189732999999,0.2895723282,1.6413499652,0.1666666667,0.33333333330000003,15.166666666700001,0.1333333333,2,-0.0026666666999999996,-3.1666666667000003,11.166666666700001,-0.0321558944,1.0,-0.0016212154,-3.7198840455,1.0833333333,1.8181818182,-0.2312044686,0.7315660081,9.7,8.7,2.1166600028,0.4187771363,1.9807216766999998,-0.4341670981,0.0,2.1666666667,3.3333333332999997,1.8333333333,2.6666666667000003,5.3333333333,5.0,4.6666666667,5.833333333300001,5.3333333333,2.8333333332999997,3.0,2.8333333332999997,2.6666666667000003,2.5,5.1666666667,-2.5864478713,0.3169276516,0.0,5.320134937200001,2.2763052696,0.0179114185,2.2202743066,38.8888888889,44.4444444444,40.740740740700005,5.0,3.5,3.125,3.0,3.25,3.2857142857,4.0,45,-0.7020170633,2.8911536404000002,26,220.0,7,1.25,1.4666666667,0.6812107086,0.0011611484,0.8674608231000001,0.0011635514,0.6111111111,0.06403124240000001,0.06403124240000001,0.158113883,2,-1.2418460635,1.8039845447999998,0.5289866716,1.9248515377000002,0.0765216834,3.6666666667,347.5,3.5413185613,0.3286573094,1.5320357065,14.5,2.0,40,-2.3742703251,3.7818394347,0.4888324247000001,5,1.9357651894999999,0.41938558049999997,1.9809569419,-0.435054837,0.4166666667,0.4166666667,0.33333333330000003,0.4166666667,117.0,0.4,0.5,0.8,0.1,2.5252960336,0.4087083943,1.4678175427000002,-1.1747860685,0.4362745098,0.027609712400000003,2.6943541974,0.2808995529,1.1143966629000002,-0.9538360677,335.5,6.2,5.0,342.3333333333,3.2084843592000003,0.4144404121,1.2256906145,288.1666666667,321.0,3.3628149145,0.3681141249,1.425117246,32.8333333333,22.0254161044,3.5603143792000003,0.3433271143,1.8602308845,-0.7220475998999999,7.0,4.0,3.0,4.0,5.5,32,-0.0119485132,-0.09959853939999999,1.5846545534999998,0.33758589619999996,1.5512985321,-0.0609799868,0.2714966367,2.9,3.0,3.6666666667,3.6,2115.5138888889,0,12,5250.6666666667,-1.0965513428,0.8705547226000001,2.0,2.0909090909,2.3333333333,2.1428571429,2.0833333333,0.2140035744,0.2998939556
s065,0.6491997792,0.0209521118,1.68221256,1.55,38.4444444444,0.1,1000,17.8,0.33333333330000003,318,-0.5987500711,-1.2898546479000002,2.5837507072,0.3221052895,2.0766746227,-0.4853218495,6.64845e-05,3.9677999999999995e-06,0.0038925781,4.3333333333,3.9285714286,4.8666666667000005,2.0,2.25,4.0,3.8571428571,27,2.5383645926,0.2099681679,1.743329261,1.0,0.0,10.5416666667,-0.07083333330000001,1,-0.0028333333,-4.2083333333,8.75,0.0655860349,1.0,-0.0016242727,-5.0727348296,1.3333333333,1.2727272726999999,-0.0135866224,0.4984835444,6.6,5.6,0.4922135446,0.0405795369,2.1925488293,-0.035607424400000004,0.0,3.8333333332999997,4.8333333333,1.3333333333,4.5,3.8333333332999997,4.5,5.3333333333,5.5,5.3333333333,3.0,1.5,1.0,1.8333333333,1.3333333333,4.0,-1.8872580906,0.0862377285,0.8463229512999999,3.6274890347000004,1.1207723478,0.1778225539,1.7996380923,27.7777777778,100.0,37.037037037,4.6666666667,2.0,1.875,3.375,2.375,3.1428571429,3.125,58,-1.2989724053,2.0912506043,15,111.0,10,1.5625,1.2666666667,0.7056082725,0.0023534206,0.6159029007,0.0019315088,0.6388888889000001,0.009797959,0.06403124240000001,0.0256124969,1,-1.1296500163,1.1990849640999999,0.3057571962,1.7520841637,-0.7197130474,2.1333333333,287.8333333333,1.1110349177,0.16981828149999997,1.426302121,-38.0,31.0,38,,,0.3348619968,4,0.6379406699,0.47964013369999997,2.2719305617,0.0846080738,0.75,0.1666666667,,0.33333333330000003,73.0,0.1,0.5,0.8,0.5,1.7730350615000001,0.3768964372,1.7800565259,-1.2961426273999999,0.4202531646,-0.0142098881,2.3696417846,0.2851083219,1.4577187663999998,-0.6573809184,285.5,7.4,7.3,,,,,275.1666666667,320.3333333333,1.1455839767,0.2184591887,1.3131785597,45.1666666667,-11.6912216083,1.0910620078,0.34532896300000004,1.7305580724,-1.4430741988,4.5,5.0,2.5,2.0,4.0,40,,,,,,,,4.0,3.4444444444,2.4444444444,2.9333333333,1512.2,27,5,1500.0833333332998,,,3.3,2.1818181818,3.4166666667000003,2.7857142857,1.75,0.4214680764,0.48495096439999996
s066,0.7272626696000001,0.200224256,1.4038000053,1.7000000000000002,31.3636363636,0.2666666667,660,21.8571428571,0.30000000000000004,443,0.2285168178,-0.6693760270000001,4.194066143,0.3738765404,2.2525423547,-0.7465630188,3.55155e-05,3.71547e-05,0.0557041016,2.6666666667000003,2.9642857143,2.9333333333,3.5,2.5,3.8,3.1428571429,48,2.7440415289,0.2539640811,1.7451635828,0.0,0.8333333333,8.4166666667,0.033333333300000004,1,0.0003333333,-1.3333333333,7.875,0.0949570815,2.0,-0.0053716738,-3.4667381974,1.0833333333,1.0909090909,-0.35858785670000004,0.724714163,7.6,5.3,1.8638080489,0.4657427016,2.7049284474,-0.6503459511,0.19444444440000003,1.6666666666999999,3.1666666667000003,1.6666666666999999,2.0,5.5,5.1666666667,5.833333333300001,5.833333333300001,6.166666666699999,2.0,2.3333333333,2.5,2.0,1.0,5.0,-0.2449733551,-0.7207958070999999,-0.5542288687,2.8827508555000003,2.202837374,0.2719500869,1.6521242044000002,77.7777777778,22.2222222222,55.5555555556,6.333333333300001,3.0,5.0,4.5,3.75,3.2857142857,3.375,53,-0.9575666758,4.0502743994,32,125.0,8,1.0,1.0,0.6908766270000001,0.0009390258,0.7303400040000001,0.0010499531,0.6111111111,0.0256124969,0.009797959,0.009797959,2,-0.5541469382,1.8241942624,0.3775315906,2.2939362006,-0.432910206,5.0,353.6666666667,2.9391565626,0.4143900469,1.276994237,45.0,51.5,47,-8.0451334885,13.7161553444,0.6420575256000001,7,1.4139716805000002,0.6052860654000001,2.1119036924000003,-0.24452635900000005,0.9166666667,0.8333333333,0.75,0.8333333333,140.0,0.1,0.4,0.5,0.0,3.0642330887,0.45522053,1.7326532925,-2.490454043,0.5644329897,0.0241326768,2.9793295276999996,0.26448981579999997,2.0420572231,-0.3228763595,424.0,5.3,5.0,331.3333333333,3.2532549521,0.3208593775,1.7495664298,395.3333333333,316.8333333333,2.5585257259,0.1815603172,2.6935248939000003,-78.5,15.6900163918,2.2821552863999996,0.31566308400000004,2.828932357,-1.2843919411,7.0,6.0,7.0,4.0,5.5,56,0.038246558199999996,-0.0029880639000000003,0.7756650165000001,0.0384124569,2.1996797987,-0.4817557956,-0.2529882713,2.2,3.7777777778,1.8888888889,2.8,2316.1203703704,11,7,3143.0,0.2143826978,-0.5753641449,1.0,1.0909090909,2.3333333333,1.2142857143,1.4166666666999999,0.8393306151000001,0.14297887080000002
s071,0.6921918673,0.0461685437,1.9904290397,1.75,37.8636363636,0.2666666667,767,18.705882352899998,0.43333333329999996,302,-0.7852882570999999,-1.4599390594,2.759354913,0.4150553474,1.5398705701000002,-0.2798508323,0.0010663137,0.0115317993,0.033631835900000004,3.6666666667,4.2857142857,4.0,2.75,2.75,3.4,2.0,45,3.6143848316000002,0.2159111628,2.2061695093,0.33333333330000003,0.5,12.958333333299999,0.1875,3,-0.019166666699999998,-1.2916666667,5.416666666699999,0.0196808511,1.0,-0.010212766,0.3031914894,1.1666666667,1.9090909091,-0.32875019310000003,0.36165611,6.8,6.0,1.1550660088,0.2880197934,2.1466110372,-0.6857325711000001,0.19444444440000003,1.6666666666999999,3.8333333332999997,1.5,4.6666666667,4.5,4.6666666667,3.5,4.8333333333,3.5,2.3333333333,1.1666666667,3.6666666667,1.1666666667,3.1666666667000003,5.0,-0.6206561725,-0.6822577602000001,-0.9342144304,3.4517060764,1.9172899303,0.1318512379,2.2068048400999998,83.3333333333,33.3333333333,37.037037037,6.0,2.0,4.75,4.25,4.125,4.0,3.125,46,-0.8005189753,3.0881574643,30,124.0,7,1.0,1.4666666667,0.6083211422,0.0010713031,0.7305832386000001,0.0014346767000000002,0.1388888889,0.0256124969,0.009797959,0.06403124240000001,2,-0.5292261087,1.6302362205,0.0727788989,3.1312448951,0.1216875421,4.6666666667,323.5,3.2592830160000004,0.42995880420000004,1.8963437514,-11.0,87.0,47,5.2836560741000005,-3.3827066493,0.5839623781000001,7,0.5571577735000001,0.028970227400000003,2.2966442052000002,-0.38713545880000005,0.5833333333,0.8333333333,1.0,0.8333333333,127.0,0.1,0.30000000000000004,0.5,0.7000000000000001,2.174430712,0.4742914915,1.8273155684,-1.691835447,0.5075000000000001,0.0327238744,2.9032084975,0.29285704230000004,2.1134658228,-0.42758943299999996,432.0,5.1,6.0,317.0,2.2793852459,0.4313610543,1.8677081448,295.6666666667,313.5,2.3032619675,0.3557187154,1.6149822896000001,17.8333333333,34.767993714,2.9463091185000003,0.4666106571,3.137688788,-0.2016497885,6.0,6.0,6.0,4.0,6.0,33,,,,,,,,2.4,4.1111111111000005,2.2222222222,2.8,2459.6407407407,2,7,4432.6666666667,-0.6555511631000001,0.8726156684,1.7000000000000002,1.9090909091,1.75,1.1428571429,2.5,0.4051994534,0.2617705316
s077,0.7931742083000001,0.29406863780000003,1.3688181712,1.3,28.217391304299998,0.23333333329999997,628,15.1904761905,0.30000000000000004,303,-0.9693184255,-1.0379096158,4.2335830606,0.39306373079999996,3.2633690552999997,-0.32718471,4.6084e-06,8.1167e-06,0.14716210940000002,2.4,3.0357142857,4.0,1.75,2.25,2.6,2.1428571429,60,1.374163838,0.027649962599999998,2.1880242109,0.1666666667,0.1666666667,7.791666666699999,0.08750000000000001,0,-0.0008333333,-0.875,9.9166666667,0.3037593985,2.0,-0.005804511300000001,-3.8872180451,1.0,1.5454545455000002,-0.0050638485,0.3632760898,7.9,6.8,1.2239621098,0.4929442889,1.9542812962,-0.8831243029000001,0.027777777799999997,1.1666666667,2.8333333332999997,1.5,2.0,4.1666666667,4.8333333333,3.6666666667,4.8333333333,4.3333333333,2.0,1.5,3.8333333332999997,3.6666666667,3.3333333332999997,6.666666666699999,-1.2244071269,-0.8304354060000001,-0.5493119221,2.8729169622,2.0238939643,0.338377081,1.8321819875999998,22.2222222222,0.0,7.4074074074,4.3333333333,4.25,4.875,3.875,4.75,2.4285714286,1.5,55,-0.5841267693000001,2.8514960057999996,26,134.0,9,1.0,1.2666666667,0.6226371526000001,0.0013821126999999998,0.7138161181999999,0.0015205993,0.33333333330000003,0.009797959,0.009797959,0.0256124969,2,-0.1231864117,1.4341770932,0.5287617037,2.1504079021,-0.014629606399999998,5.533333333300001,,,,,,,45,,,0.7868205370999999,2,0.9175482166,0.6835386493000001,2.0534037723,0.1509456437,0.5833333333,0.8333333333,,0.75,122.0,,0.30000000000000004,0.6000000000000001,0.4,2.0109992386,0.5475069046000001,1.6344500249,-0.1977477303,0.4476439791,0.07596122179999999,2.6214026895,0.3609220589,1.9939578754,-0.5230304661,361.0,4.9,5.1,199.1666666667,2.001038921,0.26635027149999996,2.0632704101,322.3333333333,282.1666666667,2.0946883112,0.35532101039999997,1.5963855169,-40.1666666667,21.0164912478,2.8480678135,0.44430432840000006,2.0395483228,-1.2487845815,5.0,6.0,7.0,4.0,6.0,34,-0.04940448769999999,-0.17250755950000002,0.7995495190999999,0.4149853047,1.3724702637000001,0.4956205842,0.0661165794,2.4,3.6666666667,1.8888888889,2.6,4874.5,-14,2,6252.6363636364,-0.6061358036,0.7160314743999999,2.0,2.2727272727,1.4166666666999999,1.0714285714,1.75,0.6059252931,0.34337167979999994
s081,0.623177336,0.0270616952,1.6712318812,1.45,18.2608695652,0.23333333329999997,408,21.4,0.1666666667,530,-0.35111696880000004,-0.32961469320000003,3.7960947304,0.41069140159999995,2.170530734,-0.7636696608,0.001241744,0.0058422546,0.0915644531,3.5333333333,2.6428571429,3.5333333333,2.25,1.5,3.8,3.5714285714000003,49,4.596298221600001,0.2236665511,2.5370425514,0.1666666667,0.6666666667000001,18.4583333333,0.1541666667,2,-0.0005,-4.4583333333,13.333333333299999,-0.1423953135,2.0,-0.0008466045,-2.7019960945999997,1.0,1.0909090909,-0.3502645151,0.6167339036999999,8.4,7.1,2.1448822869,0.31764592059999996,2.3130026238,-0.0033215553999999996,0.1666666667,1.6666666666999999,1.6666666666999999,1.0,2.0,4.6666666667,4.8333333333,6.666666666699999,5.833333333300001,4.0,2.3333333333,1.5,1.0,1.0,1.3333333333,4.5,-3.55009748,-1.5598141800999998,0.1910395678,4.9380558016,2.8418586657,0.06632797559999999,2.8846113656,27.7777777778,88.8888888889,48.148148148100006,5.1666666667,4.5,4.75,4.875,4.125,2.7142857143,2.625,53,-0.7625664513,3.9332268227,23,161.0,5,1.0,1.0,0.6649107456000001,0.0012160744999999999,0.6968201159999999,0.0009730052,0.7222222222,0.0015811388,0.06403124240000001,0.0256124969,4,-0.8755982642000001,1.7113212793,0.3860515079,2.1511473586000003,-0.4619218089,5.2666666667,275.6666666667,3.4542556686,0.1962546443,2.4331220721,30.5,142.5,48,30.6826401715,-28.1276610182,0.5669489555,15,1.6497680377000001,0.4138657078,2.1993370408,-0.2134125415,0.25,0.5,1.0,0.25,120.0,0.1,0.2,0.5,0.2,3.7729154842000003,0.3693705553,2.9830904792000004,-1.6098297329,0.34256926950000005,0.0339539565,2.7717311669,0.2946620321,1.3923441405,-0.3859466646,359.5,6.8,4.8,218.5,2.7906487212999997,0.3648735934,2.519172213,239.0,301.5,4.4351311127,0.2632997527,2.7381782979,62.5,27.1684262854,2.496426928,0.3184933568,2.3298292755000003,-0.6971811979000001,5.0,6.5,3.5,1.5,5.0,55,-0.2281786575,-0.7427473105,1.8124861756,0.2592374208,2.1421704941,-0.7847333191,0.4787858625,3.5,3.7777777778,2.1111111111,2.4666666666999997,2087.3796296296,5,8,3985.6666666666997,0.6442732257,-0.4648885286,1.9,1.0,1.3333333333,1.1428571429,1.5,0.1376936543,0.4717295298
s082,1.3817813985,0.1013504531,1.8062769916,2.45,31.4583333333,0.2,720,23.681818181799997,0.2666666667,506,-0.2874308671,-1.1475137665000001,3.8815438635,0.3180621771,2.004035158,-0.6513888474,0.0002384741,0.0015404434,0.05459375,2.7333333332999996,2.8928571429,4.6,1.5,1.0,2.4,1.8571428571000002,48,5.8621655826,0.2460311931,1.8258490441,0.6666666667000001,0.0,5.958333333300001,0.0041666667,1,-0.0038333333,-2.7916666667000003,3.7083333332999997,0.0502525253,2.0,0.0010606061,-2.0858585859,1.0833333333,1.1818181818,-0.12233371119999999,0.6323626457,8.3,7.3,2.9560566635,0.40434951770000005,2.4008769899,-0.6184943141,0.22222222219999999,3.1666666667000003,3.5,1.0,1.1666666667,3.3333333332999997,4.6666666667,4.6666666667,5.0,4.1666666667,2.8333333332999997,1.5,3.0,2.0,1.1666666667,5.0,-0.1293867358,0.90902989,0.0,5.320134937200001,3.5010829268,0.0190976138,3.6099790872,11.1111111111,0.0,11.1111111111,5.666666666699999,5.5,4.625,3.875,4.875,3.2857142857,2.5,31,-0.9575666758,4.0502743994,35,233.0,7,1.0,1.0666666667,0.8056304931999999,0.0018937547,0.8680659293999999,0.0021259087,0.6388888889000001,0.0038729833,0.0038729833,0.0256124969,1,-0.3912664807,1.8818662488,0.39632897409999995,2.6357049811,-0.3963453275,5.4,267.3333333333,3.6428053657999997,0.31677263699999997,2.1769835488,0.5,115.5,47,6.9779141275,-5.6665655616,0.6319495059,11,1.4433100181999998,0.4411171093,2.4360522916000003,-0.5026811743999999,0.0833333333,0.6666666667000001,0.25,0.33333333330000003,129.0,0.1,0.2,0.5,0.0,3.3852026562,0.3627316726,2.5633428234999998,-2.1475553326,0.3832923833,0.026727515700000003,3.9115896408,0.285041113,1.5820637214,-0.9920305273,252.0,7.3,5.7,260.0,4.3653800362,0.3327790682,2.8867385713,217.5,247.6666666667,3.8572491825,0.3212722826,1.8271336882,30.1666666667,43.8494572462,3.125517215,0.398795489,1.8633270765,-0.6715322503000001,5.0,6.0,4.5,1.0,1.5,43,-0.6724891298000001,-0.5944318036,2.1891451014,0.2401191984,2.3552776561,-0.0157540931,0.2581163832,3.0,2.1111111111,2.1111111111,2.0,2231.475,-1,9,6488.333333333299,1.166299693,-0.85526603,1.5,1.1818181818,1.0,1.1428571429,1.3333333333,0.6486152767000001,0.5123222555
s083,1.3488950441,0.3764952547,1.2787629256,2.1,38.92,0.1666666667,921,17.363636363599998,0.2666666667,364,0.0830514875,-2.8092068275999997,0.7015004884999999,0.26550505480000003,1.6295546207,-0.5526164148,0.0007403776000000001,0.0093823242,0.13905175779999998,2.3333333333,4.5357142857,3.8333333332999997,2.75,2.25,3.2,2.8571428571,36,4.6783699764,0.3086224133,1.4938176075999998,0.33333333330000003,0.6666666667000001,5.541666666699999,-0.0041666667,1,0.0001666667,-1.4583333333,9.7916666667,0.016799831799999998,1.0,-0.0010235492,-4.2989907485000005,1.0,1.0,0.0170030038,0.8913356179,7.1,5.9,2.5232179085,0.4747315342,1.9927710129,-0.2971169097,0.25,2.5,4.1666666667,1.5,1.8333333333,4.8333333333,5.833333333300001,4.0,5.666666666699999,6.166666666699999,3.1666666667000003,3.0,6.166666666699999,3.0,3.0,7.0,-1.0592138839,-1.1874516487,-0.48135578549999997,1.6949242847,1.1955948587,0.054027221900000005,2.1106985664,0.0,100.0,70.3703703704,7.0,4.5,4.875,3.875,4.625,3.7142857143,4.5,56,-1.1622509791,3.1338577672000003,34,185.0,7,1.25,1.0666666667,0.8477905273999999,0.0009738966,1.0,0.0010411182,0.4722222222,0.009797959,0.0256124969,0.0256124969,2,-2.1895052731,1.3050836807,0.5075443046,1.6696106640000001,0.08400074540000001,4.3333333333,,,,,,,45,,,0.7204340251000001,6,1.1089395087,0.2411605092,2.1541997941,-0.4880171404,1.0,0.33333333330000003,0.4166666667,0.75,110.0,0.0,0.4,0.7000000000000001,0.2,1.7127829655000002,0.16559019860000002,2.5121158046,-1.1833435602,0.41089108909999994,0.025627925000000003,3.23502748,0.3523319593,1.4689209609,-0.5639180939,380.0,5.8,5.3,317.8333333333,3.5270554322000005,0.3823045046,1.1202609398999999,305.1666666667,303.3333333333,1.7491965137,0.0817128795,2.299753152,-1.8333333333,2.0047333903999998,2.3746711766999997,0.43423757049999995,1.3345630303,-1.7417607705000002,6.5,3.0,6.5,4.5,5.0,44,,,,,,,,4.4,2.8888888889,1.5555555556,2.2,2605.4537037037,9,7,2905.3333333333003,-1.0647985787,1.519053851,1.1,1.7272727273,2.3333333333,1.1428571429,1.5,0.2343559896,0.2767393032
s084,0.8589121951,0.2719903986,0.940987628,1.05,37.277777777800004,0.4,630,31.15,0.33333333330000003,598,0.0203759723,-0.5095038277,3.4186933304,0.3987612735,1.8099363361,-0.9310418315,0.0033494841000000003,0.028026123000000003,0.0811591797,3.4666666667,3.7857142857,3.9,3.0,2.5,4.0,3.5714285714000003,43,4.0640011278,0.2521574478,1.5960725080000002,0.1666666667,0.6666666667000001,11.625,0.0291666667,1,-0.0041666667,-2.5416666667,18.0,0.0312599681,0.0,-0.0057812714,-1.5881749828999998,1.0,1.8181818182,0.2467294936,0.6542091896000001,5.9,5.8,1.1843981179,0.2856139548,1.6517196103999998,-0.9217322329,0.0,1.1666666667,3.6666666667,1.0,3.0,3.8333333332999997,6.0,3.5,5.1666666667,3.5,2.0,1.6666666666999999,2.0,2.5,2.3333333333,5.1666666667,,,,,,,,44.4444444444,66.6666666667,59.2592592593,5.3333333333,2.0,4.875,5.0,4.125,3.2857142857,2.625,47,-1.0199797456,2.2552282759,35,104.0,9,1.25,1.6666666666999999,0.6555591583,0.0019921078,0.8457717895,0.0021987495,0.3888888889,0.158113883,0.158113883,0.25,1,-2.9046246945,1.4733482183000002,0.34116966740000004,1.0247690868000001,-0.2591152524,4.8,,,,,,,41,0.8581946015,1.0256362521,0.5328206152,4,1.6550952593000001,0.4090383975,1.4264724935,-0.043381778200000005,0.75,0.5833333333,0.6666666667000001,0.9166666667,125.0,0.0,0.4,0.5,0.7000000000000001,2.7374870552,0.4108504163,1.4226970204,-2.5221409837,0.3558897243,0.011884411200000002,2.3898890071000003,0.2256918641,1.0380654198,-1.7509725414,270.5,5.6,4.4,344.0,2.7620628906999998,0.2507275671,1.2709129478,,,,,,,,2.1792855584,0.28956155310000004,1.7369837729,-1.5829725346,6.0,6.0,6.5,4.0,4.0,37,0.3937532336,0.1449289224,0.33694997340000005,0.2460247771,1.4526430972,-0.8791412776,-0.1349953944,3.0,4.4444444444,2.3333333333,3.4,3252.1458333333003,15,5,3943.75,0.068461098,0.9603076173,1.8,2.0,2.4166666667,2.0,2.5,0.8112706842,0.5942283082
s085,1.3770712659,0.27965964400000004,1.2108190445,3.75,47.61904761899999,0.30000000000000004,971,39.0,0.4666666667,594,-0.40872096729999996,-0.9635052778,4.2929790214,0.35510524250000003,1.9714072042,-1.1219610453,0.0017226785,0.011180206299999999,0.1320664063,5.9333333333,4.4642857143,4.7666666667,2.75,3.25,3.4,2.5714285714000003,48,6.1267563444,0.3056579049,1.7162277810000002,0.6666666667000001,0.1666666667,10.2916666667,0.0125,2,-0.0111666667,-2.625,17.8333333333,-0.1415692821,1.0,-0.0041035058,-1.909015025,1.0,1.0,0.1002739573,1.1614670692,9.3,7.5,2.7671332669999997,0.3815549968,1.7802117906,-0.9194612825,0.11111111109999999,1.6666666666999999,2.6666666667000003,1.5,3.6666666667,4.5,4.0,4.1666666667,5.0,4.8333333333,2.3333333333,1.0,2.6666666667000003,2.3333333333,4.3333333333,5.1666666667,-2.5591351511,-0.0077320513,0.0,5.320134937200001,4.2786617621,0.17157922309999998,2.8978451477,27.7777777778,0.0,25.925925925900003,6.0,5.25,2.0,4.75,4.0,3.0,4.25,44,-0.8075379761,4.3503317988,23,157.0,9,1.125,1.8,0.6433485508,0.0011979283,0.6122137308000001,0.0013118010999999998,0.6388888889000001,0.06403124240000001,0.06403124240000001,0.158113883,3,-0.4932178678,3.0645491755000003,0.3840804046,2.2801547906999997,-0.191849047,3.7333333332999996,254.5,3.3268465027999996,0.29193793500000004,2.5202581529,7.0,234.0,45,-3.7078404868,4.8462615516000005,0.3087063875,12,2.4954712766,0.4242374718,1.8092913072999999,-0.4376023049,0.6666666667000001,0.8333333333,0.9166666667,0.9166666667,116.0,0.6000000000000001,0.1,0.4,0.9,3.6143307213,0.4263971963,1.7956891141999998,-2.2195405378,0.4,0.0475985258,4.133818600000001,0.2923828914,1.5265594506,-1.2587640028,349.5,6.5,6.7,273.8333333333,5.409742774700001,0.24608394879999998,4.8780411124,235.1666666667,270.3333333333,4.0536714581,0.26187653110000003,3.6277460797,35.1666666667,75.03928571430001,4.3445880414,0.4985458859,1.8588053227,-0.5365805446,5.0,6.0,5.5,2.0,6.0,42,0.0971246109,0.1794458102,2.0526886719,0.3258494121,1.6220714572,-0.7611000504000001,-0.7632709238000001,3.4,2.8888888889,2.8888888889,3.2,1738.3777777778,5,8,3663.9166666666997,0.1760227546,-0.1541506798,1.8,1.5454545455000002,1.0833333333,1.0,3.5,0.3289153696,0.1420185338
s086,0.8054658461,0.1947171274,1.6150055657,1.3,20.7894736842,0.3666666667,356,18.055555555599998,0.4,305,-0.6373437375000001,-0.4198177075,2.4835357169,0.4056570952,1.655536949,-0.051821688899999996,0.0013323203,0.0019241179999999998,0.0759648438,3.1333333333,3.1428571429,4.6333333333,1.75,2.5,2.6,2.4285714286,44,2.0979549512,0.3142659159,1.9639025216,0.33333333330000003,0.1666666667,15.791666666700001,0.12916666670000002,2,-0.016166666700000002,-3.375,8.0833333333,-0.0135227515,1.0,-0.0017150182,-1.8549455245,1.1666666667,1.4545454544999998,0.3103200089,0.5942309822,7.2,7.5,1.4980742371,0.458350005,2.2664269173,-0.6938991634,0.22222222219999999,1.1666666667,1.3333333333,1.8333333333,2.3333333333,2.8333333332999997,3.8333333332999997,4.5,4.0,4.0,3.1666666667000003,1.3333333333,1.1666666667,2.1666666667,2.5,3.6666666667,-3.1716486772000003,0.6424460209,-0.0782505426,3.2247421738999997,1.5627291694999998,0.17728175920000003,1.4258843847999998,33.3333333333,0.0,18.5185185185,4.6666666667,5.0,3.75,3.875,3.875,3.4285714286,3.625,43,-0.8893284576999999,4.1867508355,30,321.0,7,1.0,1.4666666667,0.7515197754,0.0007976451000000001,0.9664916992,0.0015050874,0.44444444439999997,0.009797959,0.009797959,0.06403124240000001,2,-0.27704975800000003,1.6135412608000002,0.3114902631,2.7662721433999997,-0.0911023912,5.0666666667,,,,,,,44,,,0.5751925036000001,3,0.8518199662,0.2525817987,2.1861590851,-0.1534216246,0.75,1.0,,0.75,122.0,0.0,0.4,0.6000000000000001,0.30000000000000004,1.7153236085,0.2198810127,2.0407173748,-0.8412599654999999,0.3975,0.022817095000000003,2.9688561794,0.3616162775,1.9262649679,-0.7057086951,319.5,6.0,5.5,255.8333333333,3.2904481983999996,0.4349212511,1.7390073514000002,247.3333333333,352.3333333333,2.227077676,0.31077161200000003,1.8154521021,105.0,-5.5032327586,2.0457929737000002,0.37638984579999996,2.7110216483999996,-0.8836267724,5.0,5.0,6.0,2.0,4.5,40,0.14809565460000002,0.3167903466,1.030466832,0.0759456136,2.1534093188,-0.36365477119999995,-0.4196902118,2.5,3.6666666667,2.6666666667000003,3.2,3250.2296296296004,6,7,3168.6666666666997,1.125329677,-0.6931471806,1.6,2.0,2.1666666667,1.7857142857,2.3333333333,0.334625789,0.2907726251
s089,1.2609968279,0.4197606318,1.7324684291,2.35,22.608695652199998,0.23333333329999997,500,16.8,0.1666666667,411,-0.6185461806,-0.5860471345,3.7322150097000004,0.4632562815,2.0195653828,-1.1465341234,0.003960388400000001,0.0329987793,0.1882236328,3.8,3.6071428571,4.2333333333,2.75,2.0,3.6,3.1428571429,39,2.6662956421,0.4041751985,1.7095042861,0.0,0.5,19.75,-0.075,0,-0.012666666699999999,-0.75,11.833333333299999,-0.0090686275,1.0,-0.0013039216,-2.0441176471,1.0833333333,1.6363636363999998,-0.036500316500000005,0.3551630662,8.5,6.5,1.3709417956999999,0.4787956844,2.1906459009,0.044382014,0.0,2.5,2.0,1.1666666667,2.6666666667000003,4.1666666667,5.833333333300001,6.5,6.5,5.3333333333,4.6666666667,2.1666666667,1.0,1.5,1.6666666666999999,4.3333333333,-1.4848297298,-0.5942776462,-0.5629734621,4.194188013,2.350284643,0.360639986,2.2034040687,88.8888888889,55.5555555556,85.1851851852,6.833333333300001,4.25,3.5,4.5,2.625,4.5714285714,2.875,55,-1.2083775268,3.5486526974,22,219.0,7,1.0625,1.0,0.6394451140999999,0.0013401079,0.6581768990000001,0.0013052178,0.5,0.0256124969,0.0250316331,0.0256124969,2,-1.4882975871000002,1.8002117762,0.5407917114999999,1.6539862468000002,-0.6114513268,4.3333333333,454.5,2.6743646369,0.42937152009999996,1.3282002531000001,4.0,-40.5,46,,,0.6359358781000001,11,1.4706727852,0.7703960842,1.8197744159,-0.6930546341,0.25,0.6666666667000001,0.33333333330000003,,135.5,0.2,0.2,0.5,0.0,2.5267265854,0.5222753946,2.2143389233,-0.6776464787,0.3903061224,0.000236539,3.2164251541000004,0.34021232729999995,2.2561390006,-0.7109438634,449.5,5.0,4.7,473.0,3.6778255958,0.4284995451,1.5358704036000002,318.8333333333,346.0,2.3929695599,0.35943545450000003,1.6311181407,27.1666666667,40.6369604994,2.0115871535,0.4304076367,2.053642782,-1.0345117823,6.5,5.5,6.5,2.0,4.0,30,-1.0538644644,-0.13912099090000002,1.5377630331999999,0.4616629737,1.6433108955000002,0.0959786468,-0.643618707,3.6,4.4444444444,3.0,2.8666666667,2053.0066137566,15,7,4787.5833333333,0.5870851565999999,0.4787373092,1.5,1.2727272726999999,1.9166666666999999,1.1428571429,1.5,0.8542763256,0.37742599509999997
s091,1.2154831888,0.2407811169,1.0717589386,1.65,34.0909090909,0.2666666667,720,21.0526315789,0.3666666667,380,-0.20681112149999997,-1.3524828197,3.6667547987,0.3563879653,1.71962998,-0.1672617476,0.0011686342,0.001537632,0.0329902344,6.333333333300001,3.6785714286,4.9,2.5,2.25,3.4,3.7142857143,49,5.906844648,0.2692688003,1.2173291278,0.8333333333,0.0,12.833333333299999,0.0666666667,1,-0.0016666667,-1.0,17.25,-0.0523640662,2.0,-0.008761229300000001,-2.3096926713999997,1.0,1.1818181818,0.0524459772,1.1841357133,7.6,6.5,3.0752898706,0.4071140427,2.0342294349000003,-0.0971805452,0.30555555560000003,2.0,2.3333333333,1.3333333333,1.5,3.3333333332999997,4.6666666667,3.1666666667000003,4.8333333333,5.5,1.8333333333,1.6666666666999999,1.5,2.0,1.1666666667,5.0,-1.8199282788,2.0167799033000002,0.0,5.320134937200001,4.7146796505,0.1500406879,2.6841096665,16.6666666667,22.2222222222,29.6296296296,6.0,2.25,1.75,3.0,3.875,3.1428571429,3.625,47,-0.8893284576999999,4.1867508355,23,222.0,9,1.125,1.0,0.8051666259999999,0.0013351366,1.0,0.0020942294,0.6388888889000001,0.009797959,0.0256124969,0.0256124969,3,-3.132149138,0.9121429923,0.3280070766,1.289530945,-0.522288359,2.6,211.3333333333,4.7466753237,0.2509141574,2.0340494444,-0.5,65.5,39,3.5516423795,0.9660498864,0.5040214336000001,17,1.593939804,0.4070428639,1.4983231662,-0.3404455388,0.75,0.5833333333,0.5833333333,0.5,105.0,0.0,0.1,0.2,0.0,3.0860129479,0.3604596544,1.2502396858,-1.6852842909,0.43734643729999995,0.08469268210000001,5.2858712952,0.25454728530000004,1.3092685642,-1.6254391444,265.5,4.9,5.3,274.3333333333,3.4240691095,0.3125454086,1.3997327189,225.0,222.3333333333,3.4181890209,0.3132121297,1.8325520919999998,-2.6666666667000003,131.7209401709,3.7792260013,0.32052237510000003,2.820704285,-0.8168320346,6.5,5.5,4.5,3.5,4.0,51,-0.6790280669000001,-1.3852466815,1.8341250856,0.30688859150000003,1.3160299920999998,-0.1087911631,1.3098673153,3.3,3.1111111111,2.6666666667000003,2.5333333333000003,1811.1645472582998,17,8,2933.3333333333003,-0.29640082160000003,-0.0180185055,2.5,1.9090909091,1.6666666666999999,1.1428571429,1.25,0.4543755474,0.5359600138
s092,1.336426951,0.322694743,1.6737247975999998,2.9,50.9375,0.4666666667,765,32.1111111111,0.4,545,-0.2443721902,-1.5808949872,3.6303615033999996,0.40571809,1.5774379249000001,0.1047113029,0.0005692798000000001,0.0033625107,0.0264765625,3.4666666667,3.8214285714,4.2333333333,1.75,2.25,3.2,4.0,40,4.04976473,0.27241468620000003,1.5276546525,0.5,0.5,13.791666666700001,0.0458333333,2,-0.0101666667,-3.2916666667000003,11.347826087,0.1345993117,2.0,-0.0091347099,-2.8046951819,1.0,1.0909090909,-0.2870185816,1.205233717,6.4,4.8,2.6053013136,0.39582865219999996,2.0177791677,-0.6859683364,0.3888888889,2.1666666667,3.6666666667,1.3333333333,2.1666666667,4.1666666667,3.3333333332999997,4.6666666667,3.3333333332999997,3.1666666667000003,1.5,2.0,2.1666666667,2.3333333333,2.1666666667,4.0,-1.3206311859,2.4770142688,0.3298219498,4.6604910377,2.7719443294,0.28796902350000003,1.4233633356,50.0,66.6666666667,37.037037037,5.0,4.25,3.75,1.375,3.25,2.7142857143,2.25,48,-1.2083775268,3.5486526974,22,203.0,6,1.0,1.2,0.7333761692,0.001379564,0.9477935791,0.0025050339,0.6944444444,0.009797959,0.009797959,0.009797959,2,,,,,,4.5333333333,247.0,3.3096587269,0.2878106992,1.5575178072,3.0,126.0,46,16.4774725675,-12.3481876025,0.6464459263,11,1.7290270873,0.4105641375,1.9073220922999998,-0.435986471,0.33333333330000003,0.0,0.33333333330000003,0.25,116.0,0.1,0.0,0.30000000000000004,0.30000000000000004,2.8374879458999995,0.36793502359999997,1.4631568732,-1.2592573666,0.4250614251,0.050432751500000005,3.6835116756,0.3026929836,1.5460265916,-0.8741464811,355.0,6.5,6.3,256.1666666667,4.8820807223000005,0.3081811434,2.3753410162,238.1666666667,244.6666666667,3.2051521656,0.3046713949,1.5168134269,6.5,52.64837501270001,1.930410601,0.3623405748,1.6838295785,-1.3130664977,6.5,5.5,2.0,1.0,3.0,62,-0.1747880786,-0.5447174884,1.3839521256,0.3216415159,1.4952788786000002,-0.24562376489999999,0.5691942999999999,2.5,4.2222222222,1.7777777778,2.1333333333,2106.6296296296,8,8,3805.8333333333003,1.4635395334999999,-0.6632942174,2.3,1.0909090909,2.4166666667,1.7142857143,2.0,0.8312751778,0.4751914597
s093,1.3451403876,0.2538526238,1.714610819,2.25,24.473684210500004,0.3666666667,450,30.0,0.4,510,-0.6535719167,-0.486551914,3.0948304879000004,0.39856281880000005,2.3371260411000003,-0.8740500981999999,0.0022120888,0.0085203247,0.1342958984,3.5333333333,2.9285714286,3.2666666667000004,2.0,2.0,3.0,3.2857142857,45,2.9310043237,0.3011461096,1.4558350412999999,0.6666666667000001,0.1666666667,14.958333333299999,-0.07083333330000001,1,-0.0165,-0.5416666667,12.5,0.5843174924,3.0,-0.0194273003,-7.595551061699999,1.0,1.0,-0.0196251866,0.9373099673999999,8.3,7.6,2.0263195029,0.4453867008,1.9922014977000002,-0.6248688593999999,0.027777777799999997,1.8333333333,2.5,1.3333333333,3.6666666667,3.3333333332999997,3.5,5.1666666667,4.0,3.3333333332999997,4.0,2.6666666667000003,1.3333333333,2.5,3.0,3.8333333332999997,-0.8664982876999999,-1.6260810115000002,-0.7692085920999999,2.0451113905000002,1.6866924097,0.14089321359999998,1.7075933568000001,44.4444444444,66.6666666667,62.962962963,4.8333333333,5.0,4.25,1.375,2.5,2.5714285714000003,3.625,41,-1.1227206548,3.2129184158,25,133.0,8,1.0,1.4,0.7454021454,0.0021894911,0.8454101562,0.0020420599,0.4722222222,0.0256124969,0.06403124240000001,0.1265219767,3,-1.4115976808000001,1.7528105542,0.3564040531,2.0136347718,-0.3128770469,4.4,,,,,,,43,,,0.3339035457,10,1.762558246,0.5297635077,1.6636733446,-0.6109293575,0.5833333333,0.4166666667,0.6666666667000001,0.6666666667000001,107.0,0.0,0.7000000000000001,0.6000000000000001,0.5,3.2811629321,0.4034614693,1.9223232441,-1.8567330454,0.45454545450000006,0.0520772046,3.5149739338,0.2909304594,1.5242450139,-0.3289406642,427.0,6.0,6.5,318.1666666667,4.7261775246,0.35563861539999997,2.1425219989,288.0,318.8333333333,4.233663465,0.3298442066,1.8367832068,30.8333333333,20.6928209624,3.2999809521,0.3922200274,1.8052808359999999,-0.3243545621,6.5,5.5,5.0,1.5,6.0,59,-0.4499832099,0.12811004110000002,1.3112007716,0.2814181564,2.1709741629,-0.1959975406,-0.2613705045,4.6,2.8888888889,3.7777777778,2.8666666667,1468.8083333333,4,9,4077.75,0.0400085149,-0.4626235219,2.0,1.0909090909,2.3333333333,1.9285714286,2.5833333333,0.8475502033000001,0.2037607306
s094,0.9849790488,0.2861110233,1.5752835484,2.2,50.0,0.5,700,25.0,0.3666666667,450,-0.0978471621,-0.0368500931,3.4867766366,0.33043679719999997,1.5074188222,-1.5669823188,0.00034568310000000004,0.0007527542000000001,0.0018691406,2.8,2.7857142857,3.4333333333,2.25,2.75,3.4,3.0,44,6.1286686737,0.21064823219999998,1.9766759836,0.1666666667,0.6666666667000001,7.5,0.075,3,-0.0033333333,-1.5833333333,5.833333333300001,0.20637007079999997,1.0,-0.0049787664,-1.1954499494,1.0833333333,1.0909090909,-0.36573816659999997,0.24020836559999997,7.7,6.4,2.5886729966,0.4593243767,1.5545868390000002,-0.1030770664,0.8333333333,1.6666666666999999,2.0,1.3333333333,4.1666666667,5.0,4.8333333333,6.0,4.8333333333,4.3333333333,2.0,1.6666666666999999,1.8333333333,2.3333333333,5.3333333333,6.666666666699999,-3.0842634736,0.7409258215000001,0.0,5.320134937200001,4.497254204,0.2140720143,2.6619195313,5.5555555556,11.1111111111,37.037037037,5.0,5.0,4.0,4.0,4.0,4.0,2.75,55,-1.3273158840000001,3.310775983,32,252.0,9,1.0625,1.6,0.7495971680000001,0.0008340883000000001,1.0,0.0013659757999999998,0.5555555556,0.0038729833,0.0038729833,0.0099597577,1,-0.5982097095000001,2.2891672119,0.4546756343,1.70602833,-0.7591344862,4.8666666667000005,256.6666666667,3.2750116459,0.28260432220000004,1.2898362284,-18.0,72.0,46,19.4234451361,-10.0494443174,0.4671794118,11,1.9471916798,0.4315248379,2.0893007153,0.2076992937,0.5833333333,1.0,0.4166666667,0.8333333333,137.0,0.2,0.5,0.4,0.7000000000000001,4.1508393186,0.4101153237,1.4650673972,-1.6723845853,0.4039408867,0.0224644491,3.0195084916000003,0.2594285887,1.0245187702,-1.7236147888,253.5,6.6,6.2,233.5,3.5276989866000004,0.33622195369999996,1.1444808223,228.6666666667,224.1666666667,3.4899132496,0.29221218050000003,1.2544563837,-4.5,5.5678616832,3.1087874973000003,0.30648271,1.4941083125,-1.4484404237,6.5,6.0,7.0,5.5,5.5,43,-0.8470619097000001,-0.5125961104,1.7883904963,0.26629704590000003,1.8597518855,0.06475655500000001,0.0323841598,2.9,4.4444444444,1.6666666666999999,2.9333333333,3505.9958333333,0,7,5659.833333333299,24.503297449,-22.2338645634,1.6,1.5454545455000002,2.0,2.0,2.6666666667000003,0.20138454260000002,0.2686613974
s096,1.5315770818,0.2370034431,1.2423567705,2.3,44.739130434799996,0.23333333329999997,978,21.681818181799997,0.2666666667,452,-0.30823409020000003,-1.0799279927,3.9346846345,0.29513567830000004,2.2348058425999997,-1.5738739983,0.0005824718,0.001962204,0.012375,6.333333333300001,4.1428571429000005,4.0,1.75,1.75,3.2,2.8571428571,38,4.5886732987,0.2422435935,1.6965384021,1.0,0.0,8.2916666667,0.07083333330000001,3,-0.0055000000000000005,-1.4583333333,7.458333333300001,0.0963095238,3.0,-0.0064809524,-1.6535714286,1.0,1.0,-0.14418976090000002,1.2489252884,9.4,8.4,2.911924812,0.41086726479999996,1.8214369855,-0.0845957093,0.8611111111,2.1666666667,2.6666666667000003,1.8333333333,2.6666666667000003,3.3333333332999997,2.6666666667000003,2.6666666667000003,3.1666666667000003,3.0,2.6666666667000003,1.6666666666999999,1.5,1.6666666666999999,1.6666666666999999,4.6666666667,-0.8573335167,0.3576177231,0.4181320954,4.4838707464,2.3801149887,0.2322696533,1.3863695568,50.0,11.1111111111,29.6296296296,6.0,3.5,2.25,3.5,3.875,3.5714285714000003,2.875,50,-0.8893284576999999,4.1867508355,18,310.0,7,1.0625,1.0666666667,0.7643220902000001,0.0016471514,0.8376403809,0.0021824425,0.5277777778,0.0015811388,0.0006324555,0.0015811388,3,-1.4203451254,2.0641399013,0.3848414891,1.9666884709999999,-0.3199088887,3.6666666667,301.8333333333,3.4438982133,0.2460081052,2.413750292,-10.0,41.0,46,-1.3219880204,10.02529874,0.47482626229999997,12,2.0634571621,0.48914541479999996,1.4431033887,-0.25618286100000004,0.5,0.0833333333,,0.25,106.0,0.4,0.1,0.4,0.0,3.2197063820999996,0.4331990432,1.5377275972,-2.3376652857,0.5995085995,0.128387999,3.0241819512,0.2716510764,1.3089731231,-0.5896970861,320.0,5.1,6.9,234.3333333333,3.4602856537999997,0.2957147698,2.431327607,267.1666666667,226.8333333333,4.3286258062,0.3493752758,2.7294997472,-40.3333333333,-4.6543180857,2.7688478599,0.3910361208,2.2002608687,-1.0183070826,2.5,3.0,4.5,4.5,5.0,31,-0.7829866472,-0.4082689378,2.1001460805,0.29015078969999997,1.8515443784,0.5678877297,0.47382331270000005,2.1,3.8888888889,2.1111111111,2.7333333332999996,1787.7424242424,8,8,2553.5,2.5085608407,-0.7156200364,2.9,1.3636363636000002,2.1666666667,1.9285714286,1.4166666666999999,0.1413967971,0.16546289490000002
s097,0.8770730006,0.15201604500000002,1.5632280711000002,1.75,17.5454545455,0.2666666667,380,11.0454545455,0.2666666667,233,-0.5217968638,-0.9166625293,3.2896108322,0.3958180555,1.9766001150999999,-0.6543099244,0.0018367681,0.0287686768,0.14846972660000002,4.2666666667,2.7857142857,4.0,2.5,3.5,3.8,3.2857142857,40,4.334686924700001,0.33027754579999996,1.2107915714,0.1666666667,0.33333333330000003,19.1666666667,-0.05833333330000001,1,0.0013333332999999998,-4.3333333333,28.5,-0.0144025934,1.0,6.85397e-05,-1.0280950911,1.0833333333,1.6363636363999998,0.32732359920000004,0.5707085679999999,8.2,6.3,2.6151673674,0.5553885421,2.3359329486,-0.0487772364,0.0,2.6666666667000003,3.1666666667000003,2.1666666667,3.0,3.5,3.5,4.8333333333,4.3333333333,4.1666666667,2.1666666667,5.0,3.0,5.1666666667,2.6666666667000003,6.5,-0.6119524390000001,0.3761042736,0.0,5.320134937200001,3.5935257555,0.2053053676,3.2725125802,55.5555555556,77.7777777778,55.5555555556,6.0,5.75,4.25,3.625,2.5,2.8571428571,3.625,57,-0.8075379761,4.3503317988,26,218.0,6,1.0625,1.4,0.8579833984,0.0012796054,0.984375,0.0015701081,0.5,0.25,0.1265219767,0.158113883,5,-1.5139778725,1.5253233809,0.3954171736,1.8046021905,-0.3341975978,3.5333333333,415.6666666667,2.2012512528,0.3412218581,1.2289268201,18.5,50.5,46,13.946506843,-11.876712978499999,0.49996814590000005,12,1.9213043781,0.553693619,1.6582892087,-0.3852875679,0.5833333333,0.6666666667000001,0.9166666667,0.75,115.0,0.30000000000000004,0.7000000000000001,0.7000000000000001,0.30000000000000004,2.5660927647,0.5122374027000001,1.9232169354,-1.7930378709,0.40931372549999995,0.0303863593,3.4150327327,0.30276811940000004,1.7348120206000002,-0.9096754253,321.0,5.4,4.6,284.1666666667,3.8723816794,0.3300488586,1.7371086773000002,280.3333333333,261.1666666667,3.5689903371,0.3328344217,1.908339564,-19.1666666667,23.2102272727,3.8956092042000003,0.3130357679,3.1507520787,-1.0483233214,6.0,6.5,4.5,1.0,4.0,51,0.35494368190000003,-0.0092178534,2.3504038522,0.358301894,1.6428281076,-0.293023405,-0.1457651334,3.8,4.0,2.1111111111,3.2666666667000004,1917.0520833332998,17,7,2511.4166666667,-0.541700332,0.8896224848000001,1.6,1.3636363636000002,2.1666666667,1.0714285714,2.5,0.1848131277,0.5151528476
s098,1.1543890301000002,0.20436160949999999,1.7001335874,2.4,52.631578947399994,0.3666666667,966,22.8333333333,0.4,378,-0.09527665119999999,-0.8281104536,3.2393248761,0.353873572,1.9526590503,-1.5064060747,0.0001049916,0.0006257801000000001,0.0049609375,5.533333333300001,3.8214285714,5.466666666699999,2.0,3.25,3.6,2.4285714286,55,3.3324658996,0.3205625714,1.5874522215,0.6666666667000001,0.0,14.875,0.17083333329999997,1,-0.0055000000000000005,-2.2916666667,12.5,0.2390070922,1.0,-0.0048699764,-1.1991725768,1.0833333333,1.2727272726999999,-0.1610379224,0.9252034453,7.8,7.6,0.7283918301000001,0.1457207024,2.1795332555,-0.5746040629,0.3888888889,2.0,3.1666666667000003,1.1666666667,5.666666666699999,4.8333333333,4.8333333333,5.1666666667,5.3333333333,4.8333333333,2.5,1.1666666667,3.0,2.3333333333,5.5,5.5,-0.7106197976999999,0.1001922742,0.1910395678,4.9380558016,2.6351480194,0.1515929519,3.2405129481,16.6666666667,0.0,11.1111111111,6.0,3.5,3.75,5.0,4.125,4.5714285714,4.125,37,-0.9457732772,1.8199132911000002,32,145.0,8,1.25,2.0,0.7632787704,0.0011140227,0.8879852295,0.0013438489000000002,0.6388888889000001,0.0006324555,0.0015811388,0.0038729833,1,-0.875075657,1.3850962966,0.42700400909999997,2.0251790835,-0.5288805539,5.2,,,,,,,39,,,0.6544873017,6,1.290853245,0.5203617068999999,1.9733503302,0.05153063150000001,0.5833333333,0.1666666667,,0.5833333333,132.5,0.2,0.2,0.7000000000000001,1.0,2.8464599414999996,0.3738079477,2.0818358249,-1.7432183536,0.4314214464,0.07471856959999999,2.5004992484,0.3165527266,1.6535602997999999,-0.2419699396,352.5,6.0,5.7,296.6666666667,2.8254613813,0.356431524,1.3548642876,393.1666666667,430.0,0.9937363381,0.23294668920000003,1.560525798,36.8333333333,82.6129860602,2.0587167199,0.3081499319,2.3441655182,-0.372433629,7.0,5.0,7.0,1.0,5.5,37,-0.2623029518,-0.21395496030000002,1.008593241,0.0204320619,2.2599974218,-0.1731876718,-0.14364697769999998,2.7,2.8888888889,2.4444444444,3.4,2747.5,0,8,5536.333333333299,,,1.3,2.1818181818,1.0833333333,1.0,3.6666666667,0.35941737970000004,0.3479613939
s099,1.0320274165999999,0.2447304684,1.1385738175,1.65,8.642857142899999,0.0666666667,236,5.8620689655,0.033333333300000004,165,-0.1525600392,-1.8943604823,2.771115741,0.3617385216,1.2137110354,-0.2045102888,0.0010417030000000002,0.0033634033,0.1940957031,3.0666666667,4.1428571429000005,3.6666666667,3.0,2.5,3.0,3.4285714286,50,2.9155727298,0.2527216901,1.2025058913,0.5,0.33333333330000003,6.375,0.0041666667,2,-0.0038333333,-1.9583333333,6.333333333300001,0.0079987387,2.0,-0.0055122977,-2.7064326256,1.0833333333,1.1818181818,0.6206907388,0.3151220892,7.6,5.9,2.1007948381,0.4518305946,1.6521341612,-0.2992541949,0.0,3.5,4.1666666667,1.5,2.1666666667,4.6666666667,5.3333333333,5.5,6.0,5.5,3.8333333332999997,2.6666666667000003,1.1666666667,2.5,1.6666666666999999,5.833333333300001,-1.3221262921999999,-0.9512722662,-0.5629734621,4.194188013,2.4088094307,0.1304978276,2.5346739718,61.111111111099994,66.6666666667,29.6296296296,5.0,5.75,3.375,3.125,4.75,3.1428571429,4.0,45,-1.4013457528,3.1627162452999995,30,126.0,5,1.0625,1.2666666667,0.8103168488,0.0013731656,0.8968307495000001,0.0024342351,0.6944444444,0.0038729833,0.0099597577,0.0039735241,4,-0.7049022178000001,1.3312798459,0.2846685644,1.6366675888999997,-0.4581472003,3.4,333.6666666667,2.4164185254,0.33313776700000003,1.3173045539,0.0,110.0,47,-12.3689138902,14.909109561700001,0.2027971735,7,1.7829380273000002,0.42522173939999997,1.9777859372,-0.3260965664,0.5833333333,0.0833333333,,,120.0,0.2,,0.9,0.1,2.8882153236000003,0.34040733479999996,1.9071675909,-1.5768145429,0.5925925926,0.05946482559999999,2.7714891963,0.23342705,1.2159856915,-1.1919973022,267.5,6.0,5.1,254.6666666667,2.1531848761,0.2289352699,1.7789859196000002,250.5,228.8333333333,2.7291302694,0.2931836872,1.5641892481,-21.6666666667,18.5514380531,2.2233124066,0.2733184305,1.7105960674,-0.7873575556999999,5.5,5.5,3.5,1.5,6.0,39,-0.1876502253,0.4832068407,1.3018281097,0.26290256440000004,1.4632713988,-0.65438476,-0.9870101056,1.7000000000000002,4.5555555556,2.2222222222,2.6,1486.3636363635999,26,7,2040.4166666667002,,,2.0,1.9090909091,2.4166666667,1.9285714286,2.0,0.8581592075000001,0.3900451268
s102,1.0931520389,0.2253909371,1.1978531089,1.6,41.176470588200004,0.43333333329999996,650,34.1176470588,0.43333333329999996,550,-0.6317858336000001,-1.1702918163,2.1482571062,0.3096916536,1.590247814,-0.8262193045999999,0.0261929579,0.0079602356,0.7880820313,5.2666666667,3.0357142857,3.4333333333,1.5,2.0,3.8,3.8571428571,50,2.9831004344,0.2371459745,1.6881762826000002,0.6666666667000001,0.1666666667,12.0,-0.075,0,0.0003333333,-0.33333333330000003,27.9130434783,-0.004545454500000001,0.0,-0.0055566188,-0.6184210526,1.1666666667,1.0,0.09087120970000001,0.6657958843999999,6.7,4.8,1.3678851953,0.4178389136,1.8039602709,-0.40177024,0.0833333333,3.5,3.3333333332999997,2.1666666667,2.0,4.3333333333,5.0,5.666666666699999,6.0,6.5,5.0,2.8333333332999997,2.8333333332999997,2.8333333332999997,1.6666666666999999,3.5,-1.5460586171000001,-0.3115278319,-0.3539369881,2.9294172095,1.9888864903,0.019032015000000003,1.9749769497,61.111111111099994,44.4444444444,22.2222222222,4.1666666667,3.75,3.5,3.375,2.5,2.5714285714000003,3.625,47,-0.9227923031,2.0608533909999998,21,108.0,7,1.0625,1.2,0.6904129505000001,0.0016462818,0.6801437378,0.0017187646,0.75,0.25,0.06403124240000001,0.06403124240000001,4,-1.3807593487,1.4939407682,0.3945604705,1.5784335996,-0.497576241,4.0,470.1666666667,2.3943735395,0.2905512863,1.191958106,23.0,62.5,47,,,0.5566739089,13,0.3990645432,0.4708734271,1.5125630334,-0.4902390245,0.8333333333,0.33333333330000003,0.75,0.75,103.5,0.0,0.2,0.7000000000000001,0.0,2.1665760055,0.38461652729999996,1.7748883238,-0.71968054,0.4888337469,0.0718888273,1.9366986053,0.2984281361,1.5862364594,-0.590921479,380.0,5.7,6.1,382.8333333333,2.0221642117,0.3048226264,1.3313276273,302.1666666667,271.1666666667,2.8302822791000004,0.19644968850000002,2.1551543982,-31.0,-18.3728103197,1.9519842623,0.2793052601,1.5926823765,0.0178811084,6.0,5.0,2.0,2.0,5.5,45,-0.5059126194,-0.6598368492000001,0.7676190765,0.2829631298,1.4291814148,0.0307265527,0.2665857057,3.5,3.8888888889,2.0,3.0666666667,1783.5988095238001,20,6,2221.0833333333,,,1.9,1.4545454544999998,2.1666666667,1.5,1.5,0.8315301179000001,0.6093769210000001
s103,0.8610771570999999,0.28262786100000004,1.6469992499000001,1.8,29.695652173899997,0.23333333329999997,664,16.95,0.33333333330000003,324,-0.2499493749,-0.7878439195,3.799622008,0.376829985,2.6494487691,0.4954734083,0.0157563286,0.013944458000000002,0.0676484375,4.4,4.5357142857,6.1333333333,2.5,3.75,3.2,3.7142857143,31,2.5493035921,0.2911131513,1.6274832983,0.1666666667,0.5,11.458333333299999,0.0125,1,-0.0005,-5.625,7.125,0.16168437030000002,3.0,-0.0050804249,-2.2086494689,1.8333333333,1.6363636363999998,0.05678410790000001,0.6941529234999999,6.1,4.6,,,,,0.1388888889,3.1666666667000003,3.3333333332999997,1.8333333333,4.3333333333,4.5,4.8333333333,5.1666666667,5.5,4.1666666667,3.3333333332999997,3.5,3.3333333332999997,4.5,6.5,5.833333333300001,-1.8842481927,-1.3897501669,-0.7962484724000001,3.7276379925,2.3645471543000003,0.26281062,1.8323315984,22.2222222222,22.2222222222,25.925925925900003,5.3333333333,4.25,3.625,2.875,3.125,3.0,3.0,39,-0.8308046694000001,3.7967503866,20,143.0,3,1.75,2.0,0.7385379792,0.0010727896,0.7926330565999999,0.0011125346,0.6388888889000001,0.0256124969,0.0256124969,0.06403124240000001,2,-1.0429854906,1.5545848563999998,0.4428168318,1.9886523307,-0.24049378289999998,3.5333333333,451.1666666667,2.4746875358,0.26702276340000003,1.8589819746,46.0,145.0,29,-11.5155628611,17.260283318499997,0.5936422140000001,3,1.0590078036,0.4598297792,2.1816714399,-0.6508920732,0.5,0.0,0.1666666667,0.5833333333,87.0,0.30000000000000004,0.8,0.8,1.0,2.7861778814,0.4668548275,1.7511357873,-1.3836299424,0.4826732673,0.0818989383,2.448815893,0.33648208189999995,1.3374102651000002,-1.0959458114,346.0,4.6,4.7,321.8333333333,2.3534749168,0.0319921224,3.2404047156,271.6666666667,246.5,3.0830431142,0.3298772614,1.6735828238,-25.1666666667,-4.6542734519,2.6566431832,0.4320514826,1.9069518231,-1.4823842028,4.5,2.0,2.0,1.0,7.0,50,-0.49054541119999995,-0.19282179370000002,1.6124188680000002,0.4022718955,1.5289274443,-0.3297931078,0.0958434283,4.1,2.7777777778,3.3333333332999997,4.1333333332999995,2633.0590909091,6,8,2609.8333333333,1.6714621146000002,-0.08004270770000001,2.4,3.0,3.6666666667,3.2142857143,3.6666666667,0.593664155,0.5745071466
s105,0.8969316108000001,0.2638396127,1.0688899604000002,1.05,41.5,0.4666666667,627,25.5,0.2,599,0.0913830128,-0.5975696549,3.1391634832,0.341286009,2.0766917434,-0.6770026633,0.00010532799999999999,0.000300869,0.0019682617,3.6,3.8928571429,4.2666666667,3.25,3.25,4.0,3.8571428571,61,2.6343263806,0.2819847082,1.8850673025,0.1666666667,0.1666666667,15.875,0.07083333330000001,0,-0.008833333300000001,0.7083333333,22.2916666667,0.0171284635,2.0,0.005737195600000001,-2.2298488665000002,1.1666666667,1.0909090909,0.0369162536,0.9195799634999999,6.3,4.7,1.0612309035,0.3817198306,1.6959365939,0.7940767846,0.8611111111,4.0,2.1666666667,2.0,3.5,2.6666666667000003,6.166666666699999,5.833333333300001,6.5,3.8333333332999997,3.6666666667,1.0,1.0,1.0,1.8333333333,2.3333333333,-0.6958081244000001,-0.8579630465000001,-0.6932395302000001,3.1607721784,2.1051004737,0.22373470420000002,1.6591894883000002,100.0,0.0,18.5185185185,6.0,1.5,4.125,2.75,3.25,2.5714285714000003,5.0,51,-0.7870721941000001,2.2302886033,25,155.0,6,1.375,1.6,0.7342792511,0.0019930811,0.8955169678,0.0019821293,0.6388888889000001,0.0006324555,0.0015811388,0.0038729833,4,-1.9693716778,0.930695832,0.2765493832,1.6094513118,-0.2689872425,4.0,295.8333333333,2.4736970938,0.33350865739999996,1.4085846798,-14.0,40.0,47,-12.161980733499998,18.332620341600002,0.5576468825,3,1.1135718604,0.5167252365,1.6784067872,-0.3567713249,1.0,0.75,0.8333333333,0.8333333333,139.0,0.0,0.2,0.5,0.8,,,,,0.5088161209000001,0.055721954100000005,1.5719594584999999,0.3366306343,1.2327890506,-1.330829252,433.0,6.3,4.8,197.0,2.8738756149,0.41065332039999997,1.8170443198,220.3333333333,294.1666666667,2.4784291702,0.3039298547,1.287505008,73.8333333333,22.685520362,1.8904599773,0.2764143662,2.1692844322,-1.0616167404,7.0,7.0,7.0,7.0,7.0,42,,,,,,,,3.5,4.6666666667,3.3333333332999997,3.7333333332999996,2160.1686147185997,4,9,3798.4166666666997,-0.35081326240000005,2.0149030205000003,1.3,1.8181818182,1.9166666666999999,1.6428571428999998,2.75,0.8215974089,0.38167900549999995
s106,1.0282872358,0.0689581722,1.4202856175,1.65,34.6666666667,0.2,800,21.8823529412,0.43333333329999996,356,-0.2931720606,-1.4486178194,2.5375497976,0.38186913689999996,1.1618950779,-0.2069959368,1.5155499999999999e-05,3.4138200000000005e-05,0.0007841797,2.0,3.0714285714,2.6,4.0,1.0,4.0,3.7142857143,65,5.3615658085,0.2436895684,1.1311612191,0.1666666667,0.33333333330000003,17.625,0.054166666700000005,0,-0.006500000000000001,-1.625,18.7083333333,0.26575899210000004,2.0,-0.0032017883,-2.2098150782,1.0,1.2727272726999999,0.09501638470000001,0.9221298278,8.3,7.0,2.2839069614,0.35415777229999995,1.5834371537,-0.1976745091,0.7777777778,1.3333333333,1.5,1.0,1.6666666666999999,5.3333333333,6.166666666699999,5.833333333300001,6.666666666699999,5.833333333300001,3.1666666667000003,1.6666666666999999,1.6666666666999999,1.0,1.8333333333,5.666666666699999,-3.1819654794,1.8991168907,0.4847229195,4.3506890982,2.390324831,0.2182388359,1.1852289554000002,22.2222222222,0.0,14.8148148148,4.0,4.25,5.0,5.0,3.875,4.1428571429000005,4.75,53,-1.2494826612,3.4664424285,40,160.0,6,1.0625,1.1333333333,0.6421589851,0.0012834576,0.6838119506999999,0.0013489725,0.4722222222,0.0002011893,0.0002011893,0.0002011893,3,-1.4886375363,1.7468442709999998,0.34729409310000003,1.2854258133,-0.3676881122,5.533333333300001,290.3333333333,2.4567900816,0.3524096882,0.7319482073,47.5,12.5,47,0.0048136832,1.8764282864,0.3842625785,7,1.6993678125999998,0.4320792534,1.5742572153999999,-0.3358341086,0.75,1.0,0.8333333333,0.9166666667,149.0,0.0,0.1,0.5,0.1,2.742106306,0.3891302388,1.3630574258,-2.4816802699,0.3936430318,0.033057296800000004,3.3287592529000003,0.2613947676,1.05951333,-2.1585742854,281.0,5.4,4.9,346.1666666667,2.0386350596000002,0.3249524955,0.8779011829000001,230.1666666667,259.3333333333,1.7239005431999999,0.15631191860000002,1.7625709857,29.1666666667,31.926415094299998,2.5831842017,0.3510548378,1.6605869859,-1.3524009816999998,5.0,7.0,4.0,1.0,2.0,21,-0.7133275480000001,-0.7074145068000001,1.3907578685,0.33645528869999997,1.1959147008,-0.428685476,0.4784159881,3.2,4.6666666667,1.8888888889,2.1333333333,1548.5303030303,4,10,4390.8333333333,-0.05602783150000001,0.8244831826000001,1.0,1.0,1.0,1.2857142857,1.25,0.4162853786,0.6711490993000001
s107,1.1523832164,0.18960140949999998,1.9726360163999999,2.25,35.1052631579,0.3666666667,622,41.0588235294,0.43333333329999996,649,-0.5518143752,-0.7285138363,3.5325682011,0.3405503498,2.0673932065000002,-0.7864343436,0.0002609609,0.0015495758,0.006838867199999999,4.1333333332999995,3.3571428571,5.666666666699999,3.0,3.0,3.4,2.8571428571,39,3.5967279092,0.3093738346,1.2492603345,0.6666666667000001,0.33333333330000003,11.208333333299999,0.1625,2,0.0028333333,-4.5416666667,13.541666666700001,0.1211586902,1.0,0.0024072207999999997,-3.7315281276,1.1666666667,1.0909090909,0.2234873837,0.6430794458,6.7,7.8,1.9293251056999998,0.3489643814,1.857197032,0.3141070338,0.33333333330000003,1.6666666666999999,3.0,2.1666666667,3.3333333332999997,3.1666666667000003,4.8333333333,4.6666666667,4.6666666667,4.5,3.0,2.0,3.3333333332999997,3.5,3.5,4.1666666667,-4.1173042721,-0.6510476197,-0.5629734621,4.194188013,2.2742934703,0.1022128872,2.0552598174,55.5555555556,66.6666666667,55.5555555556,5.0,3.75,2.375,2.0,4.5,3.1428571429,2.875,47,-1.0385004381999998,3.3813588491,27,164.0,6,1.4375,1.4666666667,0.6801818848000001,0.0010243000000000001,1.0,0.0012345529,0.5,0.009797959,0.0250474647,0.0256124969,2,-0.7402918654,1.5906065135,0.5030762034,2.0770405836,-0.31877880470000003,3.4666666667,300.0,2.8869030493,0.2929054256,1.4785710512,21.5,38.5,35,-29.7529814543,34.0019393471,0.5763595557,11,1.4139710118000002,0.4731123392,1.9387495279,-0.6530756607,0.5833333333,0.5,0.5833333333,1.0,96.5,0.2,0.6000000000000001,0.6000000000000001,0.4,2.6666725881,0.4798784232,1.9668188316,-1.7279236377,0.5975,0.055891168600000006,3.0347154961,0.3121864425,1.6148123138,0.2794030617,299.5,5.8,5.1,244.8333333333,3.3036666938,0.18218875489999997,3.5135871414,255.8333333333,273.5,3.2422387196,0.3160815212,1.9600830749,17.6666666667,-18.3796918802,3.0956360569999997,0.3271748103,2.2790085252,-0.35440473640000003,6.0,5.0,5.5,3.0,4.0,43,0.1399431264,-0.4179414388,2.1906063412,0.3143527363,1.8339244002000001,-0.9601883306,0.158703626,3.1,3.5555555556,2.5555555556,3.6,2470.2454545455,-1,10,3937.25,-0.6800994652,1.1561821405,2.1,2.0,2.5833333333,1.9285714286,2.5,0.2205553883,0.1797998153
s108,1.0147730808,0.2297218494,1.4009658972,1.75,30.9545454545,0.2666666667,656,22.5,0.4,383,-0.5800173625,-1.3321400972,3.8659649704000003,0.4994746008,1.7684585324000002,-0.2695053463,3.02162e-05,9.2679e-05,0.0111357422,4.0,4.3928571429000005,5.5666666667,3.0,2.75,3.4,3.8571428571,29,4.1647024711,0.32632362379999996,1.4111449773,1.0,0.0,4.4583333333,0.1125,3,-0.0041666667,-2.2083333333,2.3333333333,0.0208037825,1.0,-0.0018321513,-1.2913711584,1.1666666667,1.1818181818,0.4588078619,-0.0018674994,6.6,6.5,2.0245614907,0.4778979592,2.3091783886000004,-0.0826268012,0.7777777778,2.3333333333,1.8333333333,2.1666666667,1.1666666667,3.6666666667,3.1666666667000003,3.3333333332999997,4.6666666667,5.833333333300001,3.1666666667000003,2.3333333333,2.0,3.1666666667000003,1.1666666667,6.0,-2.9238003973000004,0.8186052384999999,0.4902031417,4.3397286539,2.3768460075999998,0.2245263834,2.0558244892,50.0,66.6666666667,33.3333333333,2.5,2.75,2.75,3.125,3.625,2.1428571429,3.25,31,-0.8075379761,4.3503317988,17,202.0,6,1.3125,1.0666666667,0.8256057739,0.0009403176,1.0,0.0011827446,0.6111111111,0.0015811388,0.0015811388,0.0038729833,1,-0.36775666549999997,1.9660422765999999,0.3213806738,2.9264244636,-0.4435997066,3.4,389.3333333333,2.6567374683,0.3178941427,1.7205709748,31.0,87.5,44,19.2029985213,-10.4122079373,0.6453253666000001,14,1.4793229716,0.5097787939,2.4719536188999998,-0.037263863599999995,0.5833333333,0.25,1.0,0.4166666667,81.0,0.30000000000000004,0.7000000000000001,,0.0,2.8228517750999997,0.4228098036,2.1480410679,-1.5558814106999999,0.4950738916,0.06720196340000001,3.3605363793,0.33851848160000003,1.3512035342,-0.7179172732,349.5,6.9,5.8,349.3333333333,3.7069285405000003,0.39592320229999994,2.3549941572999997,275.1666666667,310.0,2.9061467103,0.3077862521,2.1422014976,34.8333333333,169.488716835,3.4273408244,0.43942567810000005,2.390344648,-0.9035860064,5.0,3.5,1.5,1.0,4.5,55,0.0223167171,-0.4634694278,1.8519570103999998,0.4337266055,1.758022182,-0.3716980309,0.16224519269999998,4.4,2.7777777778,2.2222222222,3.1333333333,2609.7727272726997,-5,11,4432.4545454545005,4.7204931958,-0.8209805521,2.7,1.8181818182,3.0833333332999997,1.1428571429,1.5,0.8789986569,0.4867264704
s109,0.9345633912000001,0.0263998752,1.8579557378,1.8,20.9545454545,0.2666666667,438,17.0869565217,0.23333333329999997,374,-0.9174198388,-0.451059965,2.2966996199,0.3627664444,1.6425619728999998,-0.27883872870000004,0.0004429626,0.0013471909000000002,0.0090263672,3.1333333333,2.9285714286,3.9666666667,3.0,2.5,3.4,2.8571428571,45,2.3672965506,0.2574134622,2.4091341528,0.6666666667000001,0.1666666667,8.4166666667,0.0666666667,1,0.0016666667,-1.5,10.875,0.0375,1.0,-0.0017450979999999998,-1.0196078431,1.1666666667,1.2727272726999999,-0.1375755588,0.5784639895,7.3,7.2,1.4721615047999999,0.44415351659999996,2.0829949964,-0.4524854499,0.30555555560000003,2.0,2.3333333333,1.8333333333,4.1666666667,4.0,6.0,4.8333333333,5.5,4.8333333333,3.0,1.1666666667,2.3333333333,2.8333333332999997,5.3333333333,4.6666666667,-0.7110029694000001,-1.4930764015,-0.6468257519,0.9790301345999999,1.0100367178,0.0563016453,1.6964113086,44.4444444444,44.4444444444,62.962962963,5.5,5.5,3.125,3.0,3.25,3.2857142857,3.5,48,-0.3422410601,2.3677245872999997,25,133.0,6,1.0625,1.8666666666999998,0.7423069,0.0015015254999999998,0.9576660156,0.0018466348999999999,0.3888888889,0.0038729833,0.009797959,0.009797959,5,-0.6568763250999999,1.3964574152000002,0.4957826646,2.282866969,-0.2515020308,3.4,336.6666666667,2.0878819795,0.2481684156,1.4086791389,50.5,27.5,44,2.3498472124000003,0.4593555351,0.7997560254,9,1.1243053095,0.5750117035,1.7393282047,-0.1193617523,0.4166666667,0.75,0.75,1.0,112.0,0.1,0.2,0.5,0.9,2.263551219,0.2513990027,2.6679300975,-0.7463811034000001,0.39454094289999997,0.029271392099999998,1.8247228538,0.3302344077,2.1592182672,-0.24287283760000003,510.0,6.0,6.7,397.5,2.2768421673,0.4398746511,0.9586465033,305.1666666667,386.6666666667,2.2988158426,0.3856383754,1.4005760482,81.5,2.9725810885,2.1346290743000003,0.4699363793,1.9467786434999999,-0.921695286,6.5,5.5,6.0,2.0,3.5,40,-0.1899837057,0.41385768759999997,1.3756881949000002,0.18727253859999998,2.1077941488,-0.10781489289999999,-0.7948896846,2.7,4.3333333333,2.1111111111,2.7333333332999996,2495.975,15,5,3599.0,-0.6020831006,0.3735898996,1.9,1.8181818182,1.8333333333,1.4285714286000002,2.8333333332999997,0.7896617864000001,0.3525971572
s110,0.4724614395,0.1882507596,1.1465846548,1.3,26.75,0.2,616,12.72,0.1666666667,308,-0.8135405554,-0.8291962631,2.4528302777,0.27022731899999997,1.2122622862,-1.6303727926,0.0189578853,0.0367980957,0.09900195310000001,5.1333333332999995,3.3214285714000003,5.3,1.5,2.25,2.8,3.5714285714000003,38,2.7638861778,0.2160658207,1.4681429541,0.33333333330000003,0.33333333330000003,5.1666666667,0.1,2,-0.0003333333,-1.6666666666999999,10.75,-0.046582406500000006,2.0,-0.0092861476,-1.9732052578,1.0,1.0,0.5658187411,0.45819244159999994,5.7,4.6,1.2182901615000001,0.3064370528,1.6850185474000001,-0.4033298925,0.0,1.0,2.0,1.1666666667,3.6666666667,3.0,6.5,6.5,6.666666666699999,6.0,3.6666666667,1.3333333333,2.1666666667,2.5,2.3333333333,4.5,-2.3852674083000003,0.14655499560000002,0.3298219498,4.6604910377,2.5365321612,0.17839814469999998,1.3439110532,61.111111111099994,55.5555555556,48.148148148100006,4.3333333333,5.0,3.0,2.0,2.75,3.0,4.375,48,-0.7017421781000001,4.5619233948,26,120.0,9,1.125,1.1333333333,0.6435934067,0.0008878011,0.8122179032,0.0013406951999999999,0.3888888889,0.0256124969,0.158113883,0.1265219767,4,,,,,,3.7333333332999996,,,,,,,43,,,0.44218470979999996,7,0.8468476233000001,0.2481772222,1.577843188,0.0013483701,0.8333333333,0.6666666667000001,0.75,0.8333333333,107.0,0.2,0.1,0.5,0.4,2.3994612737,0.36481936649999996,1.9068221386000002,-2.1509120841,0.4458438287,0.0110473978,1.3508073046,0.20011774079999997,0.8723064813,-2.4436700939,287.5,5.5,4.7,,,,,,,,,,,,1.9172878661,0.2990343976,1.5091494666,-1.5431822350000002,4.5,5.5,2.5,1.0,2.0,48,,,,,,,,3.8,2.8888888889,3.3333333332999997,3.4,2182.7481481481,4,7,3268.5,,,2.3,1.8181818182,2.25,1.7857142857,1.6666666666999999,0.876295535,0.39704768799999995
s111,1.2218642720000001,0.2494982261,1.6798075733000002,2.35,22.9545454545,0.2666666667,501,13.6363636364,0.2666666667,290,-0.9425478251,-1.5876976816,2.9680269860000004,0.38344012299999997,2.2576852925999997,-0.6496955006,0.0009273878,0.2107822266,0.059725585899999996,4.2,5.7857142857,6.2666666667,2.75,2.5,3.4,3.5714285714000003,39,3.5573316024,0.2885317485,1.7405583275,0.8333333333,0.1666666667,14.916666666700001,-0.125,0,0.0006666667,-0.5,20.4583333333,0.12916666670000002,1.0,-0.0031176471000000003,-4.2549019608,1.0833333333,1.0,0.1778842246,0.9441226354,10.5,10.9,0.5846330779000001,0.4089642087,1.8095090675999999,2.3701211397999997,0.0833333333,1.6666666666999999,3.6666666667,1.6666666666999999,4.8333333333,4.5,6.0,5.0,6.5,5.0,3.5,1.6666666666999999,2.5,2.3333333333,2.6666666667000003,3.8333333332999997,,,,,,,,27.7777777778,66.6666666667,18.5185185185,4.5,3.75,4.125,4.125,3.875,3.2857142857,3.875,54,-0.7717910818000001,3.4406522452,24,160.0,5,1.875,1.8,0.7748316765000001,0.0015883648000000002,0.9517501831,0.0019421935999999998,0.6111111111,0.0256124969,0.0250474647,0.06403124240000001,3,-1.0717810756000001,2.0501588758,0.4620519869,1.8183788053,0.0218977421,4.4666666667,379.0,2.7295375808,0.34345840899999996,1.3668173552,2.0,-5.0,29,-8.6357489967,8.4124412388,0.6066099114,11,1.5425793243,0.3886444128,1.9892775458,-0.7663079092,0.5833333333,0.6666666667000001,0.33333333330000003,1.0,99.0,0.0,0.30000000000000004,0.8,0.4,2.2365380037,0.4839861086,1.7968537891999998,-0.8308023281,0.5259259259000001,0.0461780116,3.0970273141000004,0.3350156499,1.7661839744999999,-0.3022543123,361.0,6.3,6.5,306.0,3.2083199286,0.35272427700000003,1.684524161,265.5,341.0,2.2440310647,0.12272206599999999,2.4094781399,75.5,90.96523582409999,1.8401399554,0.32089937150000003,1.8113323484,-0.9893203725,5.5,3.0,3.0,7.0,7.0,46,-0.16240323539999998,-0.0195134944,1.6144757251,0.3281851113,1.3959033007,-0.8179898511,-0.8313017906999999,4.5,3.5555555556,3.2222222222,4.4666666667,2836.81,6,7,4958.9166666667,0.1252287189,1.2383742309999999,2.2,3.0,3.1666666667000003,2.6428571429,3.8333333332999997,0.1935873171,0.3772382368
s112,1.2752409283,0.2262541941,1.3851237653,2.25,31.7083333333,0.2,720,27.4545454545,0.2666666667,579,-0.7102759681,-0.3590453267,4.4365984673000005,0.2427821267,2.5500012341,-1.108612956,0.0049017523,0.0235009766,0.07096191410000001,3.4,3.4285714286,3.8333333332999997,3.75,2.5,3.2,2.5714285714000003,47,5.1381384587,0.2514002407,1.2827538879,0.33333333330000003,0.5,7.666666666699999,0.1333333333,2,-0.009000000000000001,-0.5,15.1304347826,0.5537018509,3.0,-0.0299554777,-3.1652076038,1.0,1.7272727273,-0.1133747349,0.45160557409999996,7.5,9.5,2.302272426,0.3648738963,2.0539376889,-0.5564011189,0.027777777799999997,3.3333333332999997,3.8333333332999997,1.8333333333,2.3333333333,4.0,4.0,4.5,4.3333333333,4.0,2.6666666667000003,2.1666666667,3.1666666667000003,3.1666666667000003,2.8333333332999997,5.5,-3.8469406942,-3.2419563764999997,-0.5629734621,4.194188013,2.9751452099,0.1635938463,2.016727382,50.0,33.3333333333,55.5555555556,5.3333333333,5.0,3.875,4.375,3.375,3.4285714286,3.25,48,-0.8893284576999999,4.1867508355,26,161.0,5,1.1875,1.6,0.6882799149000001,0.0018032989,0.95,0.0026627253000000004,0.6388888889000001,0.158113883,0.06403124240000001,0.158113883,2,-0.32875634340000004,1.9276452772,0.351910215,2.2908937559,-0.1992147186,4.7333333333,304.3333333333,2.8459322402,0.28336513550000003,1.341743738,42.0,53.0,44,2.261339314,-0.5548835857000001,0.46298056340000004,12,1.7625481469,0.3527848796,2.5550206531,-0.0540389222,0.6666666667000001,0.4166666667,0.6666666667000001,0.9166666667,123.5,0.4,0.5,0.8,0.7000000000000001,3.874128485,0.3428321506,2.0511323993,-2.6247964123000003,0.4987775061000001,0.0986026031,4.2003102567,0.2289264837,1.4723562284,-0.5752385972999999,233.0,6.8,6.1,254.6666666667,3.1675087281,0.32287576230000004,1.5209736693,209.6666666667,204.3333333333,3.4213674966000003,0.32472188290000004,1.5487898813999998,-5.3333333333,24.2765223771,3.0584192491000004,0.3111043982,2.455528144,-1.1332879218,6.0,6.0,6.5,2.5,4.0,41,-0.710644194,-0.35712977100000004,1.689434441,0.2792396203,1.8966634569,-0.35210377229999995,-0.3908286431,3.4,3.8888888889,2.2222222222,3.0,1095.1261423761,25,7,3092.0833333333003,2.3558255263,-0.6418538862000001,1.8,1.7272727273,1.75,1.8571428571000002,2.75,0.22448494289999998,0.4926384454
s114,0.8960515469,0.1507658631,2.0738634629,2.15,50.6666666667,0.5,710,30.714285714299997,0.5333333333,400,-0.2852178486,-1.0464849443000002,3.0034752017,0.3552522403,1.8018384452,-1.6797384459,0.0001369792,0.00032802010000000003,0.0009274902,3.0666666667,4.0714285714,4.2333333333,2.75,2.75,2.8,3.0,41,4.1326042723,0.2991279615,1.388290236,1.0,0.0,11.333333333299999,-0.0666666667,1,-0.0026666666999999996,-3.3333333332999997,12.083333333299999,-0.0926041667,2.0,0.0014958333,-3.3177083332999997,1.0,1.5454545455000002,-0.14285714289999998,1.0919080919,8.1,7.8,2.000291121,0.4545227637,2.5340051372,-0.8866147722000001,0.8888888889000001,2.3333333333,2.6666666667000003,2.0,3.5,2.5,4.1666666667,4.6666666667,3.5,3.1666666667000003,2.5,1.0,2.6666666667000003,3.5,4.5,5.0,-1.6026518477,1.0449672962999998,-0.3719338943,3.8121088774,2.7566009805,0.11032831289999999,1.9469493978,38.8888888889,22.2222222222,22.2222222222,5.833333333300001,2.25,4.0,3.75,3.0,3.8571428571,3.75,49,-0.8075379761,4.3503317988,28,191.0,7,1.0,1.6,0.8469238281,0.0010305459,1.0,0.0007238719,0.6666666667000001,0.0004,0.0006324555,0.0015811388,1,-0.6196105663,1.9099993459,0.4295857274,2.0152324896000002,-0.0591356028,5.1333333332999995,407.0,3.1446374057999997,0.3172800924,1.4422484767,39.0,90.5,42,-2.7351233054,17.403841203699997,0.40501084979999996,16,1.8853480745,0.5769292434000001,1.9100471678,-0.31514854800000003,0.8333333333,0.6666666667000001,1.0,0.9166666667,121.0,0.2,0.5,0.6000000000000001,0.8,2.9562172383,0.42819977649999996,2.4441223988000003,-1.0680650406,0.3797468354,0.0556798686,3.6112230601,0.3110836752,1.9155048128,-0.8659679382000001,272.0,6.6,5.4,390.6666666667,3.2481498593,0.3088104654,2.314312567,279.8333333333,274.3333333333,3.9615897699000002,0.33391935219999996,1.8250673758000002,-5.5,14.6068907563,3.4512012148,0.2993524839,2.1423143666,-1.2251910813,5.0,5.5,6.5,4.0,4.5,52,-0.193155495,-0.2128809981,1.9114318252000002,0.049932218,3.1438935988999996,0.1606292868,-0.1347860714,3.0,3.7777777778,2.3333333333,2.7333333332999996,2805.53125,-2,8,5532.666666666701,1.8490146369999998,-0.6131044729,2.3,2.1818181818,2.5833333333,1.0,3.0,0.5121754442,0.6783154804000001
s123,1.1785068919,0.25425666420000004,1.0344924277,1.3,25.5714285714,0.30000000000000004,532,28.88,0.1666666667,704,-0.8684225468000001,-0.6529591343000001,2.2547805471,0.32657934899999996,1.0438528771,-0.7932818311000001,0.0002673607,0.0045248108,0.1168076172,4.0666666667,3.2142857143,4.2,3.0,2.0,3.0,3.0,40,1.8759929132,0.2634043338,0.8991831212000001,0.0,0.1666666667,14.958333333299999,-0.2208333333,1,-0.0011666667,-3.375,22.0869565217,-0.0346674877,2.0,-0.0071482759000000015,-3.4895320197000004,1.0,1.4545454544999998,-0.4880753786,0.6414462781,9.2,6.8,1.1732110048,0.37044095829999996,1.3560188314,-0.5629885004,0.055555555599999994,2.3333333333,2.8333333332999997,1.6666666666999999,2.5,2.8333333332999997,3.0,3.6666666667,2.5,3.6666666667,2.3333333333,2.5,2.3333333333,5.1666666667,3.5,5.666666666699999,-1.9698762913999999,-1.9788296913999999,-0.7848481348999999,2.4311508684,2.5175482729,0.285403605,1.0636757351000001,72.2222222222,44.4444444444,40.740740740700005,6.0,3.75,3.0,4.0,3.125,2.8571428571,3.25,49,-1.0705413209999999,3.8243251091,26,147.0,5,1.0,1.6,0.63859272,0.0016944567999999998,0.7497940062999999,0.0021338437,0.3888888889,0.0636371852,0.06403124240000001,0.06403124240000001,6,-1.2974169762999999,1.2993529646,0.31415208170000003,1.2375873772,-0.1535709341,4.5333333333,261.3333333333,1.9809774278999999,0.2950528076,1.1714262252,7.0,18.0,45,,,0.3752646685,4,0.516119587,0.27269134700000003,1.4468831238,0.0222346677,0.5833333333,1.0,0.5833333333,0.9166666667,122.0,0.30000000000000004,0.2,0.4,0.7000000000000001,2.4552436396,0.3912835999,1.1016042508,-2.2693061055,0.4310344828,0.0358547295,1.4379052728,0.2767620096,0.9296299104000001,-2.1481100227,306.0,4.9,4.4,407.5,1.5011322656000001,0.08192629080000001,1.7158485694,257.8333333333,263.6666666667,2.2208477287,0.2730813771,1.3258302432,5.833333333300001,13.1245841495,2.2183551085,0.302682013,1.5826293438,-1.8569124928,4.0,5.0,4.0,2.0,2.5,53,-0.11972724189999999,-0.5038375124000001,0.8758878343000001,0.2618962475,1.2857664931,-0.4210420777,0.1170959945,4.0,4.3333333333,2.0,3.2,2438.8729166667003,13,5,4646.0,-0.2267194672,0.030771658700000006,1.7000000000000002,1.6363636363999998,2.25,2.1428571429,2.5833333333,0.3547658628,0.1683752471
s128,,,,,16.875,0.2,385,14.166666666700001,0.2,320,0.3082294278,-1.4990508417,2.9992959775,0.3969985896,1.4318897127,-0.9026049858,0.231593071,0.0208862305,0.0189853516,5.1333333332999995,3.9642857143,5.7,2.75,2.5,3.2,3.7142857143,33,4.5078051803,0.2633367581,1.9945706624,0.1666666667,0.6666666667000001,5.0833333333,0.05,3,-0.006666666700000001,-0.75,10.875,0.043577700600000005,2.0,-0.0073253012,-2.2627118644,1.0833333333,1.0909090909,0.6402580971,0.4527921196,7.3,7.2,3.0439405012000003,0.3297189095,1.9194225451,-0.6679675381,0.22222222219999999,2.8333333332999997,4.1666666667,2.0,1.1666666667,3.1666666667000003,5.3333333333,5.666666666699999,5.666666666699999,5.5,4.3333333333,1.8333333333,1.6666666666999999,4.0,1.3333333333,3.5,-3.8312295837,-2.3899111397,0.33223158610000003,4.6556717651,2.8482883249,0.1854308914,1.7415554392,72.2222222222,66.6666666667,48.148148148100006,3.5,2.0,2.75,3.75,4.125,3.5714285714000003,1.25,45,-1.2083775268,3.5486526974,23,212.0,10,1.0625,1.0,0.6460633516000001,0.0009903153,0.90440979,0.0019969699,0.6111111111,0.06403124240000001,0.06403124240000001,0.0099597577,3,-0.8109377726000001,1.1786828098,0.42019698159999996,1.8552381669999998,-0.8474987206,3.8666666667,344.1666666667,2.5053993437999997,0.3153836868,1.2785407739,28.0,27.0,42,,,0.5370140674,13,2.2893214261000003,0.3258670306,2.1463616166,0.19928704649999998,0.1666666667,0.6666666667000001,0.4166666667,0.25,105.0,0.1,0.4,0.4,0.0,2.9666951089999998,0.4015810743,1.1733897355,-2.5949896177,0.5049019607999999,0.057497587999999995,3.1044356337,0.28739889890000003,1.3414938803,-0.8782723037000001,330.0,5.8,5.7,375.5,2.7234784806,0.34834653950000005,0.9136847663,287.3333333333,331.5,2.7476876141,0.32253776900000003,1.2962594249,44.1666666667,19.9111888112,2.3639647613999997,0.3267376221,1.5886932980000001,-1.5833440380000001,5.5,3.0,2.5,2.0,3.0,40,-0.20030497,0.11189884369999999,1.6198018441,0.2994746645,1.6939095177,-0.23116521539999998,-0.5618036682,2.8,4.0,2.6666666667000003,2.6666666667000003,1992.3074074074,6,6,4085.0,-0.1717073556,0.0134833503,2.8,2.0,2.5,2.0,1.3333333333,0.5120689884,0.404661714
s129,0.8064968045,0.042372182,1.5595722474,1.55,27.5714285714,0.30000000000000004,552,37.7,0.33333333330000003,711,-0.0631870472,-1.1077645831999998,3.3608162651,0.3726174644,1.7709312029,-0.5767768461,0.0001032185,0.0006163597,0.2560898438,4.2666666667,3.3571428571,4.0333333333,1.75,2.25,3.6,4.0,42,4.722707762,0.2958066588,1.3542229754,0.5,0.1666666667,11.625,-0.0958333333,1,0.0001666667,-6.958333333300001,6.916666666699999,-0.032683215099999996,1.0,-0.0010260047,-1.0780141844,1.0833333333,1.5454545455000002,0.3131532952,0.5796377532,6.3,4.9,1.8419447661,0.5055305290000001,1.5183534455,0.0709686199,0.3611111111,3.1666666667000003,3.0,1.1666666667,3.6666666667,3.1666666667000003,5.0,5.1666666667,5.666666666699999,3.3333333332999997,1.8333333333,1.5,2.6666666667000003,2.0,4.6666666667,5.5,-2.2623145407,1.0043813637999999,0.1910395678,4.9380558016,3.8451636094,0.2243977377,1.8532356219,66.6666666667,55.5555555556,44.4444444444,3.6666666667,5.5,3.125,1.75,2.75,3.1428571429,4.125,43,-1.0170844173,3.9312389163,19,197.0,8,1.125,1.6666666666999999,0.5,,0.9959472656,0.001198879,0.3611111111,0.0015811388,0.022315642200000003,0.0099597577,2,-1.1746011619,1.5527653425,0.473235745,1.6525434779,-0.4499313586,4.0666666667,384.1666666667,2.6314021421000002,0.3312918716,1.192536718,-24.5,8.0,43,32.2421398659,-25.219965304699997,0.45106912509999997,12,1.1080004517,0.6402038091000001,1.5187410623000002,-0.28153716019999997,0.5,0.75,0.9166666667,0.6666666667000001,117.0,0.4,0.4,0.8,0.6000000000000001,3.0022653008999995,0.4120582920000001,1.2085527483,-1.7366052441000002,0.4172839506,-0.0193792504,3.3390631613,0.2828665828,0.962280383,-1.0514391320999998,344.5,5.8,4.0,,,,,300.1666666667,310.5,2.5790614693,0.3491086742,1.2975200759999999,10.3333333333,21.407778865,1.9308746836000001,0.33272638309999997,1.8079607015,-0.6938728253,4.0,3.5,5.0,2.0,6.0,34,-0.2782502055,-0.0752981667,1.5110960902,0.3865464703,1.4278549131,-0.35220326700000004,-0.4817916847,3.9,3.5555555556,2.4444444444,2.0666666666999998,2180.1018518519,9,8,3577.8333333333003,-1.2923755826999999,1.3702940198,2.8,1.3636363636000002,1.5,1.0,3.0,0.8072834293000001,0.26956558950000004
s131,1.341568095,0.048196855,1.5647935852000001,2.05,26.6,0.1666666667,640,24.238095238099998,0.30000000000000004,479,-0.2896070355,-0.8126158433,2.9784164313,0.4339571849,1.4804660719999998,-1.0076167329,0.0012670715,0.0802512207,0.3208642578,3.5333333333,3.25,2.2,2.0,1.25,2.2,2.0,55,5.8703689373,0.2860702724,2.8062316009,0.0,0.33333333330000003,5.0,-0.05,2,-0.01,-1.8333333333,11.875,0.4274810765,2.0,-0.0063498738,-1.3113961312,1.0,1.0909090909,0.033347436099999996,0.7412209987,7.9,7.3,3.4430193748,0.5224754040999999,2.2483077097,-0.6675217127,0.0833333333,1.0,1.5,1.0,1.5,2.8333333332999997,7.0,5.833333333300001,5.1666666667,5.5,3.0,1.0,1.3333333333,3.0,2.0,4.8333333333,2.8420667526999996,2.9250160037,0.1910395678,4.9380558016,4.7003647478,0.4162958879,3.9216613889999996,27.7777777778,0.0,11.1111111111,5.0,6.75,3.5,3.5,4.375,3.7142857143,3.5,57,-1.0816155204,3.2951286846,17,199.0,4,1.1875,1.0,0.8737045287999999,0.0008780447,0.9306152343999999,0.0009876406,0.5277777778,0.06403124240000001,0.25,0.25,3,-0.7081272202000001,2.2862170478,0.46043009549999997,2.1246039609,-0.1570947016,5.2666666667,,,,,,,47,6.8550300053,-4.4895453369,0.5521626271,8,1.5070624331,0.6746568829999999,1.6935853566,-0.1431480924,0.5,0.9166666667,0.8333333333,0.9166666667,132.0,0.30000000000000004,0.0,0.2,0.1,4.1352061662,0.4682817417,3.0529167702,-1.6828303086,0.3414634146,0.016891993600000002,5.7750435986,0.3721191479,1.9162066485,-0.2839531235,295.5,5.4,5.5,470.8333333333,4.1424009743,0.3576038928,1.8870165416999998,369.9166666667,356.3333333333,3.1030243156,0.044068908600000005,3.7972363511,-13.583333333299999,-14.1005730381,1.5683477330000002,0.5462647890000001,1.7581753513999998,-0.393396103,4.0,7.0,6.0,1.0,3.0,54,-0.393653639,-0.4912034624,0.6179453989,0.130427898,1.8188839475999998,0.2355772165,0.2466553132,1.9,3.2222222222,1.4444444444,1.4,2163.2,23,6,3259.0,-0.5667592977,1.2039728043,2.7,1.2727272726999999,1.0833333333,1.0,1.0833333333,0.6995827156000001,0.4404997832
s135,0.6614460002,0.0138562889,1.7038500949000002,1.3,8.3,0.0,244,6.04,0.1666666667,143,-0.4724051717,-0.9510770262,4.2549729,0.3972771722,2.3583862263,-0.1649696462,0.0001173005,0.028821167,2.2216799999999997e-05,4.1333333332999995,3.25,3.5666666667,3.5,2.25,3.6,2.7142857143,57,2.5142334809,0.3169299661,1.9559213501,0.5,0.5,10.375,0.07083333330000001,0,0.0051666667,0.2916666667,7.875,-0.012487361,0.0,-0.0009929221,0.2290192113,1.5833333333,1.7272727273,0.8146497351,0.2106034576,7.6,2.8,2.8662099574,0.43422011759999996,2.3648735375,-0.08943081609999999,0.0,1.6666666666999999,1.8333333333,1.1666666667,4.0,4.0,5.833333333300001,5.5,5.833333333300001,5.3333333333,3.6666666667,2.1666666667,3.6666666667,2.5,3.0,4.8333333333,-3.5693719009,-2.5739830874000003,-0.0920465747,3.1862650416000005,2.0095390856999997,0.1401037151,2.0468150267,44.4444444444,0.0,59.2592592593,6.5,3.5,4.125,4.25,4.0,4.0,4.625,51,-0.8742787237,3.2356769612000003,32,107.0,8,1.375,1.4666666667,0.6998468399000001,0.0011921025,0.7828738212999999,0.001180926,0.33333333330000003,0.158113883,0.1265219767,0.158113883,6,-0.31092976110000003,1.7088518253,0.4593162427,1.9903369969,-0.6053661046000001,4.4666666667,,,,,,,46,2.3738483490999998,-1.3750494328,0.6569096418,2,1.3390587472,0.53739304,1.9873590817,0.106208705,0.5833333333,0.75,0.6666666667000001,0.75,133.0,0.2,0.30000000000000004,0.30000000000000004,0.4,2.8523494539,0.23680361239999997,3.1630161427999997,-0.2396460774,0.5558739254999999,0.07470942080000001,1.7564852049000002,0.2938096905,1.9143728071000001,-0.1703620607,342.0,5.4,5.6,339.0,2.4680726649,0.4484214701,2.0427149615999998,218.3333333333,499.5,1.3003905873000001,0.0868979839,2.01507058,281.1666666667,54.8285714286,2.2807384932,0.4077059611,1.7333886181,-0.6514000321,5.5,7.0,7.0,4.0,5.5,45,-0.0093892002,-0.1511837898,0.260014575,0.0038901413,1.9096955856,-0.0831784715,-0.0742020157,3.5,3.7777777778,3.0,3.2666666667000004,2198.2037037037,11,7,3121.8333333333003,,,1.3,1.2727272726999999,1.75,1.5714285713999998,3.0,0.8962352025,0.20416923190000003
s140,0.8512290661,0.2011077164,1.413775805,1.6,21.8518518519,0.1,550,24.0,0.1666666667,575,0.2535743834,-1.2603963167,3.4867710674000003,0.3682082663,1.6136556401000002,-1.4199239122,0.0005415142000000001,0.0063910521999999996,0.0314169922,4.0,3.6071428571,3.8333333332999997,2.0,2.25,2.8,2.7142857143,48,3.6303684633,0.2795439984,1.5612569385,0.1666666667,0.5,7.916666666699999,-0.0416666667,2,-0.0183333333,-1.6666666666999999,6.375,-0.029170879700000006,2.0,-0.0106309403,-2.8159757331,1.0,1.2727272726999999,0.2701149425,0.6048214831000001,6.0,5.0,1.7039836125,0.4355447019,2.2929104091,-0.1976856264,0.1388888889,1.6666666666999999,3.0,1.1666666667,2.1666666667,2.6666666667000003,4.5,4.0,5.5,4.6666666667,2.6666666667000003,1.6666666666999999,3.1666666667000003,1.5,2.3333333333,3.5,0.06938149290000001,1.284965406,0.0,5.320134937200001,3.7541961581,0.1076891124,4.4792212475,33.3333333333,33.3333333333,33.3333333333,6.0,2.0,4.0,3.875,4.0,4.0,3.75,44,-0.8075379761,4.3503317988,23,166.0,7,1.0,1.1333333333,0.7277178287999999,0.0014794007,1.0,0.0023555868,0.3888888889,0.0015811388,0.009797959,0.0256124969,2,-1.0983692212,1.3667159981,0.3835053157,2.0792380319999997,-0.390859627,4.4,324.8333333333,3.0199483319,0.3242110502,1.4075645716999998,33.5,54.0,46,4.63996475,-4.2366130235,0.4440443933,6,1.2017609193,0.6466223224000001,1.6963004887,-0.6967486279999999,0.4166666667,0.25,0.1666666667,0.1666666667,120.0,0.2,0.1,0.30000000000000004,0.30000000000000004,2.7128446906,0.4099857682,2.2681663711,-0.99865036,0.5049019607999999,0.0589092645,3.4282932311,0.3527936634,1.7144411153,-0.35555404549999997,291.5,6.4,6.1,334.8333333333,2.7626505856,0.33712414560000004,1.4268771426,233.1666666667,258.8333333333,2.5179388606,0.3421338682,1.2385647835,25.6666666667,58.3048128342,2.4673442216,0.30905661230000003,1.9463357687,-1.2492823229,6.0,5.5,6.0,2.0,5.5,41,-0.8250077906000001,-0.6457955966000001,1.2114783464,0.3139111838,1.8222606886,-0.3105691434,-0.1755836902,2.4,2.4444444444,2.4444444444,2.2666666667,1434.9479797979998,38,6,2556.25,0.8367289090000001,-0.4845083154,2.1,2.0,2.0,2.0,1.9166666666999999,0.1401508039,0.1936424316
s142,0.9379735585,0.0242921629,2.0196619119,2.25,23.0833333333,0.2,534,13.0,0.2666666667,271,0.0506943514,-0.23859513850000003,3.8571575902,0.3653650618,2.0915816168,0.2515818781,0.0001618935,0.0484897461,0.030354492200000003,5.3333333333,4.8928571429000005,6.5,4.0,3.0,4.0,1.5714285713999998,36,3.7556892415,0.2854348712,1.4935854907,0.33333333330000003,0.6666666667000001,4.7916666667,0.0458333333,2,-0.0101666667,-1.125,7.333333333300001,0.035950582,2.0,-0.0226583623,-1.4745762712,1.0,1.1818181818,-0.31343437469999996,0.7277996259,6.6,5.7,1.9910756563999998,0.3335255801,1.9950706462999999,-0.9418559731,0.0833333333,3.1666666667000003,1.6666666666999999,1.6666666666999999,5.5,2.8333333332999997,4.5,6.0,4.5,3.0,3.1666666667000003,2.3333333333,2.1666666667,4.5,6.5,5.833333333300001,-0.1196984383,0.3080593366,0.3298219498,4.6604910377,3.1905660111,0.209728278,2.4147644447,0.0,0.0,77.7777777778,6.5,1.25,5.0,4.5,4.5,4.1428571429000005,4.75,51,-0.8893284576999999,4.1867508355,37,109.0,8,1.75,2.0,0.7695135117,0.0021706898,0.8,0.0025718289000000003,0.44444444439999997,0.06403124240000001,0.158113883,0.158113883,4,-1.7688556263000002,1.520405358,0.3691381229,1.3107121148,-0.6073354393,5.666666666699999,281.8333333333,3.0720818358999997,0.33779778229999996,1.5427145868,33.0,34.5,27,,,0.5690094626000001,9,1.7485398889,0.4365081387,1.9130003978,-0.2290998555,0.9166666667,0.25,0.5,0.9166666667,132.0,0.7000000000000001,0.9,1.0,1.0,3.4924154472000004,0.41847902950000004,1.6594887932,-1.4159626068,0.4226044226,0.0762286152,3.212302751,0.3085020402,1.5219741034999998,-0.6085328320000001,282.0,6.0,5.6,275.0,4.2946274882,0.3900588529,1.4085546158000002,268.1666666667,346.5,2.2934267379,0.1319614475,2.3935100152,78.3333333333,-7.6883363707,2.947443837,0.33598898990000003,1.8595503041,-1.621215195,6.0,3.0,5.0,7.0,7.0,60,,,,,,,,1.7000000000000002,4.2222222222,2.2222222222,4.1333333332999995,1923.7097402597,3,9,2994.8333333333003,0.519517895,-0.3566749439,1.5,3.0909090909,3.0,3.0,3.9166666667,0.6321433967,0.4058560122
s145,0.9269944248,0.0948687679,1.6005332649,1.75,30.1923076923,0.1333333333,760,22.6666666667,0.4,390,0.13126069769999998,-1.6396187936000002,1.0279959054999999,0.0324268939,2.0110550304,-0.1954567009,0.0031390551,0.0205181885,0.4559423828,3.7333333332999996,3.8214285714,4.2333333333,2.25,2.25,3.2,4.0,33,1.9254855550999999,0.1806889757,1.3250592074,0.33333333330000003,0.33333333330000003,6.208333333300001,0.0125,2,-0.0041666667,-1.9583333333,21.2916666667,-0.1552380952,3.0,-0.0097428571,-2.5642857143,1.0,1.0909090909,-0.40549062469999997,0.6374337846,6.1,5.5,1.5346044659,0.4934099054,1.8145307206,-0.5616312348,0.055555555599999994,2.3333333333,4.1666666667,1.6666666666999999,3.0,3.8333333332999997,5.3333333333,5.1666666667,6.0,6.0,4.3333333333,1.8333333333,3.5,2.5,2.0,3.8333333332999997,-2.3398689199000002,-0.0352529258,-0.13699841289999998,3.3422379144,2.0625563567,0.2396496707,1.3294033718,44.4444444444,33.3333333333,40.740740740700005,2.3333333333,4.0,3.25,2.0,2.0,2.1428571429,3.75,46,-0.9149312012,2.189887142,20,118.0,7,1.0625,1.0,0.7779518126999999,0.0010220871,0.8549896240000001,0.0014857978,0.6666666667000001,0.06403124240000001,0.06403124240000001,0.0256124969,1,-0.7412874548,0.9485467389,0.3179633195,1.4326528596,-0.6380552543,4.0666666667,265.6666666667,1.9737806261000002,0.2281395889,1.3112271818,-15.5,2.5,43,1.2419181292,-1.3412774059,0.4278465461,10,1.7313053207,0.5628643662,2.1899524261,0.0187650493,,0.5833333333,,0.5833333333,101.0,0.1,0.30000000000000004,0.30000000000000004,0.0,2.3673275534,0.4515119508,1.7868073705,-1.4571063953999999,0.46305418719999997,0.0184443957,1.3481136682,0.2484696834,1.0143731133,-2.2191503045,271.0,4.4,5.0,388.6666666667,2.8280066201999996,0.3004785457,1.6531500453,252.8333333333,269.1666666667,1.9991931119,0.24082273469999999,1.5065436102,16.3333333333,53.2887971698,1.5844288459,0.3076515435,1.7315726006,-1.1202286781,6.5,5.5,2.0,1.0,4.5,47,-0.1911914659,-0.4704598025,0.7032349811,0.0185987871,2.1575364748,-0.0924430325,-0.225009614,4.1,4.5555555556,3.7777777778,3.2,3116.4851851852004,1,6,4876.0,0.11370971029999999,-0.2411620568,2.0,1.0,2.25,1.0714285714,1.25,0.7632798057,0.3830170567
s149,1.0157410751,0.09479035699999999,2.0020591790999998,2.35,51.0454545455,0.2666666667,1073,33.8461538462,0.5666666667,408,-0.7211712176,-0.5435684136,3.8382371491,0.4338595715,2.1836489942,0.0095631704,0.0005149595,0.0021466980000000003,0.0318183594,5.466666666699999,4.1071428570999995,4.6666666667,1.5,2.75,2.8,3.4285714286,30,4.124706468,0.2698106409,1.555985885,0.5,0.33333333330000003,7.75,0.0916666667,2,-0.0046666667000000005,-4.0,4.4166666667,0.0668674699,2.0,-0.0033416377,-2.9745762712,1.4166666666999999,1.0909090909,0.4124048525,0.6450999049,8.5,9.4,1.9177498674000002,0.37905471979999994,2.3464917149,-0.4355487463,0.25,3.6666666667,4.8333333333,2.6666666667000003,4.3333333333,3.8333333332999997,3.8333333332999997,3.6666666667,4.0,3.1666666667000003,3.5,3.1666666667000003,2.8333333332999997,5.1666666667,3.5,5.0,3.2204107702,3.4905796475999997,-0.3719338943,3.8121088774,2.8292487793000003,0.2356124086,1.9749391666999998,38.8888888889,66.6666666667,62.962962963,2.8333333332999997,4.25,1.75,2.875,1.875,2.0,3.5,36,-1.0705413209999999,3.8243251091,18,124.0,8,1.4375,1.6,0.6545940399,0.0018414176,0.7896682739,0.0019780252,0.4166666667,0.0250474647,0.0256124969,0.009797959,2,-0.8679298862,1.3080752154000002,0.4335889112,1.7157047828999998,-0.449666905,2.5333333333000003,,,,,,,35,-2.0702605419,6.6927874602,0.5244258821000001,9,1.5926258374000002,0.6116185491,2.1573127282,0.0271256749,,0.5833333333,0.4166666667,0.33333333330000003,74.0,0.6000000000000001,1.0,0.8,0.7000000000000001,3.22351236,0.4782418542,2.2696679982,-0.9470609256,0.4611528822,0.0155649446,4.5045854555,0.3196326553,2.0166638333,-0.1802892721,298.5,6.3,5.8,392.0,3.4819701537,0.29727965700000003,1.8970973203000001,314.8333333333,349.6666666667,4.6009796485,0.3152277115,2.3482429306,34.8333333333,6.7960838700999995,3.3481539687,0.34289555400000005,3.1551724715,-0.7180062257000001,3.5,3.0,2.0,2.5,4.0,48,0.17549188359999998,-0.5291795144,2.1296006041,0.051196577,2.9385491364,-1.4483936397,0.3667246823,3.9,2.1111111111,2.2222222222,2.9333333333,2311.6518518519,-5,8,6297.375,-0.2026030632,0.7985076962000001,2.9,2.1818181818,3.4166666667000003,2.7857142857,2.6666666667000003,0.182304558,0.7134658071000001
s155,0.7777393162,0.0343796821,1.5602206131999998,1.2,29.44,0.1666666667,693,27.1,0.33333333330000003,506,-0.31123531579999997,-1.3751118249,2.7090106418,0.4086884318,1.7067865163999998,-0.6343286521,0.0003147264,0.018987793000000003,0.0148496094,3.2666666667000004,4.1071428570999995,4.7666666667,3.0,3.25,3.4,2.7142857143,31,2.1974191416999997,0.2471749241,1.8099869085,0.33333333330000003,0.33333333330000003,6.25,0.0166666667,0,0.0016666667,0.4166666667,10.5,0.0472689076,1.0,0.0036823528999999997,-1.6155462185,1.75,1.7272727273,0.0380324688,0.8886701475000001,7.1,5.7,,,,,0.6944444444,1.5,1.0,1.3333333333,2.5,6.0,4.0,7.0,5.0,4.1666666667,1.3333333333,2.5,1.0,2.5,2.0,7.0,,,,,,,,88.8888888889,22.2222222222,11.1111111111,5.1666666667,1.0,4.625,4.5,5.0,4.1428571429000005,5.0,46,0.0161141151,2.3758656898,34,100.0,0,1.5625,1.4,0.6578575015,0.0011338843,0.5,,0.6111111111,0.009797959,0.009797959,0.009797959,4,-1.5152397227,0.7000849525,0.0876514832,1.8955118550999999,-0.4720847518,5.4,,,,,,,34,-2.260212023,2.0772529858,0.7765839543999999,6,1.3224517017,0.4282490329,1.9063497144,-0.7285785926999999,0.5,0.5833333333,0.9166666667,0.9166666667,128.0,0.30000000000000004,0.5,0.7000000000000001,0.30000000000000004,2.5280681353,0.3965239525,1.4845702605000002,-1.1165625984999998,0.2719546742,0.0069910956,2.9188092976999997,0.29594193280000003,1.794294358,0.30203355400000004,374.0,4.7,5.1,,,,,297.1666666667,364.5,2.4279282729,0.30598467090000003,1.7053907623,67.3333333333,35.6108206529,1.9926791398,0.3281171761,1.8968551547,-0.1269871666,2.5,7.0,7.0,1.0,7.0,33,0.2418135997,0.1862568755,0.44841133369999997,0.0238801285,1.7885836682,-0.6091525454,-0.3435670562,3.3,1.4444444444,1.7777777778,4.0,2955.9383333333003,8,6,3780.25,0.7286072319,-0.5725191928000001,1.4,2.9090909091,3.5,1.4285714286000002,2.1666666667,0.1987360592,0.4114155234
s156,0.7025251531000001,0.026314282100000003,1.5362726099,1.55,31.814814814800002,0.1,817,58.5384615385,0.5666666667,710,-0.7472934675,-1.0672941124,3.0372073263,0.3710919771,1.5238110204000002,-1.4219748072999998,0.0007683147,0.0042330321999999995,0.1834521484,3.4,3.1785714286,2.9,3.25,3.0,3.2,1.5714285713999998,58,2.6213359853,0.26265319130000003,0.9811804516,0.33333333330000003,0.5,15.666666666700001,-0.0666666667,1,0.0006666667,-3.8333333332999997,9.1666666667,0.1356330014,1.0,0.0011038407,-5.0581182686,1.0,1.9090909091,0.4181227143,0.47907354729999996,7.3,6.6,1.8868512527,0.5250577582,2.0714159256,-0.7545512815000001,0.1666666667,1.6666666666999999,3.1666666667000003,2.3333333333,5.833333333300001,5.3333333333,4.8333333333,4.3333333333,4.5,3.1666666667000003,3.0,1.3333333333,3.1666666667000003,3.0,6.333333333300001,6.0,-3.1247478792,1.0845211851999998,0.3298219498,4.6604910377,3.0800008877,0.2506205939,1.2153678891,27.7777777778,0.0,18.5185185185,6.333333333300001,4.25,4.125,3.5,4.5,4.0,3.625,46,-1.3273158840000001,3.310775983,34,139.0,4,1.0,1.9333333333000002,0.6525222778,0.0012222583999999999,0.8285911441,0.0013580352,0.4722222222,0.009797959,0.009797959,0.06403124240000001,5,-1.1505581543,1.4485787279,0.469566119,1.3766463897,-0.4882489299,4.4666666667,436.0,2.6734118447,0.36980093159999994,1.1493786504999999,71.5,47.0,47,27.209957333600002,-25.145373151799998,0.5230898820000001,7,1.4142227168000001,0.5327613786000001,1.566526874,-0.3770991768,0.9166666667,0.5833333333,0.5833333333,1.0,136.0,0.2,0.4,0.8,1.0,2.6700843023000003,0.4160334229,1.1404117655,-1.9643754855,0.38083538079999996,0.046343496399999996,3.1208622898000002,0.3191521274,1.1109843239,-1.680415772,315.0,6.0,5.3,225.1666666667,2.5635060525999998,0.24578678269999998,2.6072681977000003,281.5,350.8333333333,3.3463553199000002,0.2211224113,3.4238117775,69.3333333333,29.8799247721,1.9667552894999998,0.3471366578,1.6531526641999998,-1.3333308234999999,4.5,7.0,7.0,2.0,6.0,31,0.240963452,0.531029414,1.6932905102000002,0.3923120895,1.3313028281,-0.6520715954,-0.6051749236999999,2.8,3.1111111111,1.6666666666999999,2.8,2499.5273809524,4,8,5963.083333333299,0.5494735445000001,-0.6047362232,1.1,1.4545454544999998,1.25,1.0714285714,3.5,0.2339155232,0.17040895829999997
s161,1.1379598836,0.1227371549,1.9877893435,2.5,25.08,0.1666666667,602,18.8,0.1666666667,450,-0.393155077,-1.3144227751000002,3.3000478774,0.34630258070000003,1.7888798919000002,-0.7615298818999999,0.0002137823,0.0015086135999999998,0.017527343799999998,4.6,3.4285714286,4.1666666667,2.75,2.0,3.0,3.7142857143,34,4.1185311469,0.27121005740000004,1.701922358,1.0,0.0,5.875,0.32083333329999997,3,-0.0165,-4.0416666667,8.0416666667,0.4014100269,3.0,-0.0153706356,-3.2835720680000002,1.0,1.0909090909,0.022629006299999997,1.1993555376,8.0,7.7,2.5543611885,0.47399761619999997,2.0271668572,-0.4635496647,0.33333333330000003,1.8333333333,3.6666666667,1.0,2.0,3.0,4.5,4.6666666667,5.3333333333,5.0,3.1666666667000003,2.0,1.8333333333,2.3333333333,1.8333333333,4.8333333333,-1.8860579253,-0.3269415563,-0.4250370944,3.1507729495,2.4527640588,0.1926882319,1.7323149758,77.7777777778,33.3333333333,44.4444444444,4.3333333333,5.25,3.0,1.25,2.25,2.2857142857,3.25,46,-0.8893284576999999,4.1867508355,24,214.0,7,1.125,1.2,0.7877197266,0.00102094,1.0,0.0015991466,0.4166666667,0.009797959,0.0250474647,0.0256124969,4,-0.7487822984,1.2056227053,0.4426380852,2.0434418007,-0.383809103,3.6666666667,358.0,2.7223224256,0.2767943827,1.4564967498,23.0,105.0,45,5.5292220488,1.9296181931,0.4669794415,14,2.1989483766999998,0.4920192148,2.1076472948,0.15048028730000002,0.6666666667000001,0.25,0.9166666667,1.0,120.0,0.2,0.30000000000000004,0.8,0.2,2.3632638769,0.36123156659999994,2.1450968991,-0.6817755697,0.5476772616,0.0410267282,1.9541705994,0.24187591809999998,1.4286969161,-0.6286857236,259.0,6.2,5.7,231.3333333333,3.5229244189999998,0.3597811717,2.0311873234,262.3333333333,274.5,2.4637538123,0.3346215591,1.5309639266,12.166666666700001,62.4709349704,1.8043274877,0.30919869450000004,2.0166271563,-0.3218968196,6.5,6.0,3.0,1.0,4.5,58,-0.4099198857,-0.3688608078,1.5402148009,0.2884623573,2.0695314461,-0.3538085069,0.1564955919,4.0,3.7777777778,2.1111111111,2.6666666667000003,1792.630952381,16,7,2559.6666666667,1.5189660093,-0.6817184847000001,1.7000000000000002,1.3636363636000002,2.5,2.5,1.75,0.8711101844,0.3617688944
s163,0.9251493417,0.17352741829999999,1.5117140825000002,1.55,28.0869565217,0.23333333329999997,615,20.1818181818,0.2666666667,424,-0.6499149402000001,-1.7487444786000002,2.7554174768,0.35088065840000005,1.3508501496,-0.9729987139,9.297879999999999e-05,0.0002588882,0.0110595703,2.0,2.4285714286,3.0,1.0,1.0,2.0,1.2857142857,65,2.7054995455,0.2457207671,1.8209904785,0.6666666667000001,0.0,7.5,1.526556659e-16,2,-2.6020852140000003e-18,-2.5,4.0,-2.081668171e-17,0.0,-1.101549407e-16,4.996003611e-16,1.1666666667,1.5454545455000002,-0.033013487200000004,0.7615916258000001,8.2,7.7,1.9359712532,0.46148870119999996,1.7563810874,-1.2565986475,0.8888888889000001,1.5,1.5,1.0,1.0,3.5,6.166666666699999,6.5,7.0,6.166666666699999,3.1666666667000003,1.0,2.0,1.0,1.6666666666999999,4.1666666667,-2.3898197359999998,0.4283489115,-0.14226252420000002,3.3527661372,1.9060762367,0.0465400329,1.846570529,38.8888888889,0.0,11.1111111111,6.333333333300001,4.25,5.0,4.625,5.0,5.0,2.75,50,-1.2890129855,3.38738178,39,187.0,7,1.0625,1.3333333333,0.6195231438000001,0.0016746128,0.7696991444,0.0017931877,0.5277777778,0.0038729833,0.0038729833,0.0015811388,3,-0.3071046671,2.2887438229,0.3897379849,1.7163092896,-0.9118258520999999,5.8666666667000005,276.8333333333,2.2956165754,0.3079999311,1.3304140902,5.5,138.5,46,12.0793055776,-6.4196109716,0.5548022683,10,1.6787356949,0.5443010220000001,1.766890543,-0.4658953538,0.5833333333,0.4166666667,0.75,0.6666666667000001,149.0,0.1,0.2,0.5,0.2,2.0728314369,0.3664063828,1.6182815847999998,-1.0741528983,0.5916870416000001,0.1175088097,2.9471351785000004,0.266797276,1.7833339782,-1.0507212835,397.0,6.3,5.5,,,,,230.6666666667,228.8333333333,2.2611534503,0.36467682659999995,1.3680456604,-1.8333333333,44.998397258800004,1.9192989387000001,0.6509891036000001,2.3821828554,-0.0999853937,6.0,5.5,7.0,2.5,4.5,12,-0.1821250523,-0.5073638664,1.5626715791,0.09237657210000001,2.1832376525,-0.5513971295000001,0.5347550896000001,1.0,2.4444444444,1.0,1.8,2436.0222222222,1,11,3140.6666666666997,1.1610702287,-0.7472144018000001,1.5,1.1818181818,1.0,1.0,1.5,0.1515648788,0.529170145
s165,1.1295494817,0.2377589416,1.4445293933,1.85,19.2307692308,0.1333333333,475,17.5,0.2,400,-0.4224586099,-0.2981553059,5.0242184158,0.3835933256,3.0833247672,-0.234474431,0.0034033507,0.0567158203,0.34380566409999996,2.2,2.75,3.3,2.75,2.25,3.0,1.2857142857,58,4.981152546600001,0.30208489,1.9799674961000002,0.5,0.33333333330000003,10.2916666667,-0.0458333333,1,0.0015,-6.041666666699999,9.2083333333,0.0281690141,0.0,-0.006084506999999999,-1.5281690141,1.0,1.5454545455000002,0.1608233,0.6283703578000001,8.1,6.5,1.6142744927000001,0.45012391310000005,2.6586405324,-0.23746903879999998,0.0,1.6666666666999999,3.0,1.0,1.8333333333,4.1666666667,4.5,5.5,5.833333333300001,5.3333333333,3.3333333332999997,1.1666666667,3.3333333332999997,1.3333333333,1.5,5.0,-3.5694185833999996,-3.1890559820999997,0.20693496649999998,4.9062650043,1.9200479928999998,0.0060903126,4.0172843529,38.8888888889,0.0,11.1111111111,6.166666666699999,3.25,4.125,4.125,3.625,2.8571428571,3.625,45,-0.8075379761,4.3503317988,32,206.0,6,1.0,1.1333333333,0.8070190429999999,0.0016292125,0.89765625,0.0019741832,0.5833333333,0.158113883,0.158113883,0.158113883,5,-0.9620524087,1.6534027578000001,0.4931646507,2.0257317097,-0.27093192039999997,5.0666666667,262.1666666667,4.1001167581,0.3418488266,2.0558370303999998,14.0,50.0,47,33.638482138,-28.165970084,0.8071910568999999,4,1.3000374084,0.4539918484,2.3424466644999997,0.16273262970000002,0.9166666667,1.0,1.0,1.0,142.0,0.30000000000000004,0.0,0.1,0.0,3.2670922046,0.4305027817,2.6756417087999997,-1.9013624865,0.49257425740000005,0.0635596685,3.5027433307,0.32650975600000004,1.8355582549,-0.34190015799999995,364.5,5.3,4.3,286.5,4.6690123571,0.37320274259999997,2.1415668051,239.6666666667,258.3333333333,4.6126429279000005,0.39394843310000005,1.9391193073,18.6666666667,15.2483757062,2.7715803787,0.4819759422,2.3053105892,-0.9691353164,6.5,6.5,7.0,1.5,2.5,45,-0.21991629559999998,-0.08959550370000001,1.7351105709,0.2733948691,4.1737384787,-0.0042177149,0.0332660037,2.6,4.2222222222,2.3333333333,2.4,2652.9314814814998,17,5,2705.25,,,1.7000000000000002,1.0909090909,1.0,1.1428571429,1.6666666666999999,0.49891534369999996,0.1914306723
s168,1.6037444019,0.44509221810000005,1.9835800351,3.65,1.0,0.0,29,0.9333333333,0.0,27,-0.1852672944,-1.0956753391,3.3275944048,0.3127297798,1.5493190355000002,-2.7943626688,0.0003609207,0.0132180176,0.0044687500000000005,4.5333333333,3.2142857143,4.8666666667000005,2.5,2.25,2.8,2.5714285714000003,44,7.401344964500001,0.2670344432,1.5930537357,0.8333333333,0.1666666667,7.25,0.0666666667,2,-0.0013333332999999998,-1.3333333333,21.9166666667,0.2271428571,2.0,-0.0025142857,-3.0833333332999997,1.0833333333,1.8181818182,-0.0124748458,1.0463428282,7.5,7.7,2.6841098829,0.35952446159999996,2.2472639543,-0.5789511940000001,0.5,2.8333333332999997,2.1666666667,2.1666666667,3.1666666667000003,4.5,4.3333333333,5.5,4.6666666667,3.8333333332999997,2.6666666667000003,1.5,2.0,2.1666666667,3.0,5.833333333300001,-0.5185489458,1.0439423184,0.0,5.320134937200001,3.3870378757,0.2196253006,2.0168958557,16.6666666667,11.1111111111,48.148148148100006,5.5,6.0,3.375,3.25,4.25,3.0,3.375,45,-0.9575666758,4.0502743994,27,186.0,6,1.0,1.3333333333,0.6925447464000001,0.0016239510999999998,0.9984375,0.0022941762000000003,0.7222222222,0.06403124240000001,0.0256124969,0.0099597577,2,-1.1881522586,2.0817908606,0.4221527653,1.3227489525,-0.30910141290000004,4.2,259.3333333333,4.2602775142,0.2865981502,1.7895807762,2.0,-7.5,46,-5.5606805381,13.035763344100001,0.3966477785,15,1.7393571100999998,0.5234875762,1.8910035245,-0.0812879499,0.5,0.33333333330000003,0.75,0.5833333333,121.0,0.2,0.4,0.4,0.4,4.4808625341,0.3930996445,1.9369648225,-1.4788340591999998,0.4170731707,0.0821625508,4.3950105081999995,0.25981635399999997,1.2908176220999998,-1.6650907603,285.0,7.6,7.1,312.8333333333,3.7804117970999997,0.3108155586,1.3278051818,249.8333333333,263.0,3.9463498812999998,0.29257396750000003,1.4707173103,13.166666666700001,20.3863837312,3.1666080755,0.3676715227,1.6081962941,-2.0537122174,3.5,5.5,5.5,1.0,5.5,36,-0.6156977495,-0.7473914659,1.7760045907,0.2343448196,2.0291117345,0.07181175320000001,0.7989418310999999,2.4,2.2222222222,2.6666666667000003,2.6666666667000003,1549.9833333333,1,11,3285.0,0.9272198023999999,0.18012616620000002,2.1,1.9090909091,2.0833333333,1.7857142857,2.5,0.6636948689000001,0.162081627
s170,0.9055006137,0.22471362539999998,1.1844514989,1.85,32.368421052600006,0.3666666667,558,18.9473684211,0.3666666667,339,-0.9298064846999999,-0.5426962786,2.6951128651,0.31567420820000003,1.5037610386000002,-1.049653178,0.00034886760000000003,0.0004899788,0.0008208008000000001,3.6,3.3571428571,3.9666666667,2.75,3.75,3.6,1.5714285713999998,52,2.2976809155,0.2438680178,1.3706267580000002,0.5,0.1666666667,15.958333333299999,0.27083333330000003,2,-0.0245,-7.375,12.375,0.20502873559999998,3.0,-0.007867816100000001,-4.4088669950999995,1.0833333333,1.8181818182,0.13830892460000002,0.40235932840000005,8.0,7.8,1.4604892509,0.3397441225,1.8279710814,-0.1924456539,0.3888888889,3.0,1.6666666666999999,1.5,4.3333333333,5.0,3.3333333332999997,4.5,3.6666666667,4.0,1.3333333333,1.5,2.0,2.5,5.5,7.0,-3.6943973877999996,-2.9974376879,-0.33672694870000003,2.9741526582,2.0463712217,0.0152758402,1.942580886,22.2222222222,11.1111111111,7.4074074074,3.8333333332999997,3.5,4.125,3.375,4.0,4.1428571429000005,5.0,44,-1.0385004381999998,3.3813588491,35,142.0,3,1.25,1.8666666666999998,0.6391280413,0.0012768052999999999,0.944140625,0.0024660852,0.5,0.0006324555,0.0015811388,0.0099597577,6,-1.7288079789,1.5682735456,0.4431998402,1.3080330570999998,-0.1663230991,5.9333333333,460.6666666667,2.2507103824,0.3132794728,1.3555670068999999,51.5,92.5,40,,,0.4794762317,8,1.419746395,0.4578492153,1.8149980167,-0.2098946789,0.5833333333,0.33333333330000003,,0.8333333333,138.0,0.4,0.4,0.8,0.9,3.021899918,0.34307804350000004,2.2335618854,-0.8775492709999999,0.4558823529,-0.0134877658,2.4644420224,0.2827924043,1.1372644633,-1.6663592381,272.5,6.2,5.1,,,,,419.0,452.3333333333,2.3548159632,0.2701313835,1.8106773849000002,33.3333333333,32.3698113208,1.749287471,0.3059039827,2.0173583703,-1.3001868474,5.5,6.0,6.5,2.0,6.5,39,0.048082497800000006,0.7292657764,1.0798192046,0.2251591655,1.6187568533,-0.5248622084000001,-0.8511144702000001,2.1,3.6666666667,2.0,4.2,1563.119047619,20,6,2055.0833333333,-1.0242011852,1.0608719607,1.5,2.2727272727,1.3333333333,1.2857142857,3.3333333332999997,0.3444379439,0.2784116774
s173,1.9541808044,0.2176436184,1.2707892125,3.1,42.35,0.33333333330000003,804,29.2777777778,0.4,497,-0.8632291592,-1.0029436408,3.7011457527999996,0.3347310344,1.6987384363,-1.2788530201,0.0009083027,0.0004213715,0.006569335900000001,2.3333333333,3.3571428571,3.6333333333,3.25,2.5,3.6,2.2857142857,47,2.698353441,0.29995033790000003,1.4748166638,1.0,0.0,13.375,-0.0041666667,1,-0.0015,-4.4583333333,13.125,0.1250151668,3.0,-0.0042006067,-5.5748230536,1.0833333333,1.4545454544999998,0.2313260514,0.1962742911,8.1,8.6,2.5217069125,0.3525256231,1.8640758347,-0.064708296,0.44444444439999997,3.0,3.5,1.0,2.3333333333,4.1666666667,4.5,5.3333333333,5.1666666667,2.8333333332999997,3.1666666667000003,2.6666666667000003,2.5,1.8333333333,2.5,5.666666666699999,-5.6420368745000005,0.6758301673999999,0.3298219498,4.6604910377,3.1055648124,0.2427509284,1.370643003,38.8888888889,0.0,22.2222222222,5.666666666699999,4.5,4.375,4.5,3.375,3.1428571429,2.625,45,-0.9575666758,4.0502743994,33,286.0,6,1.0625,1.4666666667,0.6947055817000001,0.0016899769,0.9779907227,0.0029563763,0.6388888889000001,0.009797959,0.0099597577,0.0256124969,2,-1.1853198814,2.3238001688,0.4408111314,2.2121303642,0.0935680798,4.8,233.3333333333,3.407244706,0.3269733248,1.6408360924,-39.0,40.0,46,,,0.4556050162,14,1.6230101506,0.48153474909999994,1.7876884600999998,-0.7309213753,0.75,0.8333333333,0.6666666667000001,1.0,137.0,0.1,0.2,0.30000000000000004,0.30000000000000004,3.6161009738,0.3858855813,1.4272427074,-2.7528949725,0.617866005,0.1204663841,3.2799528049,0.3048685176,1.3770550617,-0.6477989862,298.5,8.5,6.9,236.6666666667,3.7951579894,0.3114056287,1.5169785488,252.5,252.8333333333,2.7718123601999998,0.3681064925,1.0998583715,0.33333333330000003,5.4006968640999995,2.5466497600999998,0.30375656160000003,1.7022137267000002,-0.571250138,5.0,5.0,7.0,1.5,4.0,27,-0.38143540229999995,0.6384482015,1.6959348947,0.3033714427,1.7095654371,-0.3408269964,-1.6927180097,2.4,3.5555555556,1.3333333333,2.5333333333000003,2668.455,7,7,2426.1666666667,2.9391619221000003,-1.5892352050999998,1.2,1.4545454544999998,1.5833333333,1.0,2.75,0.7791509464,0.1882187386
s179,1.2382519233,0.2169657132,1.2000449919,2.0,24.3333333333,0.30000000000000004,504,13.777777777799999,0.1,357,-0.3202426183,-0.6730304334,4.5862439538,0.3209910183,3.3603954744,-1.093481685,0.0028329412,0.0215196533,0.06325,4.4,3.25,3.3,3.5,2.75,3.4,3.2857142857,45,3.9952820935,0.29463898450000003,1.3730323154,0.6666666667000001,0.0,7.666666666699999,0.3666666667,1,-0.0076666667000000015,-1.9166666666999999,13.041666666700001,0.2724279402,0.0,-0.006053439900000001,-1.1051967179,1.0,1.5454545455000002,0.1310675324,0.8224533663,8.2,6.7,1.80269541,0.48437790909999995,1.8575915894,-0.3730007643,0.055555555599999994,3.3333333332999997,2.6666666667000003,1.0,5.833333333300001,4.3333333333,4.6666666667,3.8333333332999997,6.333333333300001,2.0,1.6666666666999999,3.3333333332999997,2.8333333332999997,1.1666666667,5.1666666667,4.6666666667,0.6571265676,7.0842503659,0.0,5.320134937200001,3.9267190143,0.17227927340000002,2.2244978122,22.2222222222,77.7777777778,55.5555555556,5.666666666699999,5.25,4.5,4.875,2.5,3.4285714286,2.75,51,-0.7122733402,3.5596877282,24,174.0,4,1.0625,1.6,0.7517391205,0.0012560644,0.9310546875,0.0029635782,0.6111111111,0.158113883,0.1265219767,0.25,2,-1.0165839896,2.0343388016,0.3748942447,2.2608488915,-0.5679348461,2.7333333332999996,284.0,3.276420435,0.310829063,1.3842894086000002,-3.5,12.5,43,,,0.6245385897,9,2.135391083,0.49314829619999995,2.1357110842,-0.4795728218,0.5,0.5833333333,0.75,0.9166666667,122.5,0.0,0.30000000000000004,0.4,0.9,3.9277263819,0.4400196774,2.1741353614,-1.6253859119,0.595,0.0903093978,3.5009480502,0.3879598174,1.2666185166,-0.9852385262,354.0,5.5,6.1,215.3333333333,4.4454110609,0.29235794400000004,3.4833735675,256.5,275.0,2.8850509338,0.37540615270000005,1.4700174315999999,18.5,-22.437737743000003,2.5128760984,0.3764140652,1.618652234,-0.5214305883,4.5,5.5,1.5,1.0,3.5,43,-0.2300537773,0.0452956593,1.7762828012,0.3448514747,1.3228897164,-0.6529121018999999,-0.6808650068000001,2.8,4.1111111111000005,1.7777777778,3.0666666667,3027.1666666666997,8,7,4603.6666666667,-0.6654507995000001,0.8675005677000001,1.4,2.0,2.5,1.4285714286000002,3.5833333332999997,0.8434666487000001,0.1892791984
s180,1.4887944778,0.31047023879999996,1.2777144498000002,4.5,50.0,0.33333333330000003,950,22.5,0.4666666667,340,-0.000437867,-1.155138056,2.7185991966,0.271163537,2.0668484975,-0.5514780940999999,5.58225e-05,0.0005628777000000001,0.0135605469,4.2,3.2142857143,3.8666666667,2.5,2.75,2.4,2.1428571429,49,,,,0.6666666667000001,0.0,11.166666666700001,0.008333333299999999,2,-0.0086666667,-4.25,11.958333333299999,0.0138237229,1.0,-0.0030357378000000004,-3.8820434115,1.0,1.9090909091,0.0490956249,0.628456848,8.2,7.3,1.4936887097,0.4172035461,1.9082176577,-1.0448983744,0.19444444440000003,2.1666666667,4.6666666667,2.3333333333,4.5,4.0,3.1666666667000003,3.8333333332999997,4.1666666667,4.3333333333,2.3333333333,2.3333333333,3.5,5.0,6.0,6.166666666699999,-4.4338227879000005,-3.6998991741000005,-0.7548590440999999,3.8104168489999997,2.5419879752,0.05708015740000001,2.7675760127999998,61.111111111099994,11.1111111111,25.925925925900003,5.0,4.25,4.5,3.875,2.875,3.1428571429,4.5,32,-0.9304295772,2.8283362605,29,171.0,4,1.0,1.8666666666999998,0.8466796875,0.0021004182,0.8812500000000001,0.0021027243,0.7777777778,0.009797959,0.1265219767,0.158113883,3,-1.23504227,1.7647143325,0.43378593649999997,2.0502155279,-0.5671623374,5.0666666667,419.0,1.9971990658,0.3257211573,1.208823082,75.0,43.0,44,13.9610280256,-14.004637569200002,0.5002766904,10,1.5787511528,0.4444647,2.5181142477000003,-0.09329393710000002,0.25,0.5833333333,0.6666666667000001,0.9166666667,122.0,0.5,0.7000000000000001,0.8,0.8,2.2814043501,0.45217901509999997,2.1445341187999998,-0.4457570681,0.5359801489,0.0789956493,2.1592012829,0.35334958110000003,1.9020562117,-0.0379404677,333.0,7.3,5.4,415.6666666667,2.1685839463,0.3413985485,1.2504908004000002,270.3333333333,286.6666666667,1.6814877838999998,0.30976960610000004,1.3159983865,16.3333333333,-17.845023071900002,1.6708772552000002,0.4155636689,1.5946783972999998,-1.6468105538,3.0,6.5,4.5,3.5,6.0,41,-0.4415078925,-0.6161274904,1.3289357820999999,0.3441755214,1.8689579929,0.00026785620000000003,0.103795866,3.7,2.8888888889,2.6666666667000003,3.0,1311.5416666667,11,9,2827.4166666666997,1.9609977557,-0.5798184953000001,2.0,1.5454545455000002,2.1666666667,1.5,3.1666666667000003,0.3047718309,0.16840395460000002
s182,1.3419391899,0.08395940930000001,2.1410929079,3.0,40.0,0.43333333329999996,640,20.0,0.3666666667,361,-0.8486334676,-1.6404710843,2.545352056,0.3803201865,1.267001035,-0.9839162273,0.001001893,0.0016046448000000002,0.0517275391,3.8,3.4285714286,5.4,2.0,2.0,2.8,3.0,30,3.1071832616000004,0.28077945060000004,1.299433633,0.8333333333,0.1666666667,9.5,0.2666666667,2,-0.013999999999999999,-1.5833333333,11.875,0.08269272059999999,2.0,-0.0078711617,-2.8366974447000004,1.0833333333,1.2727272726999999,0.0176935724,0.8641405047,8.2,6.4,2.2210055174,0.40668110469999996,2.1067691172,-0.7326705287999999,0.3611111111,3.6666666667,4.8333333333,2.1666666667,3.0,3.6666666667,4.6666666667,5.5,4.8333333333,4.0,4.5,2.3333333333,3.0,3.3333333332999997,2.3333333333,3.8333333332999997,-3.8936039597000005,-1.2671258544,0.1910395678,4.9380558016,3.1996884622,0.0134871701,2.9022432743,33.3333333333,66.6666666667,66.6666666667,5.833333333300001,6.25,2.875,2.75,3.5,3.0,3.125,34,-1.1652624446,3.6348828618,17,215.0,3,1.0625,1.2666666667,0.6351511478,0.001834125,0.8596910476999999,0.0028326802,0.5277777778,0.0256124969,0.06403124240000001,0.158113883,1,-0.8183523460000001,1.512145633,0.4365587531,1.8237793409999998,-0.0013926047,3.5333333333,240.6666666667,2.5111556702,0.33540329150000003,1.277571679,-67.0,-11.5,42,5.1436069209,1.6319608724,0.4925848951,18,1.7156292278,0.5440411361999999,1.5824731736000002,-0.2485738739,0.0833333333,0.5833333333,0.5,0.25,95.0,0.4,0.5,0.9,0.30000000000000004,2.657884801,0.3912955213,1.3768224468,-1.3787829566999998,0.5735294117999999,0.0022376666,2.3343841798,0.3231955416,1.0760416669,-0.822669635,351.5,6.1,5.9,307.0,2.5406079143,0.3536209571,1.5666472336000001,271.5,276.1666666667,2.7250730176,0.36023118719999997,1.3802418265,4.6666666667,23.0780076628,1.6642071291999998,0.3637319382,1.7426137647000002,-0.8886305443000001,5.5,2.5,5.5,1.5,5.0,45,-0.2443300734,-0.04622497440000001,1.4110710168,0.33119435620000004,1.7624792331999999,-0.1564901635,-0.441035945,2.9,3.3333333332999997,3.2222222222,2.6,1626.2685185185,-4,9,7090.666666666701,1.7789067492,-0.21868920100000006,2.9,2.2727272727,2.3333333333,2.0,2.25,0.15617367610000002,0.1436652515
s184,1.1388906337,0.0794274358,1.6451242830000001,2.5,26.6666666667,0.30000000000000004,535,23.5882352941,0.43333333329999996,376,-0.2699917841,-0.5132902435,4.0791142029000005,0.334722556,2.3041784277,-0.8019858875,0.0014852156,0.0026038513,0.0258076172,3.2666666667000004,3.3928571429,3.6,3.0,2.75,3.6,3.0,39,4.0235305408999995,0.2117648805,1.5147498374,0.6666666667000001,0.0,12.291666666700001,-0.0791666667,2,-0.019166666699999998,-1.625,14.166666666700001,0.0764478764,2.0,-0.0088648649,-2.5212355212,1.25,1.9090909091,0.1851080822,1.0199743367,6.9,6.1,1.6007856255000001,0.33959944610000004,2.2206719415,-0.0933933559,0.5277777778,1.6666666666999999,4.5,2.1666666667,4.1666666667,5.1666666667,4.5,4.0,4.6666666667,4.3333333333,1.5,1.5,2.3333333333,3.3333333332999997,3.8333333332999997,5.666666666699999,0.8714627331,1.7947137163999998,-0.5836083582,3.3887599497000003,3.1433425721,0.25676428490000003,1.3371058629,55.5555555556,55.5555555556,25.925925925900003,6.0,2.75,3.375,4.25,2.875,3.4285714286,3.25,45,-0.8893284576999999,4.1867508355,29,167.0,4,1.25,1.5333333333,0.6905380248999999,0.0012583907,0.8812332153,0.0015112667,0.5,0.0015811388,0.0015811388,0.0038729833,3,-2.0251011978,1.7195419553,0.5089707520000001,1.5128759559,0.07637576210000001,3.8,260.0,2.6114143113,0.2384587808,1.8315958255000002,19.0,168.0,41,-5.9223121894,5.8751677532,0.5310458561,9,1.5419728183,0.44661780520000005,1.9628362543,-0.6504868569000001,0.75,0.4166666667,0.5,0.6666666667000001,130.0,0.2,0.5,0.7000000000000001,,2.2690933791,0.1894623535,3.0202765822,-1.1473232222,0.5333333333,0.1041447037,3.8777943000999997,0.27230629630000003,1.7762179927000001,-0.24859587649999998,281.0,5.5,5.6,229.1666666667,4.5315895269999995,0.2947898902,4.3023420505,224.8333333333,200.5,3.560953192,0.3175775983,2.4705706494,-24.3333333333,51.3190596745,2.7587833525,0.2966966687,1.9167601137999999,-0.5248241089,6.0,5.5,6.0,5.5,5.5,46,-1.1707097881,-0.09932509380000001,1.7680562621,0.25868320510000004,2.1876108530000002,0.4267483221,-0.0456516588,3.6,4.1111111111000005,2.3333333333,3.2666666667000004,1953.5476190476002,11,7,3838.75,-0.7983258615000001,0.2411620568,1.5,2.2727272727,2.3333333333,1.7142857143,2.8333333332999997,0.8586847550000001,0.33824957079999995
s186,0.7384441315000001,0.0554662595,1.7176871879000002,1.9,43.3333333333,0.5,600,26.1428571429,0.30000000000000004,516,-0.3529343922,-0.6958215392,3.4916646890000003,0.29626116210000003,2.3430819142,-0.7391252197,0.0030089623999999997,8.263110000000001e-05,0.0009609375,3.3333333332999997,2.5357142857,3.8333333332999997,2.0,2.25,3.6,2.7142857143,59,2.6650609557,0.2089749059,1.4043690779,0.8333333333,0.1666666667,6.375,-0.0041666667,2,-0.0085,-1.625,12.5,-0.090984975,2.0,-0.021035058399999997,-3.1569282137,1.0,1.2727272726999999,0.112183166,0.9504000389,9.4,6.8,1.5640479891999999,0.2594545096,2.5399504303,-0.020659158700000003,0.6111111111,2.3333333333,3.1666666667000003,2.5,2.1666666667,3.5,4.5,4.0,4.0,5.5,3.1666666667000003,1.1666666667,3.6666666667,2.6666666667000003,1.6666666666999999,3.8333333332999997,-0.1012526406,0.5495142714,-0.30517350719999997,2.1936242297999997,1.1361397764,0.008700976800000001,1.9406914833,11.1111111111,11.1111111111,44.4444444444,5.3333333333,3.5,4.5,3.5,4.125,3.5714285714000003,3.125,42,-0.8409013323000001,2.3379468797,37,180.0,9,1.0,1.3333333333,0.6169890404,0.0011495662,0.8532150269000001,0.0011963453,0.75,0.0015811388,0.0006324555,0.0038729833,3,-1.0179108097,1.4400861812,0.4817088146,1.7793863477,0.30045875969999997,4.9333333333,321.5,2.9861004513,0.3144624438,1.2226563327,27.0,28.5,45,,,0.4901953836,14,1.2647882690999999,0.3898020346,2.1968805287,-0.1867771198,1.0,0.9166666667,0.9166666667,1.0,129.0,0.2,0.30000000000000004,0.5,0.2,1.6598756576,0.34438817479999995,1.9157215534999998,-1.2011292492,0.43564356439999996,0.07071204099999999,2.7601907285,0.2572257736,1.3291434413,-0.2720644864,359.0,5.1,4.6,305.0,1.5892963338,0.0509746791,2.1774115677,228.1666666667,257.8333333333,2.6180313965,0.17657769510000002,2.0952082679,29.6666666667,76.1772711997,1.9566699806999999,0.3385066318,1.6059138807000002,-1.1723853107,6.5,5.5,6.5,4.5,6.5,40,-0.6979940848999999,0.374245454,1.8649466825,0.32536055410000003,1.4642523836,-0.41433143759999996,-0.4740677928,2.9,4.4444444444,2.2222222222,2.5333333333000003,2720.1833333332997,6,3,3674.5,-0.4821741649,0.6035350219,1.2,1.1818181818,1.5,1.2142857143,2.4166666667,0.8079110451,0.2113031205
s187,1.2733896207,0.2439547678,1.2681281931000001,2.15,21.347826087,0.23333333329999997,477,25.238095238099998,0.30000000000000004,510,0.1694588583,-0.6271705741,2.6262308684,0.4422149288,1.6720169106,-1.2291180287,0.0003162818,0.0051515808000000005,0.0126923828,5.2666666667,4.8214285714,4.1666666667,2.5,2.75,2.8,2.8571428571,36,2.5906743593,0.20420110019999999,1.8959472637,0.6666666667000001,0.1666666667,5.541666666699999,-0.0041666667,1,0.0115,0.625,14.625,0.2063380282,0.0,0.0097746479,-0.7042253520999999,1.5833333333,1.5454545455000002,-0.025291888,0.9521105749,8.2,5.2,1.149312018,0.4442148942,2.0133908392,-1.233458388,0.5277777778,2.5,2.6666666667000003,2.5,4.0,4.1666666667,4.3333333333,4.1666666667,4.3333333333,4.5,4.1666666667,4.0,4.1666666667,4.0,4.6666666667,4.3333333333,-4.0365499959,-1.3444362599000002,-0.5025857175999999,2.3541509355000003,1.3083232189,0.1500630131,1.3469560188999998,55.5555555556,44.4444444444,55.5555555556,4.6666666667,4.75,2.25,3.125,2.625,3.1428571429,3.75,44,-0.6980313333,3.2931327482999997,23,131.0,10,1.625,1.4,0.6438240050999999,0.0011541989,0.7064038992,0.0012643378,0.5833333333,0.0039735241,0.0099597577,0.003935979300000001,5,-1.4981452073,1.7087660495,0.4036914509,1.6668966582,-0.37164399369999995,3.0666666667,,,,,,,40,-2.7406448445,3.7611416797,0.4207572079,8,1.682484712,0.5732403316,1.4961002544,-0.26343464489999996,0.25,0.6666666667000001,0.4166666667,0.33333333330000003,94.0,0.5,0.8,0.7000000000000001,0.5,1.9498095012,0.37270699590000006,2.0979849349,-1.2994952545,0.3562653563,-0.0175913782,2.6990867353,0.2764426492,1.4565130511000002,-0.42628819619999997,412.5,4.8,4.5,196.3333333333,2.3516102083000003,0.3450690464,1.9614902109,271.3333333333,294.3333333333,2.9065366256000003,0.32746811859999997,1.6482462525,23.0,11.838617636199999,2.3090397736000003,0.3160170356,2.7544627397,-0.9920305144,5.0,2.5,3.0,4.5,5.5,43,-0.8953581508,-0.2481180428,1.1453789932,0.3086352153,2.1885764706999997,0.2292235717,-0.49711072619999996,3.5,3.2222222222,3.5555555556,3.2,2302.5166666667,10,6,4427.1666666667,-0.8411940774000001,0.3083013597,2.4,2.3636363636,2.5,2.5714285714000003,2.5833333333,0.1391221224,0.2164103357
s188,1.3822010359999999,0.2189478339,1.5722828869999999,2.35,41.9473684211,0.3666666667,765,35.9285714286,0.5333333333,469,-0.6079051245,-1.8347873679,2.553583747,0.4062220997,1.2403948717,-0.17987034059999998,0.0053504361000000005,0.00287677,0.01653125,3.0,3.6428571429,3.1333333333,2.25,1.5,1.8,2.8571428571,47,3.5515130058,0.27343071010000003,1.2516176017,0.33333333330000003,0.33333333330000003,19.75,0.008333333299999999,1,-0.0003333333,-4.75,17.75,0.07147328879999999,1.0,-0.0066043406,-5.1817612688,1.0,1.0,0.7663749999999999,-0.299625,7.3,5.3,2.4378238305,0.4084678217,2.1019550432,-0.8855962419000001,0.0833333333,3.3333333332999997,2.5,1.6666666666999999,3.5,4.1666666667,4.5,5.666666666699999,5.0,5.833333333300001,2.3333333333,2.6666666667000003,1.8333333333,1.8333333333,3.1666666667000003,5.666666666699999,-1.2915401815,0.9071434629999999,0.0,5.320134937200001,2.3100425393,0.1562859303,2.1529429215,16.6666666667,22.2222222222,48.148148148100006,4.0,6.5,4.75,5.0,3.875,3.8571428571,4.625,43,-1.1652624446,3.6348828618,33,159.0,6,1.125,1.7333333333,0.707958889,0.0013683876000000002,0.7659580708,0.0021684589999999998,0.5,0.25,0.06403124240000001,0.06403124240000001,2,-1.7659812324000002,0.39320599079999996,0.5454760683000001,1.8082381562,-0.0054798937,4.5333333333,213.5,2.8996261858,0.3128882773,1.5424259118,-9.5,124.0,47,8.984972714,-2.8519019331,0.2922559536,6,1.7360485766999998,0.524234294,1.77225099,-0.1393602516,0.5833333333,0.9166666667,0.8333333333,0.9166666667,123.5,0.1,0.5,0.7000000000000001,0.5,2.3039216791,0.4942311218,1.5188775171000002,-1.328670961,0.5804020101,0.0663242938,2.9564132725,0.3168100393,1.1924611976000001,-0.9685687072,302.0,5.6,5.4,288.5,3.2277630113,0.3166242036,1.7133444054,280.1666666667,225.3333333333,2.9099314787,0.34986446810000005,1.8638745334,-54.8333333333,59.1510053851,2.6657812301,0.2704623713,1.8498132879,-1.2275150277,4.0,6.5,7.0,1.5,5.0,42,-0.0248033073,-0.2434271916,0.8837951834000001,0.221210471,1.7897930644,-0.6363144283000001,-0.3342942253,3.9,4.1111111111000005,2.2222222222,2.0,1551.0111111110998,30,6,2126.5,1.2809338455,1.0861897687,1.1,1.2727272726999999,1.9166666666999999,1.0714285714,2.75,0.5102576716,0.210383508
s190,0.931486638,0.2577219811,1.6892688652,1.9,43.0555555556,0.4,730,20.636363636400002,0.2666666667,414,-0.6175819496,-1.2001512316,4.3036329257,0.3304695911,1.9558310072999998,-1.1809317243000002,4.2888e-06,3.25415e-05,7.7928242188,3.1333333333,2.3928571429,3.5666666667,1.75,1.5,3.4,3.8571428571,57,6.0815228379,0.2334957612,1.7834889838,0.1666666667,0.5,14.458333333299999,0.1625,1,-0.0221666667,0.2916666667,14.75,0.2247687132,3.0,-0.0136568545,-2.2504205213999997,1.0,1.0,-0.0519362703,0.9893972898,8.2,7.5,2.69517234,0.4544537405,2.1856256537,-0.5036447013,0.8055555556,1.8333333333,2.6666666667000003,1.5,2.0,4.1666666667,4.5,3.6666666667,5.5,5.5,2.8333333332999997,1.3333333333,2.1666666667,1.0,3.5,4.8333333333,-0.9192902812999999,-1.0309357667,-0.556638505,2.8875701281,2.0230907044,0.19837969989999998,2.1601963586,38.8888888889,33.3333333333,22.2222222222,5.3333333333,4.75,4.0,3.25,3.375,3.0,2.5,45,-0.9575666758,4.0502743994,33,262.0,4,1.0,1.2666666667,0.7597427368,0.0013282675,0.9264404297,0.0019763447,0.6666666667000001,0.0006324555,0.003935979300000001,0.0015811388,3,-1.122084438,1.0088288502,0.3801614313,1.3969140246,-0.3968954053,4.8666666667000005,249.5,3.2200993516,0.2256596403,1.463220774,-7.5,149.5,47,5.0715272357,1.8123733768,0.2075183687,7,1.266258553,0.5330840943,1.5094584342,-0.8209137009999999,0.9166666667,0.5833333333,0.75,0.8333333333,133.0,0.1,0.30000000000000004,0.2,0.6000000000000001,3.9377999451999997,0.3832410643,1.7081076213,-1.4948166074,0.40931372549999995,0.0142257186,4.5517387218000005,0.2816646933,1.6101438038,-0.9978598664,307.0,5.2,5.8,218.8333333333,5.8631821768,0.2211083599,2.9304481468,193.6666666667,196.1666666667,4.5605103252,0.3066569335,2.3030647075,2.5,19.5969084147,2.9439339733999996,0.35349985899999997,1.9074415152000002,-1.5571208618999999,7.0,7.0,3.5,1.5,2.0,41,-0.1004547509,-0.0093621672,1.6700857575,0.3256363662,1.571331001,-0.4581129307,-0.29610859489999997,3.3,3.6666666667,1.8888888889,1.8666666666999998,2030.8703703704,13,9,4511.0,0.4374814206,0.0118344576,1.4,1.0,1.75,1.5714285713999998,2.25,0.2295765239,0.1806512524
s192,1.3436012794,0.019965072,1.8291695169,4.0,53.3333333333,0.5,750,26.0869565217,0.23333333329999997,550,-0.4809226419,-1.6223079524000001,2.1098274426,0.40027576950000004,1.2484998704,-0.4410012488,2.8327400000000006e-05,0.0006654205000000001,0.005283203100000001,2.7333333332999996,3.9285714286,3.6333333333,2.5,2.5,3.6,2.8571428571,50,2.8401389658,0.0503877382,2.6942102426999996,0.8333333333,0.0,9.2916666667,0.0041666667,2,-0.0038333333,-2.625,8.6666666667,0.08990748529999999,1.0,-0.00227418,-2.5887300252000003,1.0,1.3636363636000002,-0.22461961719999998,0.6776045568000001,9.0,7.1,2.2453260544,0.3978812303,1.5617582204,-0.7200006014,0.30555555560000003,2.0,2.8333333332999997,1.1666666667,3.3333333332999997,3.5,4.3333333333,5.0,5.3333333333,4.1666666667,3.0,1.6666666666999999,4.3333333333,1.3333333333,3.8333333332999997,5.0,0.291499785,1.2259550084,-0.3990162682,2.5723256544999997,1.9262051815,0.1764852391,1.6896859269000002,33.3333333333,0.0,11.1111111111,4.6666666667,2.75,4.5,3.625,3.875,3.4285714286,3.125,43,-0.9575666758,4.0502743994,25,194.0,9,1.0,1.4,0.7067736626000001,0.0011529396000000002,0.9100631714,0.0015436990000000002,0.5555555556,0.0015811388,0.0015811388,0.009797959,2,-1.3749373086,1.5444275827,0.48681280549999995,1.3362847201999999,-0.1152520992,4.6,,,,,,,47,,,0.4514231134,15,1.1815227005,0.4565803147,1.9588700304,-0.5536281597,0.33333333330000003,0.0833333333,0.5,0.4166666667,114.0,0.1,0.4,0.5,0.5,3.2393111463,0.40740797590000005,1.8140400125,-1.822846186,0.5615763547,0.0891833956,3.6484274052999996,0.3268311446,1.4467470954,-0.765708295,326.0,7.0,6.3,342.1666666667,3.1271059219,0.3461413733,2.3549060338,300.3333333333,288.0,2.7172822955,0.3549453564,1.2808296411,-12.333333333299999,41.3713609467,2.8898903883999996,0.35957829900000005,1.5513434434,-1.269343804,6.5,5.5,6.0,2.5,5.0,38,-0.029824303599999998,0.0696436145,2.180279047,0.36469761079999996,1.6699251807,-0.8516313567,-0.5790999766,2.5,3.6666666667,2.1111111111,2.8,1746.0972222222001,0,12,3312.0,3.1405252008,-2.1169246349,1.8,1.8181818182,1.4166666666999999,1.3571428571000002,2.5,0.17569173719999998,0.7448121168
s196,0.27760336480000003,0.108717441,2.3688763583,1.05,25.217391304299998,0.23333333329999997,565,16.6666666667,0.30000000000000004,326,0.1996988539,-0.7707060293000001,2.9356649867,0.38244247579999996,1.8975904909,0.8161376456,0.0018460198999999998,0.0630107422,0.0282529297,4.1333333332999995,4.9285714286,4.7666666667,3.5,3.5,3.8,2.8571428571,41,2.182691921,0.1718396934,2.1344626385,0.1666666667,0.33333333330000003,11.875,0.0958333333,0,-0.0018333332999999998,-0.7916666667000001,1.0,-2.3852447790000003e-17,0.0,-1.9190378450000003e-17,1.3877787809999998e-16,1.0833333333,1.4545454544999998,0.13152844619999998,0.6754450710000001,6.1,4.8,,,,,0.027777777799999997,1.5,2.5,1.6666666666999999,4.3333333333,6.333333333300001,5.666666666699999,4.1666666667,6.333333333300001,6.166666666699999,3.1666666667000003,2.0,2.6666666667000003,3.3333333332999997,2.8333333332999997,6.666666666699999,-1.6475081929000002,-2.3625368187,-1.157909896,1.3110153453,0.7980496122,0.1806606239,2.2585203472999997,61.111111111099994,22.2222222222,25.925925925900003,5.0,2.0,4.5,4.0,3.375,3.2857142857,4.0,48,-1.1195720593,3.7262636324,34,114.0,10,1.5625,1.4,0.8033453940999999,0.0013641418,0.7555055618000001,0.0016146832999999999,0.4722222222,0.1265219767,0.06403124240000001,0.06403124240000001,3,-0.9316507209,1.451678069,0.4267379877,2.0146772896000003,-0.3134151759,5.1333333332999995,341.8333333333,1.0065578528,0.08279267200000001,1.6825774641999998,7.5,-83.0,42,,,0.6142160526,2,1.1116841048000001,0.6355252371,1.989364279,-0.043416051399999996,0.33333333330000003,0.6666666667000001,,1.0,131.0,0.2,0.9,0.8,0.6000000000000001,2.0045213403999997,0.2765491792,2.5022128436,-0.6676390822,0.3109452736,0.010643254199999999,2.5248989493000003,0.34929676930000003,2.1344774401,-0.15187336939999999,527.0,5.9,5.8,,,,,271.5,207.8333333333,1.9044154408,0.3837248188,1.8246809497,-63.6666666667,119.47031963469999,2.5500546205,0.41221493909999996,1.7241655293,-0.6918717884000001,4.5,6.5,4.5,6.0,5.5,34,0.05781779860000001,-0.5546448547999999,0.6450108067,0.0663980687,2.0249366947,-0.4337686217,0.43881796009999996,3.1,4.6666666667,3.7777777778,4.1333333332999995,2003.5833333332998,12,6,2764.4166666666997,,,1.2,2.2727272727,2.5,2.2142857143,2.8333333332999997,0.8524108546,0.3675555504
s198,1.4858366658000002,0.1621387467,3.1279383542000003,2.8,22.0,0.1333333333,547,11.346153846199998,0.1333333333,285,-0.047770663399999996,-0.0359370145,3.6857911393,0.37049131329999996,2.398963508,-1.2967735034999999,0.0030204586,0.027114502,0.30171679690000003,4.0,4.0,4.0333333333,3.0,3.0,3.0,2.2857142857,51,2.8340099485000003,0.2629274109,1.5833133578,0.1666666667,0.5,10.0,0.008333333299999999,2,-0.0086666667,-2.8333333332999997,11.208333333299999,0.1046099291,2.0,-0.007787234,-2.5372340425999997,1.0833333333,1.7272727273,0.2809227098,0.4264218481,7.5,7.5,1.8410414969,0.4553521253,1.8382409851,-0.06800612040000001,0.0833333333,2.3333333333,4.0,2.3333333333,3.0,4.0,4.5,4.6666666667,4.1666666667,4.6666666667,3.5,1.8333333333,3.0,3.3333333332999997,4.8333333333,4.6666666667,-3.7457128479,-3.6614704729,-0.7858538927000001,2.9206872857999997,1.6216179531000001,0.0166543096,2.3799675135,44.4444444444,33.3333333333,33.3333333333,5.0,3.25,3.25,4.0,3.625,3.0,3.0,41,-0.7219629751000001,2.5758235941,32,222.0,7,1.1875,1.8,0.7973876953,0.0010951102,0.9426940918,0.0013664414999999999,0.5,0.06403124240000001,0.06403124240000001,0.06403124240000001,3,-1.2345128809,1.7071315791,0.4634899615,2.0322149803,-0.1647459166,3.8666666667,231.8333333333,2.2058493180000003,0.3927660872,1.6357770213999998,-10.0,43.5,44,-0.2173602091,2.3513577163,0.5669396789,9,1.3293130788,0.5640905199,2.1999967868,-0.46217994,1.0,0.25,,0.9166666667,116.0,0.2,0.5,0.8,1.0,2.0473245183,0.4614219178,1.7291247583000002,-2.1854133797,0.6390977444,0.1579487374,2.4225879627,0.3381670886,1.3249733205,-0.9738822656999999,316.5,6.0,5.3,205.5,3.1401251097000005,0.231100883,2.7977662813,200.0,226.6666666667,4.5205284805,0.3290220461,2.433788521,26.6666666667,-9.7876860241,2.5035823668,0.3244072166,1.8558263146,-0.6933623794,6.0,6.0,6.0,4.5,5.5,34,-0.6698611303,-0.3046947184,1.6302831452000002,0.3414741925,2.0317524786,0.5725004348,-0.0135531423,2.4,3.8888888889,2.8888888889,3.3333333332999997,2745.25,-1,7,6340.0,0.4744209419,-0.33647223660000003,2.1,2.1818181818,2.0,1.9285714286,3.0,0.13384602369999998,0.1661284167
s202,1.6633828453,0.36563474840000004,1.7110297192,3.95,46.0,0.33333333330000003,870,21.8421052632,0.3666666667,390,-0.9457050139,-0.7892061954999999,4.163983516,0.2798497632,2.1170081826,-0.8818430106999999,7.0787e-05,0.00032605169999999997,0.0016049805000000002,2.5333333333000003,3.3214285714000003,3.1666666667000003,4.0,3.75,3.0,1.2857142857,54,2.483773948,0.1986222673,1.8020386284999999,1.0,0.0,11.291666666700001,0.3458333333,3,-0.0085,-2.9583333332999997,15.208333333299999,0.013162321299999998,2.0,-0.0127224558,-3.8452481077,1.25,2.0,0.9075583514,0.17226366969999998,8.6,11.5,1.4372880862,0.35198456640000003,2.4181109002000003,-0.5935330459,0.9722222222,4.1666666667,4.5,2.5,6.5,4.6666666667,4.0,4.5,2.6666666667000003,2.8333333332999997,2.5,4.0,4.5,6.833333333300001,7.0,6.5,0.2009657245,1.5622761028,0.0,5.320134937200001,3.4986002776999996,0.0384025504,3.9410187362999998,100.0,11.1111111111,29.6296296296,4.5,6.25,4.875,3.5,2.375,3.8571428571,2.25,53,-0.9575666758,4.0502743994,40,210.0,7,1.25,1.8666666666999998,0.6747085452,0.0010939572,0.9350692748999999,0.0020052219,0.8888888889000001,0.0006324555,0.0006324555,0.0015811388,6,-0.538079296,1.5947979178,0.3776838952,2.229388675,-0.26397138400000003,4.9333333333,237.1666666667,3.1958146546,0.1972715242,2.2475146003999997,-7.5,182.5,41,-14.843013697,21.6156034773,0.4425611416,14,1.6455393114,0.4456870271,1.9825813779,-0.6746952253,0.6666666667000001,0.4166666667,0.5833333333,0.9166666667,147.0,0.8,1.0,0.9,0.9,2.2877934372,0.41390983719999996,2.0248005766999997,-2.5815669496,0.5882352941,0.11509251960000001,2.7532847556,0.25690369809999997,1.7990463806,0.0557191395,268.0,5.4,6.4,220.1666666667,4.6631410066,0.2350370825,3.4814918913999997,183.8333333333,191.0,3.3901619926,0.2636920039,2.1540290088,7.166666666699999,66.3763425393,3.1534970438,0.2972359886,2.1369595297,-1.0304896056,4.0,6.5,6.0,7.0,7.0,12,0.08991268940000001,-0.1995069756,1.7945759047999998,0.2543381401,1.8462459076,-0.24407790769999999,0.046837355,3.9,1.7777777778,1.2222222222,3.4666666667,1482.0462962963,11,8,2978.75,0.6993260865,-0.3958956571,1.1,2.5454545455,1.25,1.0714285714,3.75,0.8717357901999999,0.5002437582
s205,1.3980161402000002,0.2640915922,1.1342436790000001,2.05,24.68,0.1666666667,594,21.6,0.33333333330000003,411,-0.6147212004,-0.5924038755000001,3.0787840206,0.3150316649,1.5268391940000001,-1.4269251441000002,0.0649055634,0.0299233398,0.0367207031,3.1333333333,3.0357142857,4.0,3.0,2.0,3.2,2.5714285714000003,49,5.044130475899999,0.207811477,2.0990338852,0.1666666667,0.5,3.6666666667,0.075,3,-0.004,-1.3333333333,7.416666666699999,0.32428571429999997,3.0,-0.005885714300000001,-2.3285714286,1.0,1.2727272726999999,0.1675492693,0.8690508111,7.3,6.8,1.2142716876000001,0.43847660299999996,1.2908113849,-1.5175206447999998,0.11111111109999999,2.0,2.6666666667000003,1.1666666667,1.3333333333,2.5,3.6666666667,4.5,4.0,3.3333333332999997,2.5,1.8333333333,2.0,2.3333333333,2.0,3.8333333332999997,-0.6689784032,-0.3115606671,-0.3884511935,3.7790742791,2.8201371692,0.2361284101,1.5927147826,44.4444444444,33.3333333333,33.3333333333,6.0,2.75,4.375,3.0,5.0,3.0,3.0,44,-1.4734436219,3.0185205071,32,194.0,6,1.0,1.0666666667,0.6823934555000001,0.0012969871,0.6636909485,0.0017264613,0.5277777778,0.0256124969,0.06403124240000001,0.1265219767,2,-1.8423986778,1.6252360796,0.42957582299999997,1.4250590513,0.034234166,4.9333333333,318.8333333333,2.95383052,0.3111068832,1.0476602163,32.0,17.0,47,-6.552495908099999,13.745000533399999,0.35129156110000004,7,1.3183809578,0.5255671327,1.4740508369,-0.8948981506,0.5,0.9166666667,0.75,0.9166666667,120.0,0.1,0.1,0.4,0.1,2.470922435,0.39812366549999995,1.2977219371,-1.9062138106,0.4862842893,0.0465134945,3.9695818423,0.2572717648,1.2368232745999999,-0.9423025062999999,296.5,6.6,5.4,263.6666666667,3.9843818757,0.3976805518,1.3917883224,262.8333333333,325.0,3.4310034001,0.2842385522,1.4514823778,62.1666666667,48.5274377805,2.4107648935,0.2730037643,2.0096097949000002,-1.5063621895,6.0,6.0,5.5,2.0,4.0,30,-0.5766229787,0.018981765,1.3693271943,0.3191764478,1.5832977486000002,-0.2592745798,-0.4243176831,2.2,4.0,2.1111111111,2.6666666667000003,1430.5370370370001,-8,9,8073.181818181801,0.8047382460000001,1.2589549387,2.0,2.0,2.0,2.0,1.9166666666999999,0.5879434263000001,0.19949503559999998
s206,1.6272011950999998,0.25220932500000004,1.1706326573999999,2.45,55.1176470588,0.43333333329999996,885,18.3333333333,0.30000000000000004,353,-0.5175241385,-1.0792228254,2.2698176842,0.2926451423,1.7305307005,-0.3850240521,0.0001069405,0.0050055695,0.017484375,2.3333333333,2.6428571429,2.9333333333,3.75,1.75,4.0,2.4285714286,63,1.9052513743,0.182055467,1.9975551524000001,0.33333333330000003,0.5,21.8333333333,0.008333333299999999,2,-0.0093333333,-4.25,14.083333333299999,0.0492176387,1.0,0.0008307255,-3.6507823613,1.0,1.3636363636000002,0.1784028427,0.6349983168000001,7.8,7.2,2.8041537433999997,0.29875145940000003,1.9124100636,-0.0492808844,0.3888888889,2.3333333333,3.8333333332999997,1.1666666667,4.0,4.3333333333,4.8333333333,5.5,5.5,4.5,2.3333333333,1.1666666667,2.3333333333,2.1666666667,3.1666666667000003,5.833333333300001,-0.8045027028,-0.407977794,-0.1863841214,2.594311476,2.0101868769999998,0.20562220609999998,1.6560507724000002,16.6666666667,33.3333333333,22.2222222222,6.5,2.75,4.5,5.0,4.625,3.5714285714000003,3.75,43,-0.6842764301,2.1779086693000003,39,219.0,4,1.0625,1.1333333333,0.6650846243,0.0014623335,0.7815998076999999,0.0021576264000000003,0.75,0.0038729833,0.009797959,0.0256124969,4,-1.8046104971,0.9770837659999999,0.35856835540000004,1.6127089234,-0.3512198172,5.3333333333,330.0,2.0740944019,0.2543776005,1.4336874162,-29.0,15.0,47,,,0.5975134884000001,15,1.5204380478,0.3246930408,2.1548775684,-0.2754205308,0.4166666667,0.8333333333,0.5,0.9166666667,146.0,0.0,0.0,0.30000000000000004,0.1,1.7512275694,0.0684861749,2.3700222868000003,-1.6575623407,0.3076923077,0.0146197571,2.2915644262,0.2855909398,1.3634803915,-0.9994694279,426.0,6.5,6.5,339.8333333333,1.5370607297,0.051197786399999994,2.0971363577,288.6666666667,299.6666666667,2.1960108633,0.25771982379999997,1.4273995041999998,11.0,60.1299293367,2.6248194102,0.3026577545,1.5528039802000002,-1.2556018191,6.5,7.0,7.0,6.5,4.0,33,-0.1302132425,-0.337906115,1.3265670291,0.20580120359999998,1.7831145733000002,-0.6014953507999999,-0.026841126000000003,1.8,4.5555555556,1.3333333333,2.2,2095.5916666667003,16,7,1941.3333333332998,0.5849335959,0.48550781579999996,1.0,1.0909090909,1.25,1.0714285714,1.6666666666999999,0.8757042006,0.2292489733
s207,1.1342620822,0.035345735600000004,2.0346456313,2.3,36.6,0.1666666667,875,24.818181818200003,0.2666666667,521,-0.1482327597,-1.8659079316999998,3.1475407947000003,0.3877709654,1.5378369195,-0.9757036014,0.00024570770000000003,0.0028358459000000003,0.0104082031,3.0666666667,3.2857142857,3.5666666667,2.0,1.0,3.6,4.0,62,4.3789337862,0.2468072759,1.48374387,0.33333333330000003,0.5,5.416666666699999,0.05,2,-0.0093333333,-1.5833333333,10.5,0.09355791960000001,1.0,-0.0049078014,-2.8144208038,1.0,1.1818181818,0.3623957303,0.6406616134,7.1,7.0,2.6793359788999997,0.42355507579999996,1.8327391717,-0.9504850545999999,0.7222222222,1.0,1.8333333333,1.1666666667,1.6666666666999999,2.6666666667000003,6.666666666699999,6.0,6.833333333300001,6.166666666699999,3.0,1.0,1.5,1.0,1.3333333333,3.3333333332999997,-1.5144152621,1.3562793416999999,0.1910395678,4.9380558016,2.3431408144,0.2564859753,1.6174827172,27.7777777778,0.0,11.1111111111,4.3333333333,4.25,4.625,3.875,3.75,1.4285714286000002,3.875,42,-0.7625664513,3.9332268227,34,204.0,7,1.0,1.0,0.7067550659,0.0014992248999999998,0.9782592773,0.0015825564,0.6388888889000001,0.0015811388,0.0015811388,0.0015811388,2,-1.2127279014,1.6293711724000002,0.3153440698,1.788276065,-0.1416913762,5.2,404.3333333333,3.0609178646,0.28243810329999997,1.6275694027,11.5,79.0,47,10.2598203042,-3.0834646594,0.5949084622999999,11,2.1538671534,0.42251214229999995,1.7318606283000002,-0.4681573314,0.8333333333,0.9166666667,0.75,0.8333333333,143.0,0.0,0.0,0.0,0.0,3.2371515038,0.3931118937,1.4425938384,-1.7681255061,0.5248756218999999,0.09609856550000001,3.3791617085000003,0.2659821351,1.1311092445,-1.4733112188000002,300.0,5.9,5.4,276.6666666667,3.4467974035,0.3786661731,1.653518668,209.6666666667,271.1666666667,3.4170708542000003,0.3150365278,1.7511449222,61.5,55.703811261599995,3.2734350926,0.3270516572,1.8486231513999998,-1.1139384488,7.0,7.0,4.5,1.0,2.5,41,-0.6270064013000001,0.2344266228,2.1624144345,0.33656210940000003,1.6475930741999998,0.2344642664,-0.4241033887,3.1,4.6666666667,1.5555555556,2.5333333333000003,2268.5104166667,7,7,3098.0,5.279898781,-2.8332133441000003,1.0,1.0,1.25,1.0,1.0,0.7773894067,0.4220925919
s208,0.7652660899,0.0151127572,1.6607257727000002,1.6,5.3333333333,0.1,143,2.0344827586000003,0.033333333300000004,59,-0.4995188664,-1.3962606215,3.8141444696,0.3249916694,2.2469731762,-1.064177743,0.001896303,0.0157905273,0.0347539063,6.9333333333,6.0357142857,6.166666666699999,2.25,3.5,3.6,3.5714285714000003,19,4.4678364756999995,0.2481568305,1.4006123306,0.8333333333,0.1666666667,14.833333333299999,0.125,2,-0.0123333333,-3.4166666667000003,16.5416666667,0.1953255426,3.0,-0.0077420701000000015,-7.1099749583000005,1.8333333333,1.7272727273,0.0522569784,0.9756264374,8.4,6.0,2.2205183594999998,0.3973840458,1.8858359742,-1.2497625729000001,0.027777777799999997,2.1666666667,3.3333333332999997,2.0,3.0,3.8333333332999997,4.6666666667,4.5,4.6666666667,3.6666666667,2.0,2.0,2.0,3.6666666667,4.5,5.3333333333,-3.3813842804000003,-2.6735429681,-0.4177105114,3.1361197836000003,1.9980888946000002,0.0656529145,2.1842481266,38.8888888889,100.0,70.3703703704,4.8333333333,5.5,1.5,2.75,1.625,2.1428571429,3.875,47,-1.3273158840000001,3.310775983,19,229.0,9,1.8125,1.5333333333,0.8221405029000001,0.0017463672,0.8984375,0.0018388266,0.5833333333,0.06403124240000001,0.1265219767,0.06403124240000001,2,-1.2991949540999999,1.8300790059999998,0.3362180386,1.8593560249,0.01079021,2.4,237.3333333333,2.6020993429,0.2976713637,1.6515956576000002,23.0,26.5,29,-4.1030802593999995,4.0364766197,0.3409272547,9,1.9454380602,0.4888913288,1.6820302286000002,-0.7406157459999999,0.4166666667,0.25,0.5833333333,0.0,61.0,0.1,0.9,0.7000000000000001,0.8,2.5852943778,0.407846219,2.192450246,-1.7054047233,0.5037220844,0.0396052558,3.3022858563999997,0.2517164896,1.3128042206000001,-0.7362054775,275.0,5.8,5.8,196.8333333333,3.0195970954000004,0.3724586861,1.9314206827,217.1666666667,281.3333333333,3.1483359419,0.3171017688,1.3421579451999999,64.1666666667,28.7235142119,3.1073388377,0.3410423039,2.453634465,-1.7173370181,5.5,1.5,2.5,1.0,4.0,43,-0.0992545025,-0.5389850839,1.6693693759,0.3322648835,1.6463833469,-1.0147475544,0.5731969149,3.9,1.8888888889,2.7777777778,3.4,1829.2851851852,17,6,3088.6666666666997,-0.19951141649999998,1.1130010261,2.9,2.7272727273000004,3.5,3.2857142857,2.5833333333,0.8416297162,0.2722473214
s209,1.0081900162000001,0.3842414378,1.7442191266999998,2.15,24.1071428571,0.0666666667,650,26.190476190500004,0.30000000000000004,525,-0.5967645855,-1.3356456748,3.205917803,0.43244469409999997,1.6910734905000002,-0.8035599878,0.0806148815,18.446864257799998,0.35073925780000004,2.3333333333,2.8214285714000003,2.5666666667,3.25,1.5,3.4,1.7142857143,58,2.9053504658,0.2957886869,1.3324373093000002,0.6666666667000001,0.1666666667,9.375,-0.054166666700000005,0,-0.0108333333,0.875,18.5416666667,0.18626609440000003,1.0,0.0010257511,-1.2886266094,1.0,1.4545454544999998,0.26191002680000003,0.7729662662000001,8.5,6.9,2.0944402402,0.5145038801,2.0508770952,-0.2710272246,0.0,1.0,1.5,1.0,1.1666666667,4.0,4.8333333333,5.3333333333,6.333333333300001,5.833333333300001,3.1666666667000003,1.0,1.5,1.1666666667,1.1666666667,5.666666666699999,-0.06884952700000001,1.0214052417,0.0,5.320134937200001,3.9120604937,0.13709133029999998,3.4004872737,38.8888888889,0.0,11.1111111111,5.5,3.25,5.0,4.25,4.375,4.0,4.625,42,-1.6180254893000001,2.7293567724,36,180.0,10,1.0,1.1333333333,0.6625818253,0.0010240845,0.6372271538000001,0.0011930528,0.5833333333,0.25,0.25,0.25,2,-0.7631423505,1.0130186958,0.2925964185,2.1035723943,-0.6759060583000001,5.6,264.0,3.1658475308,0.3571915095,1.4143174584,-32.0,-27.5,47,-7.1750043132000005,7.6557858364,0.5565548358,9,1.640788261,0.5127747061,2.2195286594,-0.08438902520000001,0.6666666667000001,0.5833333333,0.75,0.9166666667,141.0,0.1,0.2,0.30000000000000004,0.0,2.5183871896000003,0.4288649753,1.9454522981,-0.4773105163,0.4268292683,0.07717677519999999,2.3834825249000002,0.3476088529,1.6740148243000001,-0.25955249399999997,340.5,6.1,5.7,253.8333333333,3.0041306973000004,0.4434810494,1.8996050466,306.8333333333,331.1666666667,2.5347958958000003,0.36388149399999997,1.1810975798999999,24.3333333333,30.8124306326,2.1833890612,0.34248064340000006,1.7424947113,-1.6213856434,6.5,7.0,6.0,2.5,4.0,33,-0.363718758,-0.11390899869999999,1.6354191467,0.37147687450000005,1.3572366675999998,-0.5591303436,0.1428268214,2.6,3.2222222222,1.8888888889,2.4,1866.2454545454998,9,9,3957.9166666666997,0.5718858805,-0.5959834321,1.1,1.4545454544999998,1.5,1.0714285714,1.3333333333,0.27837645180000004,0.2163295319
s210,1.4583158704,0.0492603105,1.6273694715,3.0,15.0,0.0666666667,405,10.6923076923,0.1333333333,267,-0.4652507549,-0.6541564209,2.9518207378,0.34566444960000003,1.6969845201,-0.7677321537999999,0.0018394121,0.0137371826,0.0734179688,2.6666666667000003,3.6428571429,2.7666666667000004,4.0,3.75,3.8,1.5714285713999998,45,3.2244128819,0.2591821567,1.8651260147,0.5,0.1666666667,15.583333333299999,-0.05833333330000001,1,-0.004,-1.8333333333,13.875,-0.10810920119999999,1.0,-0.006075631999999999,-4.1612740142,1.4166666666999999,1.9090909091,0.031231926000000007,0.08278060129999999,7.4,6.2,1.6952829076,0.4069352834,1.8370908771,-0.9597907545,0.055555555599999994,3.3333333332999997,2.6666666667000003,2.0,4.8333333333,3.5,4.1666666667,4.8333333333,3.6666666667,3.6666666667,2.0,4.6666666667,2.6666666667000003,5.1666666667,6.166666666699999,6.833333333300001,-0.7399830784999999,1.3170380973,0.1932209246,4.933693088,2.7672534285,0.2148503306,1.6250675668,0.0,0.0,14.8148148148,7.0,4.0,4.5,5.0,3.875,4.0,3.0,52,-0.8893284576999999,4.1867508355,36,136.0,9,1.125,1.9333333333000002,0.6978212356999999,0.001295878,0.996484375,0.0013183792999999998,0.6388888889000001,0.158113883,0.25,0.25,4,-1.2322574097,1.5268777194,0.4530228478,1.6965614249,-0.0802563515,5.533333333300001,252.1666666667,2.8133638227999995,0.3049016106,1.4038153222999998,34.0,34.0,47,11.248810190499999,-6.9695381446,0.6003165960000001,9,1.875083261,0.4424849997,2.0136965593,-0.4200767884,0.75,0.4166666667,0.33333333330000003,1.0,129.0,0.9,1.0,0.9,0.9,3.6175290234,0.4695107446,2.0371150394999997,-1.1050872559,0.5405405405,0.0730221497,3.2693823087,0.2083619433,1.6639135099000002,0.0891363984,298.0,6.8,4.4,246.8333333333,4.438057033,0.2899687841,2.0044291518,262.5,275.1666666667,2.4029941683,0.2351346832,1.7608381271,12.666666666700001,8.391164338,2.7562095752,0.3589791835,1.9754354594,-0.9739945319,6.0,6.5,6.5,6.5,6.5,53,-0.4054156724,-0.0183889561,1.3408135302,0.35581548119999995,1.3887668881000002,-0.5137871640999999,-0.9334706542,2.7,3.5555555556,1.7777777778,3.7333333332999996,2599.630952381,6,5,3176.0833333333003,0.3098083801,-0.20170322010000002,1.2,2.0,2.8333333332999997,2.6428571429,4.0,0.2001532982,0.6726721022000001
s212,,,,,36.722222222199996,0.4,621,38.75,0.4666666667,585,0.2641277951,-0.8806636603,2.9105285925,0.4100883749,1.7752461674000002,-0.3880921872,0.0002643586,0.0023357849,0.0747724609,3.8666666667,3.5357142857,4.0333333333,2.5,2.5,4.0,3.7142857143,48,3.1196254893,0.296073391,1.6585931003,0.6666666667000001,0.0,22.2916666667,-0.1458333333,2,0.0025,-1.0416666667,23.6666666667,-0.0400823759,1.0,0.0004430956,-1.3452200303,1.0,1.2727272726999999,0.4004689754,0.1471178039,8.4,5.0,1.2684552155,0.36967570299999997,1.9518439669,-0.7214485902000001,0.027777777799999997,2.5,1.5,1.3333333333,3.5,6.166666666699999,5.1666666667,6.333333333300001,6.0,4.1666666667,2.5,2.1666666667,1.0,1.5,3.1666666667000003,6.833333333300001,-2.5603247968000002,-0.15503921110000002,-0.0755292756,3.2192996399,1.603945916,0.0398511936,1.9479591443000002,50.0,0.0,25.925925925900003,3.6666666667,1.75,3.0,5.0,4.75,2.7142857143,4.125,39,-0.8893244428,2.9105465294,20,216.0,2,1.125,1.4,0.6271502495,0.0014620693,0.7122373581,0.0016188009,0.6111111111,0.009797959,0.009797959,0.0256124969,2,-1.1763339121,1.455188075,0.36201494659999994,1.5023112721,-0.35369445320000004,4.7333333333,315.0,3.1062151548,0.27699735059999997,2.2486192424,8.0,167.0,47,8.3603249057,-5.3001195796000005,0.28511673200000004,13,1.3323065676,0.5625714467,1.9783068336,-0.536452822,0.75,0.4166666667,0.9166666667,0.5833333333,120.0,0.4,0.30000000000000004,0.6000000000000001,0.2,2.2100607977,0.22223425559999999,3.2367535957999998,-0.1363477903,0.5886699507,0.0645004004,2.6518153453999997,0.2951867193,2.0343960902,0.0039389656,397.0,6.9,6.6,246.5,4.024013096,0.1623333207,5.2986558971,350.1666666667,309.0,2.5337701087,0.24051242309999998,2.7977338518,-41.1666666667,106.4671454985,2.6814937678999997,0.3790497053,2.1375299686,-0.7245150249,5.0,6.0,6.0,3.0,6.0,48,0.5723892522,0.0425695878,1.7705984424,0.36169350759999996,1.9381828124,-1.0126705248999999,-0.6504075539999999,4.1,2.4444444444,3.2222222222,3.1333333333,1738.7727272727,4,10,4222.4166666667,0.0786431273,1.3505762785,2.0,1.1818181818,1.5833333333,1.1428571429,2.5833333333,0.8357688665,0.14707988360000002
s216,0.8373639722,0.3285854917,1.8296831062999999,1.9,26.75,0.33333333330000003,504,21.0,0.2666666667,440,-0.121492411,-0.5208742877,3.136668316,0.3351060437,2.7194416518,-0.0635221114,0.0657136497,1.2960537109,0.1860732422,4.0,3.1428571429,4.1333333332999995,1.5,1.0,2.4,4.0,38,3.7089397876,0.2778626967,2.273046689,0.1666666667,0.5,11.083333333299999,-0.05833333330000001,2,-0.0206666667,-4.3333333333,15.625,-0.0327042629,2.0,-0.0076589698,-2.8128330373000003,1.0833333333,1.0,-0.2085515069,0.6439070682,9.2,6.4,2.0895824285,0.4849627425,2.2984718861,-0.8501255557999999,0.0,4.1666666667,2.0,1.3333333333,2.6666666667000003,4.1666666667,4.3333333333,6.0,5.0,6.0,4.3333333333,1.5,1.0,1.5,2.0,2.3333333333,0.3344531919,2.7651171886,-0.1448413667,3.3579238220999996,1.6627099253000002,0.2736805346,1.5905173543000002,16.6666666667,100.0,77.7777777778,4.3333333333,5.75,4.0,1.0,2.125,2.1428571429,3.375,36,-0.4564488425,4.0713367236,35,123.0,9,1.0625,1.1333333333,0.6128288269000001,0.0010091155,0.9802734375,0.0013951362,0.6666666667000001,0.158113883,0.25,0.25,2,-0.6932255136000001,0.6551361505000001,0.49315849,2.0274078366,-0.4317263625,4.4,398.5,2.6574250702,0.35457243660000004,1.4255063719,8.5,46.5,46,-14.7074204514,16.5656694453,0.7850874534000001,10,1.6788264019,0.5957325631,1.747402045,-0.4573674332,0.5833333333,0.9166666667,0.8333333333,0.8333333333,110.0,0.0,0.2,0.2,0.1,2.6295789049000002,0.4538528194,1.9664278998,-1.4908761156,0.2890625,0.009538600999999999,2.2497511101,0.3344271567,1.2816639593,-1.3468612496,375.0,6.1,4.8,457.3333333333,2.6008526413,0.3173636718,1.7571799715,401.75,366.6666666667,3.1510467384,0.35112189549999995,1.5625587761000002,-35.0833333333,16.9683738013,2.0030213905000003,0.35047143810000003,1.9015812641,-1.1100494373999998,6.5,7.0,1.5,1.0,1.5,55,-0.0108384442,-0.2720577656,0.2979499423,0.0216613755,1.8367045585,-0.2047666334,-0.2817039294,4.3,4.2222222222,2.5555555556,1.4666666667,2933.8296296296003,5,7,4667.0,-1.0407631721,0.5836629477,1.2,1.0,2.3333333333,2.0,1.1666666667,0.8423075923000001,0.16638733790000002
s218,,,,,61.0,0.6666666667000001,562,30.3571428571,0.5333333333,385,-0.4817036946,-0.8395422459,3.7061640075,0.4586231549,2.3360966399,0.0025575438,0.0006536582000000001,0.011934082,0.0878203125,2.3333333333,2.7142857143,2.0,4.0,2.25,4.0,2.1428571429,65,4.430968288,0.19442829260000002,2.1810122887,0.1666666667,0.5,9.9583333333,0.0291666667,2,-0.0131666667,-2.0416666667,13.125,0.0525423729,2.0,-0.0033175414,-1.7530120482,1.0,1.9090909091,0.1546970836,0.9238391407,7.4,5.8,0.7120812501999999,0.21418938129999998,2.0905772299,-0.2612564503,0.11111111109999999,1.0,1.0,1.0,2.1666666667,2.5,6.333333333300001,7.0,7.0,6.666666666699999,6.0,1.0,1.0,1.0,2.1666666667,3.5,,,,,,,,77.7777777778,0.0,0.0,5.833333333300001,1.0,5.0,5.0,4.25,3.4285714286,4.875,52,-0.9575666758,4.0502743994,40,187.0,4,1.125,1.0666666667,0.7965556145,0.0008272122,0.7000974655000001,0.0007464227000000001,0.44444444439999997,0.0256124969,0.06403124240000001,0.158113883,6,-0.8050147349000001,1.2417856125,0.3850701381,2.0708642101,-0.0569340737,6.0,,,,,,,47,,,0.7491619978,9,1.1407973212,0.8148751237,1.9075461807,-0.6391723086000001,0.5,0.75,0.6666666667000001,0.75,149.0,0.2,0.1,0.6000000000000001,0.1,3.0618276438,0.3438462324,3.0537908475,-0.8983246392,0.41854636590000005,0.049521551399999995,,,,,280.5,4.8,4.7,279.8333333333,4.8863554174,0.2624489676,3.9496133152999997,267.0,287.3333333333,3.0537034701,0.35199910149999997,1.7853739359,20.3333333333,17.1708359391,1.9036906743000002,0.33455393580000004,1.8955856984,-0.8763590048000001,6.5,6.5,6.5,6.5,6.5,33,-1.2675746428,-0.1834775534,1.1171587779,0.17922438420000003,2.1683516272,0.9722376687,-0.024724387200000003,1.4,4.3333333333,1.2222222222,1.8666666666999998,2186.8125,23,6,2995.8333333333003,-0.7291522901,1.9160571859,1.0,1.3636363636000002,1.0833333333,1.5,2.25,0.8508906281999999,0.3931058543
s226,1.1176611738,0.0395647368,2.0893298595,2.2,38.5714285714,0.30000000000000004,760,30.4761904762,0.30000000000000004,610,-0.46195452719999996,-0.9092566373,3.6588718303,0.3317757353,1.8094651066999998,-2.2094825752,0.0006845233,0.011454956100000002,0.013441406299999998,3.7333333332999996,5.6785714286,5.2,3.5,3.5,4.0,2.4285714286,47,6.6054317039,0.2408266837,1.31186747,0.33333333330000003,0.0,12.625,-0.0458333333,2,-0.0101666667,-2.375,15.666666666700001,0.1663632327,0.0,-0.004397868599999999,-0.21380994670000003,1.8333333333,2.0,-0.113315206,1.0097552813,9.0,7.5,2.1541699793999998,0.35406346920000004,1.9110469311000002,-0.5488382257000001,0.1666666667,1.8333333333,1.8333333333,2.0,3.5,5.5,4.3333333333,5.833333333300001,5.1666666667,4.0,3.6666666667,2.1666666667,1.3333333333,4.3333333333,3.3333333332999997,6.5,-1.1310685867,0.4690831393,-0.5629734621,4.194188013,3.2993350913999997,0.14394442740000002,2.0589435321000003,38.8888888889,0.0,40.740740740700005,5.833333333300001,4.5,4.75,4.75,4.375,3.1428571429,3.5,50,-0.9928100529,3.4727396196,34,194.0,8,1.8125,1.9333333333000002,0.7755329132000001,0.0016303798,0.7846649170000001,0.001846009,0.6666666667000001,0.0256124969,0.0256124969,0.0256124969,2,-0.7731130829,1.2671025995999998,0.6103647108,1.8623407483,-0.37175892159999996,5.2,201.5,2.9419456651,0.2468629501,1.7921526699,-25.0,151.0,28,-5.6483563578,11.643884778099999,0.5292736422000001,3,1.7102853479,0.3678171574,1.8934460503,-0.5224152268,0.5833333333,0.0833333333,0.33333333330000003,0.5833333333,107.0,0.4,0.5,0.8,0.9,2.7339993470999997,0.4027212243,1.7380496732,-1.3546272939,0.4938271605,0.10022894130000001,4.3894206724,0.26353017770000003,1.3961352037,-1.3161128068999999,289.0,6.0,6.0,245.1666666667,3.1970563053,0.34232721580000003,1.3860292621,170.6666666667,229.6666666667,3.1997580548,0.2793551233,1.6039836224000001,59.0,104.07351876,3.0797923900999997,0.3547849414,1.8416515961,-1.9191012027,6.5,6.0,7.0,4.5,7.0,31,-1.2727164166,-1.7223544761000003,1.9795252005000001,0.32736685190000003,1.5082366056,0.27879083720000003,1.6100878806,2.9,3.7777777778,2.8888888889,4.6666666667,1901.2530303029998,5,9,3397.75,,,1.2,2.2727272727,2.4166666667,1.8571428571000002,3.5833333332999997,0.35868262360000003,0.1460237583
s228,1.0834818659,0.1110040868,1.9100682927,2.3,38.65,0.33333333330000003,723,20.7142857143,0.30000000000000004,415,-0.1444048842,-1.5313860515000002,2.5383571091999997,0.36548351520000005,1.4771143171,-1.1825231349,0.0002454215,0.0034228058,0.0153105469,5.2,3.6428571429,4.3333333333,2.0,1.5,4.0,4.0,27,3.2591041816,0.2516641932,1.5049643384,0.8333333333,0.1666666667,10.25,0.25833333329999997,3,-0.009000000000000001,-1.6666666666999999,9.0833333333,0.3141051567,2.0,-0.0012295248,-2.2648129424000003,1.0,1.0,-0.08627816529999999,0.8103757513000001,8.0,7.2,1.8476371708,0.4469034287,1.6028302069,-0.8839949412,0.5833333333,2.1666666667,3.5,1.1666666667,1.0,2.1666666667,4.0,4.3333333333,5.0,4.6666666667,3.1666666667000003,2.5,2.5,2.1666666667,1.3333333333,3.6666666667,-3.0794969970999997,0.0991430855,-0.3719338943,3.8121088774,2.3623896966999998,0.1110264601,1.7076256422999998,38.8888888889,66.6666666667,59.2592592593,3.3333333332999997,4.25,2.75,3.625,2.5,2.0,3.25,35,-1.4375347416,3.0903382679000004,16,217.0,7,1.0,1.0,0.6816086768999999,0.0010317555,0.7780120850000001,0.0017704798000000002,0.7222222222,0.0015811388,0.0015811388,0.009797959,5,-2.0274111087,1.6248543818,0.36396916149999997,1.3518472815,-0.6590315188,3.2666666667000004,420.3333333333,2.5291910057,0.3351581509,1.2401184475,26.0,44.0,47,-9.8297921872,22.1545963638,0.455163537,13,2.3035722791,0.5093335261,1.9086478491,-0.6872755193000001,0.1666666667,0.9166666667,1.0,0.5833333333,82.5,0.0,0.30000000000000004,0.2,,2.7110720644999997,0.4701300992,1.2262370304,-1.5513583333,0.5632754342,0.0434706301,2.422298966,0.3276448388,1.1111269936,-0.9737922171,330.0,6.0,5.1,333.3333333333,2.9915027098,0.3743991861,1.0515712371,263.5,297.6666666667,2.6668315002000003,0.343004407,1.2514280727,34.1666666667,32.1228397696,1.7986285359,0.3822638988,1.6230397565,-2.0700473335,2.5,4.0,1.5,1.0,1.0,59,-0.6011699654,-0.2017397971,0.9052195156999999,0.0232106821,2.1094784716999997,0.0683429566,-0.0135824253,3.7,4.4444444444,1.5555555556,1.8666666666999998,1847.36,9,8,2270.25,0.905853474,-0.2776317366,2.6,1.0,2.6666666667000003,1.9285714286,1.0,0.8569180750000001,0.1895440625
s233,0.4939192194,0.0100209192,2.0153459311,1.4,38.869565217399995,0.23333333329999997,844,25.15,0.33333333330000003,462,-0.5001575254999999,-1.7738058403,2.8024605295,0.4115188144,1.6037691481999998,0.2754492222,0.0002653221,0.0008551483,0.0098642578,5.2,4.2142857143,3.6,2.5,1.75,3.6,4.0,32,4.5711848808,0.2918779997,1.4631308072,0.5,0.33333333330000003,9.7916666667,0.0041666667,2,-0.0178333333,-3.875,13.125,0.1661016949,1.0,-0.0035421687000000007,-3.220645293,1.1666666667,1.0909090909,-0.22097902100000005,0.5230769231,8.4,6.2,2.3386161989,0.40437675689999997,2.0368817259,0.07224540930000001,0.4166666667,2.5,1.8333333333,2.1666666667,1.6666666666999999,4.6666666667,4.6666666667,6.5,5.3333333333,6.5,3.8333333332999997,2.6666666667000003,1.0,3.5,1.1666666667,5.3333333333,0.1724330838,2.2053669178,-0.3697525375,3.8077461637,2.3885380378,0.1786086522,2.3399847666,33.3333333333,44.4444444444,59.2592592593,3.0,1.0,3.875,5.0,1.5,1.7142857143,4.625,27,-1.2083775268,3.5486526974,15,210.0,7,1.375,1.0666666667,0.7727680206,0.0007756982000000001,0.8542480469,0.0012128666,0.5833333333,0.0038729833,0.0038729833,0.0038729833,2,-0.3863988891,0.6620652758000001,0.6199695202000001,1.836140656,-0.3680877953,4.3333333333,479.1666666667,2.6509183823,0.3071462021,1.3723717642,47.5,64.5,43,0.8108356098,4.2177268827,0.5572900235,13,1.276430542,0.479493194,2.0591180424,-1.2077533467,0.5,0.5833333333,,0.33333333330000003,98.0,0.7000000000000001,0.5,0.5,0.0,2.0985259194,0.4420179692,1.8140934099000001,-0.8604025393000001,0.3909774436,0.0410391739,2.672732661,0.30912480859999997,1.4838011373,-1.3644689184999998,348.5,4.9,4.2,434.0,2.8740445647,0.3463017443,2.1206656552000003,256.6666666667,298.3333333333,2.7098237966000003,0.3135508966,1.7736067264000002,41.6666666667,108.40931689370001,1.8756565876,0.3944301903,1.9862384838999998,-1.5325550422,2.5,5.0,1.0,2.0,3.5,44,-0.2497691078,-0.6274736041,1.4317134384,0.1246413821,2.5031793712,-0.1312092185,0.524095144,4.6,2.7777777778,1.5555555556,1.4,2682.4666666667003,7,4,6183.416666666701,0.0948892158,1.5686159179,2.7,1.4545454544999998,3.3333333332999997,2.9285714286,1.0,0.19640047239999997,0.1771131816
s237,1.3697586183,0.2220008917,1.3408339172,2.2,45.285714285699996,0.30000000000000004,901,17.8571428571,0.30000000000000004,350,-0.2267852425,-0.4671255768,2.4592280758,0.3482544306,1.4924943273,-0.33582751130000005,0.1525057468,0.0314814453,0.06559960940000001,3.0666666667,4.1428571429000005,5.1,3.0,3.25,2.8,2.7142857143,35,3.2188518137999997,0.2623100814,1.0476237659999998,0.5,0.0,9.625,0.1541666667,3,-0.0045000000000000005,-2.375,12.375,0.20369774920000003,1.0,0.0002036442,0.0045016077,1.0,1.9090909091,0.1580012138,1.3648204921,7.5,7.7,2.7332970242,0.3319584437,1.5883507937999999,-0.9369405062999999,0.055555555599999994,3.1666666667000003,2.1666666667,1.5,3.5,4.0,3.8333333332999997,4.6666666667,5.5,6.166666666699999,2.0,2.8333333332999997,1.0,3.5,2.8333333332999997,5.3333333333,-2.5202971573,0.6953666349000001,-0.1448413667,3.3579238220999996,2.1475235364,0.2171729557,1.160997974,33.3333333333,33.3333333333,33.3333333333,5.0,4.25,3.75,2.25,3.125,2.8571428571,3.375,41,-0.9699599015000001,2.749275612,26,175.0,3,1.375,1.2666666667,0.6201343536,0.0015002931,0.8934570312000001,0.002010747,0.5277777778,0.158113883,0.158113883,0.06403124240000001,1,-1.3010383265,1.7155308041,0.3679014795,1.4909869927000001,-0.4573445635,4.6666666667,364.0,2.5063699837,0.2981196674,1.6351355711000002,47.5,119.5,40,-6.9868187855,10.400322901100001,0.3936674914,9,1.4731720091,0.4146035734,1.4328476299000001,-0.5690316803000001,0.8333333333,0.9166666667,0.9166666667,0.8333333333,108.0,0.7000000000000001,,0.9,0.2,2.1135612335,0.40202518859999997,1.3273596248,-1.7540254172,0.48536585369999996,0.054726393899999996,3.1681947536000004,0.2713038913,1.2705574157,-1.4338407755000002,333.5,6.4,5.3,234.1666666667,2.7864342427999995,0.39458637869999996,1.6488895771,258.3333333333,298.8333333333,2.440302083,0.28775484770000004,1.3013998874,40.5,-10.8561757023,3.0994443616000003,0.4160675564,1.7901096396,-1.5355739625,4.5,4.0,4.0,2.5,4.0,26,0.00332699,-0.7413151236000001,1.2668387412,0.06871445500000001,2.0341788618,-0.4877316213,0.4935854019,3.8,3.0,2.8888888889,3.3333333332999997,1918.8958333332998,0,8,5279.2916666667,1.1961414674,-0.8109302162,2.0,2.1818181818,2.4166666667,2.1428571429,2.4166666667,0.8559064772,0.5889799385
s238,1.5396069381,0.289076002,1.2649588583,2.3,49.2727272727,0.2666666667,1021,24.1578947368,0.3666666667,432,-0.231100859,-0.9402009595,2.695844543,0.4409280618,1.6661542184,-0.41894316049999997,0.0028597186,0.0119874268,0.0023320313,2.3333333333,2.8214285714000003,2.5666666667,2.75,2.25,3.0,3.0,61,4.3340407195,0.3172407693,1.8276592436,0.0,0.8333333333,1.625,0.0375,2,0.0001666667,-0.9583333333,6.666666666699999,0.0686352254,1.0,-0.0015759599,-2.9626460768,1.0,1.3636363636000002,0.4713576475,-0.0567936932,7.3,5.7,2.2540058269,0.4715851103,1.7348805533000002,-0.0189593633,0.5277777778,1.0,1.0,1.0,1.8333333333,1.5,6.666666666699999,6.833333333300001,6.666666666699999,5.3333333333,3.3333333332999997,1.0,1.0,1.6666666666999999,1.6666666666999999,4.1666666667,-5.497989896699999,-2.7755451433999996,0.1161892903,2.7697933114,1.3114378953,0.038897837000000005,1.7495784738,61.111111111099994,33.3333333333,25.925925925900003,5.666666666699999,2.0,4.625,3.875,4.5,3.0,3.0,43,-0.7717910818000001,3.4406522452,36,212.0,8,1.0,1.0,0.6627759933,0.001089941,0.9633224487,0.0013113884,0.5277777778,0.158113883,0.1265219767,0.158113883,3,-0.3839486122,1.0969430108,0.05729773480000001,2.8644219916000004,-0.2087624842,5.0666666667,394.1666666667,2.1244553926,0.32735945450000004,1.2308062173,-3.5,42.5,46,3.5855754938,-0.8693581765,0.6288319792,4,1.8135153585,0.5760865688,1.8868268577,-0.104709422,0.75,0.8333333333,0.5833333333,0.8333333333,129.0,0.30000000000000004,0.1,0.4,,2.8020845851,0.020996971099999998,4.5532968387,-0.9292989742,0.49118387909999994,0.0443704483,2.5711062285,0.3452242542,1.3853269299000002,-0.2106247695,406.5,4.6,4.0,,,,,368.8333333333,411.6666666667,2.3663054332,0.30723021699999997,1.3338738937,42.8333333333,-17.5898428732,2.2823470809,0.4620535563,1.9376501673,-0.8636305793000001,5.5,6.0,5.5,6.0,5.5,36,-0.7183208959999999,0.1472581196,1.4267846216,0.1829496475,2.2084015181,0.4135392065,-0.0432978875,2.1,3.8888888889,2.6666666667000003,2.8666666667,2602.4037037037,10,5,4280.5833333333,-0.0720857268,1.1321349806999998,1.3,1.4545454544999998,1.9166666666999999,1.8571428571000002,1.9166666666999999,0.8103906163,0.4772554192
s244,0.6907816631999999,0.06168891350000001,1.60749869,1.55,12.8,0.1666666667,317,4.8965517241,0.033333333300000004,137,-0.1537999772,-1.4152501074000001,2.5821897051,0.401497336,1.6635853912,-1.2232949331999998,0.0010569142999999998,0.002919342,0.0463085938,4.3333333333,3.75,4.6,1.5,2.25,2.6,3.8571428571,36,3.943419415,0.2963429298,1.4212132699000002,0.33333333330000003,0.5,2.9166666667000003,0.008333333299999999,0,-0.0003333333,0.0833333333,3.6666666667,0.04,2.0,-0.0044,-2.1142857143,1.0,1.2727272726999999,0.5505107832,0.24744608399999998,7.7,7.0,2.4884141938,0.4904723392,2.3837086425000003,-0.43064990189999997,0.4166666667,3.6666666667,2.3333333333,2.0,2.8333333332999997,3.8333333332999997,4.6666666667,5.666666666699999,5.833333333300001,6.166666666699999,4.0,2.5,1.0,4.0,1.6666666666999999,4.8333333333,-1.7385015782000002,0.8242175567000001,0.1910395678,4.9380558016,3.9866004483,0.18180754829999998,2.7716317651,44.4444444444,66.6666666667,48.148148148100006,3.6666666667,4.0,3.125,4.0,2.125,3.4285714286,3.5,38,-1.0705413209999999,3.8243251091,22,159.0,9,1.0625,1.2666666667,0.6640334487,0.0006344755000000001,0.6184956789,0.0007189592999999999,0.5277777778,0.015704178000000003,0.0006324555,0.0038729833,3,-0.9792887767,0.6194278957,0.3489844193,1.6416095261,-0.34353450399999996,4.0666666667,410.8333333333,2.4243764446,0.418495674,1.3539302931000001,-1.5,-4.5,45,-17.2030284015,18.3875772967,0.6213461987000001,6,1.3176764929,0.47209337,2.176249948,-0.589130051,0.4166666667,0.0833333333,0.6666666667000001,0.1666666667,89.0,0.5,0.7000000000000001,0.4,0.2,1.9210978221,0.300775087,2.4821184503000002,-1.4500311489,0.4103896104,0.0438647544,3.5435356773000004,0.3267613466,1.6067134651,-2.2326150897,354.0,5.1,4.6,402.6666666667,3.4147909145999997,0.3745323331,1.5578259294,298.0,326.1666666667,4.2893655881,0.3625659361,2.1292723402,28.1666666667,54.9837961293,2.3800497717,0.3455673482,2.5515269833,-0.8436644033,3.0,6.0,2.0,2.0,5.5,54,-0.3290416705,-0.0929259214,2.0777732885,0.38022515619999997,1.6769122512999999,-0.0378805497,-0.45746462549999994,3.8,2.7777777778,3.4444444444,2.4666666666999997,3736.8229166666997,0,8,3830.8333333333003,1.7710400995,-0.7644102006,2.4,2.0,2.1666666667,1.0714285714,1.6666666666999999,0.7931470495,0.21927084510000003
s246,1.1010246379000002,0.1306951976,1.8732693521000001,2.15,18.1481481481,0.1,450,9.1304347826,0.23333333329999997,198,-0.135898168,-0.6357393816,3.5735302908999995,0.2997930324,2.4204023725,-0.3882837232,0.0004198475,0.0159847412,0.2575166016,5.666666666699999,4.1428571429000005,5.8666666667000005,3.0,2.75,3.4,3.1428571429,20,4.4662574035,0.23711137559999998,1.7112489798,0.33333333330000003,0.33333333330000003,14.0,0.15,1,0.001,-2.5,8.75,0.19217638690000002,2.0,-0.0043072546,-2.5078236131,1.25,1.0909090909,0.1002288358,1.0565551406,9.2,5.3,2.1225886627,0.4210025091,1.8166973111000002,0.3725338693,0.0,2.0,3.8333333332999997,1.8333333333,3.0,4.3333333333,3.8333333332999997,4.0,4.6666666667,4.1666666667,3.1666666667000003,2.5,1.0,2.3333333333,2.5,4.3333333333,0.2495505473,4.1026369803,0.0,5.320134937200001,3.6285118151,0.0802728813,2.1907950048,5.5555555556,22.2222222222,37.037037037,4.5,5.0,1.75,2.5,2.625,2.5714285714000003,2.125,46,-1.2890129855,3.38738178,15,206.0,9,1.3125,1.1333333333,0.6718950271999999,0.0012660045,0.8695106506,0.0018534339,0.6388888889000001,0.0256124969,0.06403124240000001,0.06403124240000001,2,-0.9472147023999999,1.5454443231000001,0.34150628340000005,1.8626614013999998,-0.6418313365,2.4666666666999997,285.3333333333,2.5864187860000003,0.0595903557,2.9948251434,14.0,218.0,40,,,0.4588583835,11,1.9292148059,0.37091248109999997,2.2308063716,0.0018689073,0.33333333330000003,,,,79.0,0.4,0.8,0.5,0.2,2.3226615624,0.3818638756,1.6887346891,-0.9901471166,0.4900990099,0.07271023800000001,2.7500139491000004,0.2735358597,1.1731951406999999,-1.7278719238,335.0,6.0,5.7,281.8333333333,2.4591933158000003,0.327750274,1.9122225774,283.1666666667,306.0,2.6399535984,0.31766536289999997,1.4652930242,22.8333333333,34.0520353303,3.5108101541,0.39504484219999997,2.4903039897,-0.7791456361,4.0,1.5,4.0,4.5,2.0,49,-0.47927114369999996,-0.40046365009999996,1.6073207472000002,0.2997063934,1.4085318041,-0.36729526,-0.18860133699999998,3.8,3.4444444444,3.4444444444,3.4666666667,1911.9964726631,26,4,2954.9166666666997,0.09274718109999999,0.2741987221,3.5,2.2727272727,2.75,2.0714285714,2.0,0.811333595,0.1154456363
s249,0.7472602795000001,0.08118968650000001,1.6630794058,1.6,32.6086956522,0.23333333329999997,709,27.809523809499996,0.30000000000000004,555,-0.5220244094000001,-0.5723352885,3.045151523,0.48343860909999997,1.7698730024,-1.0000977684,0.0001210608,0.0039053345,0.0427626953,4.1333333332999995,4.6785714286,4.2333333333,3.75,3.0,2.8,2.4285714286,42,2.4623748644,0.2920183053,1.6586263934999999,0.1666666667,0.5,0.9166666667,0.033333333300000004,0,0.0003333333,-0.33333333330000003,9.4782608696,0.0779343926,0.0,0.0013213737,-0.7813941568,1.6666666666999999,1.5454545455000002,-0.145257655,0.0851381628,6.9,7.7,,,,,0.22222222219999999,3.1666666667000003,4.8333333333,1.3333333333,3.1666666667000003,4.6666666667,5.0,5.3333333333,6.0,5.5,4.1666666667,4.0,2.8333333332999997,5.3333333333,2.8333333332999997,4.5,-5.1189444147000005,-4.3882731211,-0.5982013422,2.1739555066,1.5648453944999998,0.23376725469999998,1.4862083472,50.0,44.4444444444,59.2592592593,4.8333333333,5.75,3.25,3.25,3.125,3.4285714286,3.75,55,-0.834575315,2.478506439,25,139.0,2,1.5,1.6,,,,,,0.0250474647,0.0256124969,0.06403124240000001,2,-1.0064088969,0.9499393634,0.5401223545,1.7128530258,-0.34073568120000003,4.9333333333,,,,,,,42,,,0.7598480068000001,3,1.2947343879000002,0.509261885,1.8686763866,-0.6078141278,0.4166666667,0.25,,0.5,111.0,0.4,0.2,,,2.7325470622,0.5060507605,1.7057662165,-1.911264689,0.3776595745,0.019833788999999998,1.3872884666,0.2145300814,1.9553413844999998,0.31694562870000004,391.5,6.5,4.9,,,,,,,,,,,,1.8089772859,0.4630586444,1.4761954919,-1.3003103264,6.5,7.0,6.0,5.5,5.0,38,-0.1047439639,0.3838369093,0.8459087358,0.1380027339,2.1023580774,0.3096893743,-0.4259907918,3.8,2.7777777778,3.3333333332999997,3.4,2797.0458333333004,14,4,3806.1666666666997,,,1.8,1.9090909091,2.5,2.7142857143,3.1666666667000003,0.2074943959,0.4948898421
s252,1.4192787556,0.10634779529999999,1.5532885808,2.05,34.6666666667,0.4,593,29.4285714286,0.30000000000000004,592,-0.4925728245,-1.172970957,3.5060027429000002,0.28832744320000003,1.9625377596,-0.2246739773,0.0005160178000000001,0.0089725342,0.0037998046999999997,4.0,2.8928571429,4.0333333333,2.0,1.75,3.2,2.7142857143,41,5.1612232644,0.2546085692,1.409946648,0.6666666667000001,0.1666666667,18.5,2.6367796829999996e-16,1,-1.214306433e-17,-3.5,20.25,0.034751773,1.0,-0.0036099290999999996,-4.170212766000001,1.0,1.3636363636000002,0.286849711,0.8956647399000001,9.0,7.8,3.1194748675999997,0.35178434259999997,2.1673981309,-0.5147604032,0.11111111109999999,2.6666666667000003,2.8333333332999997,2.1666666667,3.1666666667000003,4.6666666667,3.3333333332999997,5.666666666699999,3.3333333332999997,3.6666666667,1.8333333333,2.6666666667000003,1.5,4.8333333333,2.1666666667,6.833333333300001,-2.8441864012,-2.4069015497999997,-0.5794907613,4.1611534147,2.9412061706,0.0264270441,2.2671508249000003,22.2222222222,55.5555555556,29.6296296296,4.8333333333,2.25,3.75,3.125,2.625,2.7142857143,3.375,38,-1.2083775268,3.5486526974,26,214.0,6,1.0,1.0666666667,0.8268922806000001,0.0016332462000000002,1.0,0.001892705,0.6944444444,0.0256124969,0.0256124969,0.06403124240000001,3,-0.9709441356999999,2.2430889783000003,0.36831671479999994,1.4300839347999998,-0.1898418685,3.8666666667,289.6666666667,2.4330635383000003,0.2456911346,1.0545682061,5.5,20.5,46,-5.513871406,9.371187642799999,0.24812425719999998,13,2.2278862733,0.3689107386,2.060071805,-0.5051029501000001,0.6666666667000001,0.9166666667,0.8333333333,0.8333333333,125.0,0.5,0.6000000000000001,0.8,0.2,3.7022201416000002,0.3670515136,1.4073755347,-1.9172901059,0.4816625917,-0.0067340867,4.3683090948,0.2513157008,0.9521114177,-2.1795848731,264.5,5.9,5.7,339.6666666667,2.5776025173,0.2701053926,1.106863208,222.6666666667,243.0,3.760876681,0.3184380719,1.319329333,20.3333333333,8.383895131100001,2.1508109178,0.34434881230000003,1.0577123169,-1.2783936998,5.0,6.5,5.0,1.5,5.5,36,-0.3007183578,-1.0334935285,1.9757516844,0.09107085710000001,2.1782454144,-0.19372005039999998,1.1261910772,3.7,2.3333333333,1.3333333333,2.2666666667,1422.7333333333,6,11,3613.25,0.7554659450000001,-0.3746934494,1.4,1.2727272726999999,1.8333333333,1.0714285714,1.9166666666999999,0.8536111961,0.1572729901
s254,0.9371976851,0.3548363537,1.4059007394,1.1,24.8846153846,0.1333333333,623,11.333333333299999,0.2,252,-0.0030859242,-5.5460910175,0.7391985623999999,0.3756795071,1.2670580467,-0.821274962,0.0019058973,0.0031733397999999997,0.0075507813,4.6666666667,3.8571428571,4.9666666667,3.75,2.5,4.0,4.0,39,4.9234002468,0.3055541641,1.8253591717,0.1666666667,0.6666666667000001,5.416666666699999,0.0166666667,2,-0.0056666667000000006,-1.5833333333,9.125,0.160418483,3.0,-0.0105893636,-3.2545771577999996,1.0833333333,1.0,-0.0586076074,0.29190480879999997,8.6,8.1,2.0482443898,0.4255461174,2.5873746668,-0.27922256160000003,0.5277777778,1.0,2.0,1.0,1.3333333333,3.5,6.166666666699999,5.833333333300001,7.0,7.0,3.6666666667,1.1666666667,1.0,1.0,1.0,3.1666666667000003,-0.9402807970999999,1.2130315737000001,0.1910395678,4.9380558016,3.1584714568,0.1966152905,2.4183420206,66.6666666667,55.5555555556,59.2592592593,6.0,1.0,3.375,4.0,3.5,1.5714285713999998,3.875,43,-0.8893284576999999,4.1867508355,28,234.0,5,1.25,1.0,0.7095755576999999,0.0011151963,0.7676273346,0.0011829923,0.5555555556,0.0038729833,0.0038729833,0.0038729833,1,-1.9604448166,0.9298233537999999,0.4415015663,1.5930645459000001,0.0075496923,4.4666666667,305.5,3.57189893,0.3272211933,1.4411496396,18.0,2.0,47,19.1029564037,-16.2344837227,0.5271617541,10,1.6287917412,0.5224665178,2.2259582634,-0.9024067912999999,0.75,0.9166666667,0.5833333333,0.9166666667,106.0,0.30000000000000004,0.1,0.30000000000000004,0.0,3.2339717641,0.4038527932,2.3727853332,-1.1408490254,0.539408867,0.0763745859,4.3799226262,0.2301664315,2.5809774455000003,-1.3332148172,345.0,7.1,5.7,228.5,4.4255169261,0.34389622810000003,2.7699747414999996,225.3333333333,243.6666666667,3.847912987,0.3590246407,2.1938880091999997,18.3333333333,49.7169766783,3.6955852571,0.3072530304,2.5518991689,-1.521379768,7.0,5.5,3.0,5.5,4.5,43,-0.6914091966,-0.5961425382000001,1.4928331446,0.37938632829999996,1.9505655374,-0.3183012551,0.4140427999,3.9,4.6666666667,2.8888888889,3.0666666667,3319.90625,-1,8,4981.0833333333,0.44405175119999996,0.7884573604,1.8,1.9090909091,3.0833333332999997,2.7857142857,1.3333333333,0.8247236918999999,0.4561153035
s259,,,,,24.875,0.2,573,22.55,0.33333333330000003,431,-0.1018957809,-0.6559266121,2.3115956458,0.3636150687,1.9396996101,-0.4322860009,0.46463124079999996,29.025238281300002,26.370041992199997,4.0,2.7142857143,2.0,4.0,3.0,4.0,2.1428571429,62,1.1425079368000002,0.2852950721,1.6109316875,0.6666666667000001,0.0,12.75,0.225,0,-0.001,-1.6666666666999999,19.5833333333,-0.0466193656,0.0,-0.006349749599999999,-0.1168614357,1.0,1.8181818182,-0.1405635552,0.7884228734000001,9.3,7.0,1.3953068055000002,0.4357653485,1.7562147732,-0.9219584672,0.027777777799999997,2.5,3.1666666667000003,2.1666666667,3.5,4.3333333333,4.1666666667,4.8333333333,5.0,3.8333333332999997,3.1666666667000003,1.3333333333,3.5,2.3333333333,4.8333333333,5.3333333333,-2.305124677,-1.362289626,-0.20355320579999997,2.0903488788,1.374096574,0.2854371844,1.4809424634000001,11.1111111111,0.0,55.5555555556,3.8333333332999997,2.0,4.75,5.0,5.0,4.7142857143,4.25,28,-0.9227923031,2.0608533909999998,40,,7,1.0625,1.9333333333000002,0.7388153076,0.002644253,0.7172607422,0.0028095753999999996,0.6388888889000001,0.25,0.25,0.25,4,-0.9858694276,1.3929418538999998,0.4122332038,1.420946726,-0.4297731631,4.5333333333,361.1666666667,2.0008965506,0.2945281996,1.2472504817,6.5,49.0,47,,,0.4440222517,7,1.1578995015,0.4588253763,1.8004149152000002,0.0201404975,0.8333333333,0.8333333333,,0.9166666667,150.0,0.1,0.8,0.7000000000000001,0.7000000000000001,1.3935835072999998,0.4937315061,1.7444020255000001,-1.0558164199,0.2823218997,0.0048699454,1.3780136622,0.3172767774,1.2356944417,-0.9467539143000001,460.0,6.4,7.6,450.3333333333,1.5218376709,0.3710636303,1.0946341523999998,306.3333333333,353.6666666667,1.7877888757,0.38189471659999996,1.1406330452,47.3333333333,-45.199597787799995,1.4337132283,0.3332697276,1.5153713838,-1.3592266113999998,7.0,6.0,7.0,4.5,7.0,42,-0.5224175869000001,-0.2963197157,1.228909566,0.32476406539999997,1.4560007756,-0.4537696861,0.0100576172,2.3,4.5555555556,1.0,3.2666666667000004,2088.4986111110998,6,8,4248.3333333333,,,1.0,1.3636363636000002,1.0,1.1428571429,3.0,0.1675391866,0.3841961797
s262,0.6637421767,0.24135998739999998,1.3926944472999998,1.3,30.7692307692,0.1333333333,794,16.5,0.2,379,-1.4649329118,-1.7404537741,2.9395242004,0.4980456125,1.4589503937000001,-0.7818397837000001,4.3625e-06,0.0029648743000000003,0.0005427246000000001,3.8,3.2142857143,4.2,2.75,2.5,3.0,2.2857142857,50,3.3084284695,0.4268689017,1.4402678947999998,0.1666666667,0.33333333330000003,10.25,0.033333333300000004,0,-0.0023333333,8.604228441e-16,19.3333333333,-0.054893238399999995,0.0,-0.014120996399999999,-4.120106761600001,1.0833333333,1.6363636363999998,-0.1382701665,0.5675759029999999,6.0,6.1,2.1775129854,0.5255714220000001,2.0280431274,-0.5682811879999999,0.6111111111,1.8333333333,2.8333333332999997,1.6666666666999999,2.8333333332999997,2.6666666667000003,5.666666666699999,4.5,5.666666666699999,4.8333333333,4.0,2.0,2.8333333332999997,1.5,2.3333333333,3.3333333332999997,-0.4812081794,2.1097568346,0.1910395678,4.9380558016,2.2005080786,0.0470946429,2.782789042,55.5555555556,44.4444444444,37.037037037,4.8333333333,4.5,3.875,3.875,3.375,3.1428571429,3.125,48,-0.9437793146,3.5708010963,33,214.0,5,1.0,1.2,0.6991075515999999,0.0017055592999999998,0.7930145264,0.0018119816,0.30555555560000003,0.0002011893,0.0008898748000000002,0.0015811388,4,-1.3102191459,1.001453361,0.5101912279,1.7934507179,-0.8492774405,4.3333333333,,,,,,,48,16.5767394359,-12.2536842265,0.8510518098000001,6,1.3442547969,0.47853939869999995,2.0444658778,0.2793723564,0.5833333333,0.6666666667000001,0.5833333333,0.9166666667,116.0,0.1,0.4,0.4,0.1,2.4775466069,0.47135203090000005,1.8360367255,-2.2906982692,0.35750000000000004,0.026711755499999996,3.0999597666,0.2997762077,2.5167828216999997,-0.3390685363,457.0,6.0,5.0,285.5,4.4216288625,0.360753262,2.2295095471,554.75,532.5,3.1658957947000004,0.3924890635,1.6567667663999999,-22.25,12.435443037999999,1.9982066949000001,0.4597375855,1.9416133016,-1.4137517438999998,5.5,5.5,5.5,5.5,5.0,32,0.16941791550000002,0.022063641600000003,1.1333731748,0.1812330827,2.2358990486000003,-0.5019096290999999,-0.4232439468,3.1,3.6666666667,2.5555555556,3.2,2395.695,9,8,3125.5833333333003,-1.7332661847000002,1.4982122773,2.0,2.2727272727,2.0,2.1428571429,2.25,0.4635058485,0.4505220142
s264,0.48962115829999997,0.2818493191,1.4365134403,1.05,19.08,0.1666666667,448,16.7222222222,0.4,290,-0.37017983229999996,-0.8959101470999999,1.6273898833000002,0.1843685411,1.9720255294,-0.06136621580000001,0.0072476925000000015,0.0191414185,0.1869287109,3.0,3.5357142857,4.8333333333,3.0,2.25,3.2,2.5714285714000003,46,2.03271193,0.2855228814,1.5016701025,0.8333333333,0.1666666667,15.916666666700001,0.15,0,0.004,-0.5,16.0,-0.0354907539,0.0,-0.0043535867,-0.2588904694,1.0,1.0909090909,0.1372707082,0.8871473225000001,7.5,5.5,,,,,0.0,2.0,4.1666666667,2.3333333333,3.8333333332999997,4.0,5.1666666667,5.0,5.666666666699999,5.833333333300001,4.3333333333,2.0,4.6666666667,2.3333333333,2.8333333332999997,4.3333333333,-1.0847967141,-0.1890143187,-0.5970658977000001,2.7774090108999996,1.7450710629,0.1470650549,1.7232570400999998,11.1111111111,44.4444444444,44.4444444444,6.0,5.25,4.0,3.875,4.0,4.0,3.875,47,-1.0816155204,3.2951286846,22,117.0,10,1.0625,1.2666666667,0.6076866865,0.0010839903999999999,0.6068635941,0.0020897739,0.3611111111,0.25,0.25,0.25,3,-0.6653352716000001,0.9575817086,0.33931202580000003,1.5776849178999999,-0.1917960607,4.4,394.8333333333,1.396322312,0.329644826,1.1198842421,-70.5,-21.5,46,,,0.3739539232,7,0.8933399287,0.3437331275,1.8773137445,-0.7264342491,0.5833333333,0.9166666667,1.0,0.8333333333,119.0,0.2,,0.7000000000000001,0.2,2.5086026799,0.4086749,1.6783129318,-1.0099267963,0.3589108911,0.025156151600000003,2.3460196987,0.26610150039999997,1.272505417,-1.1647722152,383.0,3.6,4.5,341.3333333333,1.5736050815,0.2028417494,1.4850031675,279.3333333333,307.1666666667,2.072084519,0.3495431029,1.2122610067,27.8333333333,60.6212556913,2.1278755974,0.3103276427,2.4822007304,-0.8014101701,5.5,5.5,5.5,4.0,4.5,39,-0.3797454838,-0.7093739856999999,0.4726170494,0.0074995932000000015,1.9802867132,-0.0943751583,0.24987028879999998,2.7,3.8888888889,3.0,3.4666666667,2791.7305555556,27,2,2539.9166666667,,,2.0,2.0909090909,2.0,2.0714285714,2.0,0.3995219635,0.4837047450000001
s265,0.979369215,0.0690232367,1.7179607107,1.95,25.1739130435,0.23333333329999997,564,18.7826086957,0.23333333329999997,410,-0.6098202727,-0.4453698854,2.0534073283,0.2884658329,1.6876883151,-0.6429805270000001,0.0008273732,0.0027303162,0.012794921899999999,4.0,3.9642857143,4.9333333333,3.0,3.75,3.6,2.0,36,1.8828624216,0.2212388182,1.4411777688999998,0.6666666667000001,0.1666666667,10.0,2.2204460489999999e-16,1,0.0036666666999999997,-2.3333333333,6.958333333300001,0.065152134,2.0,-0.0090806616,-3.0481927711,1.0833333333,1.0909090909,0.6466681504999999,0.3851428674,7.2,4.9,0.7842395584,0.3797552363,1.6155623979,-0.046838458,0.19444444440000003,2.3333333333,4.3333333333,2.3333333333,3.0,3.8333333332999997,4.0,3.0,4.8333333333,6.0,1.5,2.8333333332999997,5.0,3.6666666667,2.8333333332999997,5.833333333300001,-3.3895234808,-3.5781973938,-0.33602316330000004,1.3093250545000001,1.1735217728,0.0742168736,1.4981545587,50.0,55.5555555556,40.740740740700005,3.3333333332999997,4.5,2.875,2.625,3.25,3.4285714286,3.75,49,-1.1543905379000001,2.3804143391,27,129.0,6,1.5625,1.7333333333,0.6584772348,0.0012880778,0.7155580997000001,0.0017411071,0.6111111111,0.0636371852,0.06403124240000001,0.0256124969,4,-2.6098952576,1.6428412029,0.35802214810000005,1.3013969056,0.12019498460000001,3.6,,,,,,,37,,,0.5271598123,6,0.8056161568000001,0.4490459354,1.9483994264,-0.6295869474,0.5833333333,0.4166666667,,0.5833333333,114.0,0.7000000000000001,1.0,0.8,0.8,1.281409611,0.0135055558,3.3643765729000004,-0.3716268819,0.4229828851,0.0805766881,2.4047018534999998,0.2649254407,0.9482883515999999,-1.0820477554999999,372.0,5.2,5.3,318.6666666667,1.41124248,0.33169803140000004,1.3339227629000001,276.8333333333,314.8333333333,1.6550659266,0.3212458448,1.2195299312999999,38.0,58.8721527321,1.8308442411,0.1850863713,2.5250632148000003,-0.7762146405,4.5,5.5,6.5,4.0,7.0,48,-0.1467999509,-0.3846903288,0.6997625836,0.0421819161,1.8847649065,-0.06579367650000001,0.1982008621,3.8,4.0,2.6666666667000003,4.2666666667,2173.7783333333,8,6,3099.75,-0.38299225229999995,0.38299225229999995,1.9,2.0909090909,2.5833333333,3.2142857143,3.5833333332999997,0.1908178884,0.6324724611
s269,,,,,43.411764705900005,0.43333333329999996,698,28.529411764699997,0.43333333329999996,443,-0.27313581070000004,-1.059610402,2.4535425138,0.3442134112,1.4468622496999999,-0.6306333803999999,0.00011753229999999999,0.0021016235,0.000625,4.5333333333,4.2142857143,4.7333333333,3.5,4.0,3.8,3.1428571429,40,2.7767517776,0.2813329147,1.3697965522,0.5,0.33333333330000003,12.625,0.0291666667,1,-0.0011666667,-6.291666666699999,18.2916666667,-0.08392282960000001,1.0,0.0008694534,-3.1430868167000003,1.4166666666999999,1.7272727273,-0.0446213783,0.9901976213,11.1,6.2,1.1997301474,0.48458233759999997,1.8595151982,0.5391030817,0.25,2.8333333332999997,1.3333333333,1.1666666667,3.3333333332999997,3.6666666667,4.1666666667,4.8333333333,4.0,2.8333333332999997,2.3333333333,2.3333333333,1.0,3.6666666667,5.1666666667,5.5,-6.9179444749000005,-5.3890680352,0.597416838,4.1253012613,1.8034844922,0.188445121,1.7083112268,22.2222222222,0.0,33.3333333333,6.333333333300001,4.0,2.875,3.25,3.75,3.2857142857,4.5,45,-1.1652624446,3.6348828618,33,108.0,10,1.6875,1.6666666666999999,0.93203125,0.0011740332000000002,1.0,0.001676346,0.8333333333,0.0256124969,0.06403124240000001,0.06403124240000001,5,-1.6989290553,1.1551120694,0.34036638080000003,1.1696042246,-0.2285312377,3.6666666667,353.6666666667,2.7890041305,0.2777493098,1.3779761494999998,6.0,-10.0,35,,,0.6525905031,7,1.3381284626,0.6427073982,2.1466878021,-0.5836701417,0.6666666667000001,0.4166666667,0.4166666667,0.8333333333,124.0,0.5,0.9,0.7000000000000001,0.8,3.4305258261,0.3796824082,2.1236589047,-2.1293219126,0.457002457,0.0511903629,2.4983788631,0.3086179167,1.1335277486,0.2531385161,338.0,5.6,5.9,,,,,301.3333333333,334.3333333333,2.2369830885,0.3058942441,1.1541082406,33.0,2.6898788189,1.6087725919999998,0.3441240534,1.6737652469,-1.1020831248,4.0,6.0,4.5,4.5,5.0,27,-0.2078738668,0.1952115143,1.2222662914,0.168612916,1.8193188177,0.0749822149,0.201844325,2.7,4.0,3.1111111111,4.0,2714.4598765432,13,8,4887.0833333333,1.437685307,0.6443570164,1.4,2.2727272727,2.5833333333,2.7142857143,3.75,0.8198669131999999,0.32098996609999997
s273,0.7923649337,0.2373701657,2.1320849025,1.95,24.761904761900002,0.30000000000000004,490,19.75,0.33333333330000003,380,-0.4729473914,-0.40958520719999997,4.7810049384,0.3922949641,2.8032753707,-1.1110977126000001,3.18892e-05,0.0001314659,0.0064716797,2.6666666667000003,3.1785714286,3.2666666667000004,3.25,2.0,3.6,2.8571428571,59,7.7592296815,0.3720561057,2.1411040825,1.0,0.0,9.1666666667,0.0166666667,1,-0.003,-2.0833333333,10.5,0.08397017710000002,2.0,-0.0015340167999999999,-1.6304753029,1.0,1.0909090909,-0.0912419511,0.917553975,8.8,7.1,2.5087021081,0.5890515503,2.1762895809000002,-0.2221775936,0.1388888889,2.6666666667000003,2.0,1.8333333333,2.1666666667,3.3333333332999997,4.1666666667,5.1666666667,4.8333333333,6.333333333300001,4.0,2.6666666667000003,2.1666666667,2.0,1.8333333333,4.8333333333,3.3573326562,9.9414932061,0.0,5.320134937200001,4.623554062799999,0.3112270639,1.9544283278999999,11.1111111111,22.2222222222,18.5185185185,4.5,2.0,4.5,4.375,3.5,3.8571428571,3.625,44,-0.5402436899,4.8849203713,34,161.0,7,1.0,1.0666666667,0.8220962524000001,0.0008248242,0.943359375,0.0009889722,0.6944444444,0.0038729833,0.009797959,0.06403124240000001,4,-0.3718626858,1.9409740232,0.5004142093,2.7841565495999996,-0.7261568356,4.9333333333,470.0,3.6736078857999996,0.4199787532,1.3744549603999998,24.0,43.0,48,-23.6448153655,29.942451503,0.4944998318,14,2.0061938161,0.6246464161,2.213260918,-0.7016141705000001,0.9166666667,0.8333333333,0.75,1.0,132.0,0.0,0.4,0.5,0.0,3.1757247173,0.5337784664,2.0211080317,-1.2784318076999999,0.4235588972,0.1081432622,5.3887860801,0.3823880024,1.6325677952000002,-1.9051657105000002,415.0,6.9,5.4,389.1666666667,4.7920498731,0.4187741901,1.7141882082,361.5,383.3333333333,5.206599907,0.4929170047,2.2378609127,21.8333333333,2.8417839380000003,2.8919255566000004,0.4466345115,2.2369478291,-1.223621737,5.0,6.5,7.0,3.0,5.0,27,-1.4199600424,-1.5324334151,1.7048833582,0.2261882609,2.7155932147,0.5503096908,1.2600130602,2.7,4.3333333333,1.7777777778,2.3333333333,2019.6266666667002,13,8,2751.1666666666997,1.3816050208000001,1.32175584,1.2,1.5454545455000002,1.3333333333,1.0714285714,1.6666666666999999,0.8895616256000001,0.17557143329999997
s275,0.9370126134,0.080844149,1.4665335286,1.75,28.2307692308,0.1333333333,712,16.4761904762,0.30000000000000004,328,-0.6897275005,-1.7288233844,3.2075964067,0.3754795058,1.7403504328,-0.6403481802000001,0.0039046072999999997,29.5330664063,0.07702441410000001,2.7333333332999996,2.8214285714000003,2.9333333333,4.0,3.5,4.0,1.1428571429,58,2.4982875778,0.2821485063,1.5121586616,0.33333333330000003,0.1666666667,16.9166666667,0.1416666667,0,0.0043333333000000005,-0.9166666667,13.291666666700001,-0.007443229599999999,0.0,0.0027863751000000003,-0.6448696384,1.0,1.7272727273,-0.013235236899999999,0.6158667134,8.9,7.4,1.3544499019,0.3335819231,2.0727202591,-0.6447510535000001,0.027777777799999997,3.3333333332999997,4.6666666667,2.8333333332999997,1.5,4.0,5.833333333300001,4.3333333333,4.8333333333,4.6666666667,5.3333333333,1.0,4.8333333333,3.1666666667000003,1.6666666666999999,4.3333333333,-3.5875139699000003,-1.8045171999,-0.3542521885,2.0574838772999997,0.943110124,0.0228841468,1.68043637,61.111111111099994,0.0,14.8148148148,7.0,1.5,5.0,4.375,4.75,3.4285714286,4.75,52,-1.192241406,2.5997515967,29,108.0,5,1.0,1.4,0.6677640914999999,0.0019576386,0.7219851017000001,0.0022155287000000003,0.6944444444,0.25,0.158113883,0.06403124240000001,5,-0.6750787898,1.3142064894,0.4188629418,1.6487874182,-0.4364380028,5.8666666667000005,,,,,,,47,,,0.5101431512,4,1.2205979755,0.376902231,2.0422279831,-0.786102352,,0.9166666667,0.33333333330000003,0.8333333333,150.0,0.30000000000000004,0.4,0.30000000000000004,0.2,2.5539520847999997,0.3991035348,1.5542945525999998,-1.2067457782,0.465,0.07517016950000001,2.6865025506999998,0.3523201835,1.0645368305,-0.9205827684,346.0,5.2,4.2,,,,,374.4166666667,415.6666666667,3.1885299992,0.3538558956,1.3025898979000001,41.25,4.3902344356,1.3585658414,0.3699565235,1.6209930203,-0.2913660784,7.0,7.0,6.5,7.0,6.5,67,0.0489395263,-0.21382574850000002,1.3050584587,0.39387642429999997,1.5117967646,-0.9777113752,-0.1396944654,1.9,4.3333333333,2.0,3.4666666667,2121.7351611352,17,5,3411.1818181818,,,1.1,1.7272727273,1.0,1.0,2.9166666667000003,0.19627801309999998,0.15487799800000002
s277,0.8663505809000001,0.1927313675,1.1414666085,1.45,27.869565217399998,0.23333333329999997,601,12.684210526300001,0.3666666667,231,-0.5811455382999999,-0.7518822929000001,3.8054480463,0.3101020228,1.7646049459,-1.2222269873,4.3625e-06,0.0024509429999999997,0.0630703125,5.7333333333,4.25,3.8666666667,3.0,2.75,3.0,2.8571428571,43,3.975626278,0.2407246975,1.3219183876,0.5,0.0,9.75,0.1083333333,0,-0.003,-0.4166666667,23.75,-0.0360837438,1.0,0.00043103449999999996,-5.0677339901,1.1666666667,1.7272727273,0.2659011966,0.4247465325,8.8,8.0,1.7537917134,0.38762383270000006,1.9524793684,-0.3806679175,0.0,3.1666666667000003,1.5,2.1666666667,4.3333333333,4.5,6.333333333300001,5.833333333300001,6.333333333300001,5.833333333300001,4.6666666667,1.3333333333,1.0,3.0,4.1666666667,3.6666666667,-6.442669501699999,-3.9641008826,0.6656247704,3.9888853964999997,1.7992412911000002,0.0360213119,1.6822003255000002,44.4444444444,0.0,11.1111111111,5.0,5.0,3.375,2.625,3.0,3.2857142857,3.625,63,-1.2890129855,3.38738178,31,107.0,5,1.5,1.4,0.5739326834,0.0013139897,0.6589939117,0.0017681358000000004,0.6944444444,0.009797959,0.009797959,0.0256124969,2,-1.4419802690999999,1.5381172759000001,0.3374526201,1.1067598034000001,-0.8460674279000001,3.5333333333,,,,,,,46,,,0.31497668149999997,9,1.2908088898,0.5810238963000001,1.8152719029,-0.2366790764,0.5,0.5833333333,0.5,0.5,135.0,0.4,0.2,0.6000000000000001,0.6000000000000001,2.8648220204,0.34287570430000003,1.1521501221,-1.4838439056,0.39408867,0.0231861659,3.5236838207,0.2513744624,1.1894768934,-1.8298114032,276.0,5.8,5.1,272.8333333333,3.1749407447,0.2754258546,1.5790189624000002,190.1666666667,187.5,2.7537153385,0.3126955697,1.272241711,-2.6666666667000003,-1.7579564489,1.8882508883000002,0.2388714933,1.4033406330000002,-1.7734339229,6.0,6.0,4.0,3.5,6.0,41,0.0757172604,-0.7050287202000001,0.7986951120000001,0.2473116313,1.2007791373,-1.5490937487,-0.0105824133,3.6,3.1111111111,3.6666666667,3.5333333333,1708.9388888889002,11,7,6604.6363636364,,,1.5,1.5454545455000002,3.0833333332999997,3.2142857143,2.75,0.1835441694,0.1969288188
s284,1.2989825916,0.31796739700000004,1.800516255,2.35,42.0,0.33333333330000003,799,31.15,0.33333333330000003,591,0.1112503909,-0.8848542916000001,3.1515738316000004,0.3616831061,1.6569474437,-2.4689552283,3.39167e-05,2.32019e-05,4.07715e-05,3.4666666667,3.2142857143,3.8333333332999997,2.0,2.5,2.4,2.7142857143,45,2.7572987119,0.3102941004,1.450972549,0.8333333333,0.1666666667,21.2083333333,0.0125,1,0.0008333333,-3.2916666667000003,24.625,0.0416076845,1.0,-0.00030535889999999997,-2.4082912032,1.0,1.0,0.13987416290000002,0.7121384944,6.6,5.7,1.9313512009,0.5883733972,2.1062348388,-0.22646940350000003,0.8055555556,3.5,3.6666666667,3.0,3.8333333332999997,4.1666666667,3.0,2.8333333332999997,3.6666666667,3.6666666667,2.8333333332999997,2.5,3.6666666667,2.5,2.5,4.3333333333,1.9498727954,4.032541645299999,0.0,5.320134937200001,4.427180528,0.1158628602,3.5814293105,38.8888888889,33.3333333333,33.3333333333,4.6666666667,3.75,3.5,3.0,3.375,3.0,2.625,44,-1.2083775268,3.5486526974,24,194.0,4,1.0,1.1333333333,0.8195009231999999,0.002107337,1.0,0.0021065183,0.5833333333,0.0015811388,0.0006324555,0.0038729833,3,-0.8410251648,1.4434295746999999,0.6509864808,1.9157750561000002,-0.44714321659999995,4.3333333333,400.3333333333,3.1740417296,0.3325470936,1.5095860183,10.0,20.5,48,9.8350552752,-1.8384837725,0.7071992249,17,1.4842813667,0.5905866205,1.8468889211,-0.5142474967,0.5,0.33333333330000003,0.5,0.5833333333,98.0,0.2,0.30000000000000004,0.7000000000000001,0.1,3.5427402457999997,0.4981236441,2.1417720005,-1.4606420959,0.5382716049,0.046938374000000005,3.4813014686000003,0.3478136578,1.3887768878,-0.23542903899999998,365.0,7.3,6.2,269.1666666667,4.7073219259,0.4228634282,1.7654244729,334.0,405.1666666667,2.3655278271,0.384461289,1.4249472971,71.1666666667,7.6824836601,2.5257228074,0.42425910270000006,2.1877615162,-1.4810542463,5.5,6.0,5.5,1.5,4.0,51,-0.9952538618,-0.2930156028,1.619440281,0.42670242630000005,1.8854388637,0.2287155786,0.0317757266,3.4,2.6666666667000003,2.6666666667000003,2.4666666666999997,1488.0916666667001,15,8,2599.0833333333,2.6040604876,-1.1349799328,2.1,1.3636363636000002,1.9166666666999999,1.6428571428999998,1.9166666666999999,0.41563222619999995,0.3300184097
s285,1.0174403732,0.2629802295,1.2803765575,1.85,23.2,0.1666666667,569,15.4,0.1666666667,371,-0.6306908383000001,-1.0514776773999999,4.8186148038,0.4626456021,2.8055837817,0.16596834230000002,0.00301103,0.0054602203000000005,19.3032089844,3.3333333332999997,3.4285714286,4.7666666667,1.75,2.0,3.2,2.7142857143,41,1.6415951834,0.1272305474,2.2459901347,0.6666666667000001,0.0,11.75,0.033333333300000004,2,-0.003,-1.75,18.75,0.2416666667,2.0,0.003,-3.2142857143,1.0833333333,1.5454545455000002,-0.17157823100000003,0.7331566681999999,6.1,5.3,1.225504835,0.5342213635999999,1.6154932253,-0.8258638461000001,0.055555555599999994,1.1666666667,2.1666666667,1.3333333333,1.0,2.8333333332999997,6.0,5.3333333333,5.5,6.833333333300001,4.0,1.3333333333,2.0,1.6666666666999999,1.0,4.8333333333,-2.380824938,-1.3788378562999999,-0.2327949135,2.6871330603,1.4976077948,0.0952857691,1.8830723996,38.8888888889,55.5555555556,7.4074074074,4.6666666667,2.25,3.625,3.375,4.625,2.7142857143,3.125,42,-0.0784585451,3.3153561287,21,177.0,8,1.0625,1.0666666667,0.7300182342,0.0013440289000000002,0.7433322906000001,0.0014796676,0.7777777778,0.1265219767,0.25,0.25,2,-0.7574020593,1.3893399412,0.4681538711,2.0099075416,-0.444931212,4.5333333333,362.5,2.7475189257,0.3470371339,1.5562029341,-16.5,37.0,43,,,0.6586843165999999,9,1.0556201459,0.9271344162999999,1.8007864494,-0.25731924840000003,0.25,0.4166666667,0.4166666667,0.4166666667,111.0,0.0,0.4,0.4,0.0,2.4504069858,0.5008361575,1.8899819345,-1.3604260288999999,0.5038560411,0.0528343432,1.7947050124,0.2980579614,1.7427025820000002,-0.21124281469999998,358.5,6.0,5.3,237.5,2.847015911,0.1833072434,4.3690104832,245.1666666667,320.3333333333,3.1533731642,0.31295205190000003,2.5346135156000003,75.1666666667,11.08160299,2.7326502389,0.3802114396,3.3006267505,-1.1871102516,6.5,6.0,4.5,1.5,4.0,45,-0.1581917585,-0.4026496080000001,1.2641928387,0.1003721659,2.256217296,-0.060179029800000006,0.3678191021,2.3,2.7777777778,2.1111111111,2.3333333333,3319.3037037036997,7,7,4148.25,-0.955295951,1.7578579176,2.5,2.2727272727,2.0,1.1428571429,1.25,0.8377817513,0.6604157922999999
s286,,,,,25.695652173899997,0.23333333329999997,562,18.8260869565,0.23333333329999997,422,-0.9299993795,-0.7417194134999999,3.5913262066000002,0.3885471134,2.6409964742,-0.29411952280000003,4.9652200000000005e-05,0.0001096616,0.0008349608999999999,2.3333333333,3.3214285714000003,2.7666666667000004,2.75,1.5,4.0,3.2857142857,60,2.2709527793,0.3438877191,1.2336949346,0.5,0.33333333330000003,7.625,0.1958333333,2,-0.0001666667,-3.4583333332999997,6.5,0.0557356608,2.0,-0.011927680800000002,-4.3732335827,1.0833333333,1.5454545455000002,-0.0796617916,0.7616849481999999,7.0,5.4,0.6855189284000001,0.44746115729999997,1.8118483438,-0.1008296787,0.5,2.5,2.5,1.1666666667,3.3333333332999997,4.3333333333,5.3333333333,5.1666666667,5.0,5.1666666667,3.8333333332999997,1.0,2.6666666667000003,2.0,3.3333333332999997,4.3333333333,-0.9638947656999999,-0.5742954068,-0.8486696147,2.2841016937000003,1.4909350405,0.0750998153,2.0438594877000003,22.2222222222,0.0,14.8148148148,5.0,3.75,4.5,2.75,3.375,3.7142857143,4.0,50,-0.7017421781000001,4.5619233948,38,131.0,4,1.125,1.4666666667,0.5485244751,0.0016216418,0.5,,0.3888888889,0.0038729833,0.0099597577,0.0015811388,2,-1.4152898918,1.4405819659,0.5574323885,1.446699925,-0.35245342399999996,5.0,,,,,,,47,-14.060070250999999,14.614665733399999,0.5254265695,3,1.4237072505,0.6079826893,1.7393031630000002,-0.48059738049999995,0.6666666667000001,0.4166666667,0.5833333333,1.0,143.0,0.0,0.1,0.6000000000000001,0.7000000000000001,2.0391722914,0.50976465,1.9870245441,-0.8197241996,0.3840399002,0.0415772222,2.1944230937,0.2904702551,2.1881499666999997,-0.23485695059999998,397.0,5.4,4.3,335.5,2.065081132,0.363594077,2.3663957438,259.3333333333,288.0,2.3221200214,0.33932261220000004,1.9982024113,28.6666666667,232.0620380739,2.5612341132000003,0.4660749459,2.0039534487,-1.0295518487,7.0,6.5,6.5,2.0,5.5,25,0.5722856049,0.38388660399999996,0.6665967212,0.38522013479999995,1.1352496961,-1.4312011176,-0.436347882,1.7000000000000002,4.6666666667,2.0,3.6,3297.3916666666996,8,2,3984.4166666666997,0.2228915669,-0.1518805313,1.1,1.5454545455000002,1.5,1.2142857143,2.5,0.8529540904999999,0.35773059020000003
s290,1.3638682263,0.2349836498,1.1194929834,1.3,61.923076923100005,0.5666666667,753,21.411764705899998,0.43333333329999996,337,-0.2043216048,-0.4451271513,2.7211818722000003,0.3102758912,1.7264430215000002,-1.0555547359,0.0034728603000000005,0.0002559519,0.0043378906,2.4,3.0714285714,5.2,2.5,2.25,3.4,2.5714285714000003,42,3.2301634299,0.2813254852,1.5154200743,0.1666666667,0.6666666667000001,11.416666666700001,0.15,1,-0.005,-2.6666666667000003,7.916666666699999,0.24780884809999998,2.0,-0.0106252087,-1.4307178631,1.1666666667,1.8181818182,0.15544215779999998,0.35072618180000004,6.4,4.9,0.5978588443,0.41164375259999997,1.425074717,,0.055555555599999994,2.5,3.8333333332999997,2.0,2.5,3.5,3.8333333332999997,5.5,5.1666666667,4.5,3.1666666667000003,3.3333333332999997,1.6666666666999999,2.5,1.6666666666999999,4.0,-1.6944407175999998,0.15865826060000002,-0.256142756,2.8129842727999996,1.4602451652000001,0.0197779184,1.7472116878,16.6666666667,22.2222222222,37.037037037,4.8333333333,4.25,3.75,2.875,2.875,2.8571428571,3.5,48,-1.4100946559,2.1640450968000002,26,96.0,10,1.0625,1.4666666667,0.6764450073,0.0017479510000000002,0.8079563141,0.0022566206,0.5277777778,0.009797959,0.0256124969,0.25,2,-0.9907001361,1.719094197,0.393867995,1.7738895137000001,0.2325959006,5.4,,,,,,,47,10.6172051464,-11.0607612635,0.3434520414,1,0.3792827896,0.039662478,2.0976314183,-0.1411137835,,0.8333333333,0.5,0.75,102.0,0.30000000000000004,0.5,0.8,0.4,1.6382088935,0.3795962583,1.6002593083,-0.9385906406,,,1.1050819326,0.31449714970000003,1.6596751432,0.1580289764,350.0,6.7,5.2,,,,,319.0833333333,251.8333333333,1.8779956088,0.0959313506,1.7681403343000002,-67.25,-21.595159235700002,2.0895734561,0.2903163977,1.5076093259,-1.6867948716999999,5.0,5.5,6.0,3.0,4.0,40,-0.0645664034,-0.3050949626,0.5637499965999999,0.0207275107,1.7801179034,-0.27801317470000003,0.20398861829999998,3.4,3.0,2.8888888889,2.1333333333,1255.6228349673,23,7,2215.0833333333,-0.7007818026,0.8272571095,2.4,2.0909090909,2.0,2.0,2.4166666667,0.6833190498,0.5656568138
s291,0.6323906954,0.0296035981,2.0596642641,1.55,17.821428571400002,0.0666666667,478,9.8076923077,0.1333333333,245,-0.7237875186,-1.7326115088,3.2531502910000003,0.4553191901,1.6784900232000002,-0.38057168560000004,0.0008140069,0.0043742981,0.006261718800000001,2.7333333332999996,2.7857142857,3.2333333332999996,2.5,2.25,3.0,2.2857142857,60,1.8165577617,0.28926499640000003,1.8086318453,1.0,0.0,6.208333333300001,0.12916666670000002,3,-0.0075000000000000015,-1.4583333333,8.5416666667,0.1831648129,3.0,-0.010051365,-2.5202224469,1.25,2.0,0.0751174973,0.8132746183,5.4,7.3,0.48640023299999996,0.2159382472,2.0914983603,-0.1072545451,0.19444444440000003,1.5,3.5,1.5,3.0,3.6666666667,4.5,4.8333333333,4.6666666667,4.3333333333,3.0,1.6666666666999999,3.5,2.3333333333,2.8333333332999997,4.3333333333,-2.123322047,-2.358994981,-0.9640691781,2.5149008205000003,1.3376883612,0.0754722615,2.3020023276,22.2222222222,44.4444444444,62.962962963,4.0,2.75,4.5,4.125,3.5,3.2857142857,4.25,49,-0.8075379761,4.3503317988,32,140.0,6,1.1875,1.5333333333,0.8475082398,0.0016766198,0.996484375,0.001584192,0.75,0.009797959,0.06403124240000001,0.0256124969,5,-0.9469625776,1.5894827921999999,0.5584844482,1.8548363647,-0.4153782311,5.4,397.3333333333,2.685557766,0.3472776546,1.3150960978,74.5,90.0,44,,,0.6779185027,6,0.7227011995,0.7513474509999999,2.0221232413,-0.0162484175,0.5,0.6666666667000001,0.75,0.75,102.0,0.30000000000000004,0.1,0.6000000000000001,0.7000000000000001,2.2782798568,0.4760779449,2.1068232694,-1.2455762629,0.4761904762,0.0366930559,1.7009847335,0.4230670138,1.4599241881,-0.462919759,464.0,5.9,4.8,,,,,293.3333333333,302.5,1.9691912344,0.3719691247,1.1831515383,9.1666666667,-5.8135788262,2.7565547595999997,0.3740093703,2.2070143027,-0.1097088051,6.5,2.5,3.5,4.5,3.0,36,-0.10664946369999999,-0.2534493062,1.2155071956999999,0.4124779203,1.7390743012999998,-0.2100509009,0.2044669232,3.2,3.2222222222,2.6666666667000003,3.1333333333,2469.1916666667003,1,8,4629.3636363636,,,1.2,2.0,1.0833333333,1.5714285713999998,3.1666666667000003,0.21506010379999999,0.1886160737
s293,1.0901745583,0.286226468,1.6557434703999998,2.65,29.25,0.33333333330000003,560,21.8421052632,0.3666666667,390,-0.9200444469,-0.37870801950000005,4.3423176902,0.2888365489,2.6054270823,-1.2895920427,0.0001220775,0.0017595596000000004,0.0015620117,5.6,4.0,4.2,2.0,2.5,3.4,4.0,39,5.1020456146,0.2684915044,1.6226994942,0.8333333333,0.1666666667,10.125,-0.1375,2,-0.0105,-5.2083333333,15.833333333299999,0.06951896390000001,2.0,-0.0061017576,-1.6341350601,1.0,1.0909090909,0.1041282565,0.8346826987,7.4,6.5,2.6537674543,0.3972006506,1.9521929822,-0.7996960562000001,0.8611111111,2.1666666667,2.8333333332999997,1.0,2.0,4.3333333333,4.8333333333,5.5,6.5,5.5,4.1666666667,2.6666666667000003,1.5,2.8333333332999997,1.1666666667,4.5,-2.6911343232,-1.402948747,0.3298219498,4.6604910377,3.2509587857,0.25541696480000003,1.4314914682,38.8888888889,0.0,11.1111111111,4.1666666667,3.25,2.625,2.375,2.25,1.8571428571000002,3.375,47,-1.1195720593,3.7262636324,19,219.0,7,1.125,1.1333333333,0.7524780273,0.0010347609,0.9091598511,0.0011956102,0.6388888889000001,0.0015811388,0.0002011893,0.0006324555,2,-1.6397736052,2.4417961188999997,0.4874769149,1.5231311025,-0.1387454658,3.3333333332999997,370.8333333333,2.7790015097000005,0.3256727081,1.1610431176,36.0,41.0,40,15.2669196491,-8.5876012626,0.3914615082,15,2.2438812897,0.4827472424,1.4524640197999998,-0.6185760640000001,0.75,0.4166666667,1.0,0.5833333333,112.5,0.1,0.2,0.6000000000000001,0.1,4.8993058753,0.3975053078,1.6621785544,-2.0028135661,0.6212871287,0.1183174285,4.3613047804,0.29830713010000004,1.6916388066,-0.4189802894,315.0,5.9,7.1,282.6666666667,4.2456092718,0.30462892399999997,1.6650800258,262.5,253.8333333333,2.0535954622,0.0340954648,2.0175989485,-8.6666666667,44.9875,3.6494560788999997,0.353146771,2.0324826874,-1.2637266967,6.0,4.0,1.5,2.0,5.5,34,-0.2557172351,-0.30502914410000004,2.6371557175,0.2993198205,2.2353472152,-0.255193506,0.2185786696,3.9,2.5555555556,2.6666666667000003,2.2,1947.1666666667002,-6,9,6231.083333333299,1.0623593037,1.6916760107000002,2.6,1.7272727273,1.9166666666999999,1.5714285713999998,1.5,0.9203562909999999,0.4124631911
s294,1.2514430711,0.2680267925,1.0455619278,1.8,27.0,0.23333333329999997,594,30.0,0.43333333329999996,480,-0.8281611901,-0.8361139488,3.49924627,0.32432116899999996,1.8475788462,-2.2997865431,0.0041403499000000005,0.0080561218,0.0383935547,4.5333333333,3.1428571429,4.4,2.5,2.75,3.6,4.0,32,4.4938784922,0.26575003989999996,1.3564769825999998,0.33333333330000003,0.33333333330000003,10.5833333333,0.0416666667,2,-0.0033333333,-2.25,13.875,0.0239401496,1.0,-0.0039975062000000006,-5.6450540316,1.0,1.0,-0.1705116855,0.6577499262000001,8.3,6.9,2.5180579752,0.35381876450000005,1.6973299941,-0.3492671042,0.1388888889,1.1666666667,2.5,1.0,2.5,2.1666666667,4.5,4.6666666667,6.0,3.5,3.5,2.3333333333,1.0,1.3333333333,1.5,3.3333333332999997,1.0756847103,3.4254806964999998,0.0,5.320134937200001,4.1030090528,0.2464240192,1.3009480772,11.1111111111,77.7777777778,62.962962963,5.0,1.75,2.25,1.375,2.5,3.1428571429,3.25,47,-1.0170844173,3.9312389163,21,223.0,8,1.0625,1.0,0.7423341751000001,0.0010935314,0.6980741501000001,0.0010783608,0.6388888889000001,0.0256124969,0.06403124240000001,0.0256124969,2,-1.6878937531,1.7325267135,0.3973131665,1.4040636362,-0.5346602469,3.0,342.1666666667,3.1398645951999997,0.33962136130000004,1.2460931603,28.5,13.0,47,-11.6762827917,13.3918652077,0.4087249924,12,2.2115022959,0.3935442380000001,1.7638072487,-0.9284018102,0.6666666667000001,0.6666666667000001,1.0,0.33333333330000003,102.0,0.2,0.30000000000000004,0.4,0.0,3.2095244574,0.34833131040000004,1.8665785072,-2.4611082586,0.4083129584,0.0633472348,3.0635735712,0.28773933949999997,1.1593646006,-0.8289821699000001,292.0,5.8,6.7,259.1666666667,2.8741520964,0.3359985996,1.7440291949000002,215.6666666667,205.8333333333,3.0976771713,0.3063393137,1.548209509,-9.8333333333,2.3325406758000002,2.7713047110000004,0.3149752529,2.0678580188,-1.4866421628,5.0,5.0,1.5,1.5,4.0,56,0.035085573700000004,-0.7684794301000001,1.4844242322999999,0.3355463917,1.4812477133000002,-0.2823440575,0.1806612936,4.2,3.0,2.6666666667000003,2.7333333332999996,1423.2121212120999,12,10,2061.8333333333,-0.7631776677000001,0.8021374643000001,2.2,1.5454545455000002,3.0833333332999997,2.1428571429,1.4166666666999999,0.8415547079000001,0.3477816307
s295,1.2943964147,0.24130469350000003,1.1850733603,1.7000000000000002,36.526315789499996,0.3666666667,670,36.3888888889,0.4,600,-0.2757934252,-0.049301211399999996,2.4117312760000003,0.1279439252,2.7027065505000003,-0.8101627852000001,0.0020511929999999998,0.0315334473,0.1469404297,2.3333333333,2.6785714286,2.9,4.0,3.0,3.8,2.7142857143,47,1.821940145,0.1726311061,1.8999054952,0.5,0.1666666667,16.375,0.12916666670000002,0,-0.0031666666999999996,-1.7916666666999999,15.333333333299999,0.2767605634,1.0,0.0007042254,-4.338028168999999,1.0,1.1818181818,-0.17353555280000002,0.6769979520999999,6.9,5.2,0.922855854,0.4382560129,1.543698529,-0.5552682436,0.22222222219999999,1.6666666666999999,3.3333333332999997,1.5,3.6666666667,4.8333333333,4.1666666667,5.5,3.8333333332999997,3.6666666667,2.5,2.6666666667000003,3.1666666667000003,3.3333333332999997,3.3333333332999997,6.333333333300001,-3.4656850438999998,-1.9565588169,-0.1364446349,1.956131737,1.0274262828,0.14003189870000002,1.4716571656,66.6666666667,11.1111111111,29.6296296296,3.8333333332999997,4.0,3.875,3.875,3.125,2.5714285714000003,2.625,54,-0.7742705470000001,2.3578969031,37,148.0,7,1.125,1.2666666667,0.7039533615000001,0.0010890973,0.7589918137,0.001165779,0.5277777778,0.009797959,0.0256124969,0.0099597577,3,-1.6660948752000002,1.1376109763,0.3634616338,1.6303258230000002,-0.2444545576,4.6,298.6666666667,1.9238658344,0.2969787942,1.3859176187,-14.0,50.0,45,-9.9986154274,9.7421406485,0.448377728,6,0.7839392159999999,0.5037246205,1.6874961267000002,-0.4674157508,,0.9166666667,0.5833333333,0.75,140.0,0.6000000000000001,0.2,0.9,0.2,1.5460537128999998,0.25667935340000003,2.083631821,-0.21521285420000003,0.3673469388,0.0095626474,2.4580588066,0.26960622079999996,1.6308069324,-0.7475511802,368.0,5.6,3.9,253.6666666667,2.6692339113999997,0.3100004845,1.706227006,274.5,246.1666666667,1.6239802527,0.0501298613,2.3842735985,-28.3333333333,5.6941058188,,,,,3.5,4.5,4.0,2.5,6.5,27,0.1637215757,-0.5682669119,0.9572926169,0.0944773986,2.0781272513999998,-0.27029254410000003,0.3519331814,3.7,3.4444444444,2.0,2.7333333332999996,2463.8333333333,-9,7,4645.2,,,1.1,1.6363636363999998,2.5,1.4285714286000002,2.1666666667,0.5966857211000001,0.1786433984
s297,0.9637940723999999,0.10945481039999999,1.9491313695,2.25,8.785714285700001,0.0666666667,236,6.9,0.0,200,-0.3525688629,-0.4048207048,3.9832395435000003,0.33204899720000003,2.6189515856,-2.0785744119,0.0014532627,0.0001032186,0.0015380858999999999,5.0666666667,4.5357142857,2.9333333333,3.5,3.25,3.8,3.7142857143,38,4.1882783181,0.32248532560000004,1.4407474216999998,0.6666666667000001,0.1666666667,12.833333333299999,0.033333333300000004,0,-0.0006666667,-0.75,5.0416666667,-0.0031802478999999996,0.0,0.0001564723,0.0396260923,1.3333333333,1.8181818182,0.1873569638,1.0306676384,8.5,8.0,1.956391322,0.6089671160000001,1.5041128043,-1.2748107106,0.8888888889000001,1.1666666667,2.3333333333,2.0,2.0,4.5,6.166666666699999,5.5,5.5,5.1666666667,2.3333333333,1.0,2.0,3.6666666667,2.0,6.0,-3.6417883198000003,-1.4245085684,0.42071093789999997,4.4787130615,2.1544735477000003,0.1996884166,1.9309177725,38.8888888889,88.8888888889,59.2592592593,6.0,3.0,3.0,4.0,2.875,2.5714285714000003,4.25,61,-0.7017421781000001,4.5619233948,25,229.0,7,1.625,1.2,0.7702789307,0.0015742123,0.8066543579000001,0.0019333463,0.5277777778,0.0006324555,0.0002011893,0.0006324555,2,-0.8677256273999999,1.906871289,0.4310603305,2.1963676635,-0.1527930629,4.1333333332999995,254.1666666667,2.9107269061000003,0.36740572130000004,1.2059568414,-1.0,120.0,42,0.7798380077,0.6910333951000001,0.5655629597999999,7,1.7414827885,0.5570357514000001,1.5480418126000002,-0.0957492245,0.9166666667,0.5833333333,0.9166666667,0.9166666667,133.5,0.4,0.30000000000000004,0.7000000000000001,0.2,3.3558215337,0.4819969232,1.8482558143,-1.2936262052,0.5075376884,0.0103230963,2.6520498165,0.33081979310000004,1.1471455942,-1.257006648,470.0,6.0,5.6,314.1666666667,4.823680117099999,0.31086325649999996,1.7137801934,247.6666666667,339.0,2.7275109612,0.3449645257,1.3591419666999998,91.3333333333,90.804859335,3.0255589281999997,0.392414301,1.9368203061000002,-1.5563022324,5.5,5.5,3.5,2.5,5.5,49,-0.35923363729999996,-0.0513414698,2.8372390406,0.3244568913,1.7723718303,0.6443936599,0.0176669248,4.0,3.1111111111,2.1111111111,3.2666666667000004,1602.9545454545,-4,11,4250.4545454545005,0.5408685385,-1.0639267307,1.8,1.2727272726999999,2.6666666667000003,1.7857142857,1.8333333333,0.3817240736,0.2038620603
s301,0.6502605271,0.12385424380000001,1.7377209532,1.45,32.0833333333,0.2,737,36.476190476199996,0.30000000000000004,736,-0.9037585015,-0.935168117,3.4450923825,0.39158189270000004,1.4434932344,-2.1392164696,0.0005028185,0.00017861080000000003,0.06353125,3.0,3.3571428571,2.7666666667000004,3.0,2.5,3.8,3.5714285714000003,50,4.8777924339,0.21690100739999998,1.6648244828999998,0.6666666667000001,0.0,5.416666666699999,0.225,3,-0.008,-3.1666666667000003,8.875,0.221005291,3.0,-0.0088402116,-2.1899470899,1.0,1.9090909091,0.7669970881,0.6236887960999999,6.5,4.3,2.5245237264,0.4588895936,1.5975777256,0.0720626581,0.22222222219999999,1.3333333333,2.6666666667000003,1.1666666667,4.0,4.3333333333,6.333333333300001,4.8333333333,6.0,5.3333333333,4.3333333333,1.1666666667,1.6666666666999999,1.3333333333,3.0,4.1666666667,-0.7551063501999999,-0.2597625737,0.0,5.320134937200001,4.4155347532,0.1433900588,3.3489568413999997,50.0,44.4444444444,18.5185185185,6.166666666699999,3.75,4.0,4.75,2.0,4.0,5.0,44,-0.9575666758,4.0502743994,38,155.0,8,1.0625,1.3333333333,0.886328125,0.0007751817,0.9,0.0010083544,0.6388888889000001,0.0038729833,0.0256124969,0.0256124969,3,-0.9392316756999999,1.8569366252000001,0.339003151,1.3793241368,-0.653827284,5.0666666667,272.8333333333,3.1917384487000002,0.326091872,1.3414605908,2.0,49.5,45,21.852084137600002,-16.2994774929,0.3341647071,6,1.8350162713999998,0.4370560806,1.7548010744,-0.072411654,0.75,0.6666666667000001,0.6666666667000001,0.8333333333,145.0,0.0,0.1,0.8,0.4,4.403978799,0.39988993829999997,1.4200774675,-1.7869841091,0.3651960784,-0.0050770152,4.9869226718,0.333781846,1.6093519630000002,-0.499248017,288.0,5.3,4.7,209.3333333333,3.4183247227999995,0.40791970060000005,2.1431668865,222.1666666667,215.5,2.8836530917000003,0.3508742165,1.7039897029,-6.666666666699999,152.8900797607,3.4672450576,0.3348396858,1.443802231,-1.0840521218999999,5.0,7.0,4.0,3.5,7.0,28,-0.35601548590000004,-0.0639245315,1.3765928047999998,0.2962084104,1.4284800384,-0.22010990589999999,-0.48516774590000006,4.4,4.0,2.0,2.6,2113.925,17,5,3427.0,0.108111549,0.8261976883000001,1.1,1.0,2.3333333333,1.2142857143,2.5,0.8556654589,0.28948307079999996
s303,0.7465969095999999,0.0092760747,1.4821198569,1.3,29.380952381,0.30000000000000004,589,16.363636363599998,0.2666666667,344,-0.5637207715,-1.2209804327,3.4288252781,0.3292690073,1.6945449535,-1.3279126417,0.00021198600000000005,0.0033814696999999996,0.0586552734,2.4,2.8214285714000003,3.8333333332999997,3.25,2.75,3.6,1.8571428571000002,52,2.2290853654,0.2951063955,1.344987915,0.1666666667,0.5,5.416666666699999,-0.008333333299999999,0,-0.0013333332999999998,-0.8333333333,11.125,0.0845070423,1.0,-0.0011267606,-2.0774647887,1.0833333333,1.9090909091,0.0630460449,0.1468038455,11.1,7.2,1.5166393431999998,0.5146778304999999,2.1311710417,-0.21755240190000003,0.5833333333,3.3333333332999997,4.0,2.8333333332999997,2.3333333333,3.1666666667000003,2.6666666667000003,3.5,2.5,2.8333333332999997,2.1666666667,4.6666666667,4.0,5.666666666699999,4.6666666667,4.8333333333,-1.0806820143,1.3589772779,-0.14226252420000002,3.3527661372,2.1446205959999998,0.0117645519,2.1431007915999998,22.2222222222,0.0,7.4074074074,5.0,3.25,4.125,3.75,3.875,3.1428571429,2.875,44,-1.2816924151,1.907240615,31,108.0,7,1.0625,1.7333333333,0.6493050575,0.0025105014,0.846773529,0.0028174094,0.75,0.0250474647,0.0099597577,0.0256124969,5,-1.0503448892,1.5245580053,0.3947477933,1.2832538022,-1.0384762635,5.1333333332999995,,,,,,,47,-2.6298538247,3.482256425,0.4750307546,5,0.8187959852000001,0.0798065745,2.2639324003,-0.167378449,0.5833333333,0.4166666667,0.5833333333,0.8333333333,138.5,0.2,0.8,0.8,0.7000000000000001,2.1677609431,0.4291916792,1.4461541787999999,-1.8733335429,0.3115577889,0.034885665100000005,2.5906169505000003,0.33437051700000003,1.2741123814,-0.4924149431,354.0,7.8,5.7,,,,,,,,,,,,1.2376424392,0.1192087613,2.2602804147,-0.5132224134000001,6.5,6.0,6.5,6.0,5.0,38,-0.20669739739999998,0.12037168869999999,1.6843384666,0.3089002625,1.3243950695,-0.4731364569,-0.4152331892,2.3,3.3333333332999997,1.5555555556,3.1333333333,1402.9091630592002,23,7,1820.9090909091,,,1.7000000000000002,2.0,1.5833333333,2.0,2.6666666667000003,0.9467385392,0.2368048757
s305,1.9631445612,0.2111966946,1.6027018038,2.75,36.5,0.33333333330000003,691,30.4210526316,0.3666666667,547,-0.030330385,-0.6327467021000001,1.5049902190000002,0.023540439,1.8475146037,-0.25269130030000003,0.0006177346,0.005499420200000001,0.149765625,2.3333333333,4.2142857143,4.3,2.5,1.5,3.2,3.0,34,2.3226582967,0.27311219579999996,1.6520076525,0.6666666667000001,0.1666666667,8.4583333333,0.08750000000000001,1,0.0005,-4.5416666667,9.625,-0.0334586466,1.0,0.00027819549999999997,-3.0695488722000004,1.0833333333,1.6363636363999998,0.14982966779999998,1.2785032253,6.6,7.7,2.0374219407,0.5875323195000001,1.4281497162999999,-0.663703382,0.19444444440000003,1.6666666666999999,2.6666666667000003,1.5,1.5,3.5,4.5,3.0,5.5,6.5,4.1666666667,1.8333333333,2.0,3.3333333332999997,1.0,6.0,-1.894836355,-1.9149454447999998,-0.5638194763000001,3.4283377134,2.2226517878,0.26168789870000003,2.6862457893,61.111111111099994,66.6666666667,62.962962963,5.0,4.25,4.25,4.625,3.125,3.2857142857,4.0,39,-1.1195720593,3.7262636324,25,151.0,8,1.125,1.2,0.8549575806,0.0022981446,0.9,0.0027954089,0.6944444444,0.25,0.1265219767,0.158113883,2,-0.3709512024,1.3520861772,0.4216767568,1.7426558840000002,-0.0052803188,5.3333333333,244.5,3.874502282,0.3217491685,1.3040756191,39.0,31.0,47,5.0439239079,-3.4943435738999997,0.6391998429,8,2.4543533052,0.4686921463,1.7067858635,-0.12728497930000002,0.5833333333,0.6666666667000001,0.8333333333,0.9166666667,113.0,0.4,0.30000000000000004,0.6000000000000001,0.2,2.2412724587,0.4743743533,2.1128037465,-0.47566563590000005,0.2911392405,0.0798086105,3.8774128701999997,0.2840241665,1.5971948274,-1.0051519715000001,350.0,7.4,6.2,283.1666666667,2.6211684877000003,0.3917175727,2.5480632028,268.6666666667,364.8333333333,2.5354728306,0.2993478241,1.601660818,96.1666666667,6.2030075188,2.4453550713,0.30882520199999997,1.7640259101,-1.2767139728,3.0,5.5,3.5,1.0,4.5,32,0.0573198922,-0.35244576549999995,1.5720823476,0.32840100850000004,1.5314010763,-0.8445541737000001,0.0811736562,3.6,3.6666666667,1.6666666666999999,2.5333333333000003,1185.5070887446,36,6,1878.5833333332998,1.6424280758,-1.1143606456,1.8,1.2727272726999999,2.5,1.1428571429,1.5833333333,0.9168902906999999,0.3214755962
s307,0.7660609665000001,0.043154356799999995,1.4479426504,1.55,50.6666666667,0.5,710,27.9047619048,0.30000000000000004,556,-0.2431876262,-0.8680105914,3.442478864,0.3785801671,1.8632801267,-0.4647261773,0.0001618935,0.023130493199999998,0.061671875,2.8666666667,2.8214285714000003,3.7333333332999996,4.0,3.5,3.8,2.7142857143,49,4.4096398324,0.26207805019999997,1.3635211803,0.33333333330000003,0.33333333330000003,13.291666666700001,0.0375,2,-0.0075000000000000015,-2.2916666667,14.083333333299999,0.2065142364,3.0,-0.0092234685,-6.0925366695,1.0,2.0,-0.5050411183,0.6135273272999999,8.8,7.0,1.6055424722,0.34115208869999997,1.5931555641,-0.9450440642,0.2777777778,3.0,2.5,1.5,2.1666666667,3.5,4.3333333333,6.0,4.3333333333,5.3333333333,2.6666666667000003,2.8333333332999997,2.5,4.0,4.3333333333,5.833333333300001,-1.3878527866,0.3614249826,-0.23315151239999998,3.5345441135000004,2.8064562732,0.0615260989,2.4215741693,22.2222222222,0.0,29.6296296296,6.0,5.0,3.875,3.375,4.5,3.7142857143,2.5,50,-1.0170844173,3.9312389163,30,206.0,7,1.125,1.7333333333,0.7347021103,0.0013230094,0.996875,0.0022656717999999998,0.6388888889000001,0.158113883,0.06403124240000001,0.06403124240000001,5,-1.4928552674000002,2.2380448822,0.4269377781,1.3169796873000001,-0.0719862179,4.4666666667,292.0,2.8596151355,0.2938977541,1.2573839783,51.0,40.0,45,2.2399541553,3.3829103488,0.4597755545,11,1.3586943627,0.432991068,1.6329349565,-1.0041720653,0.6666666667000001,0.5,0.75,0.8333333333,138.0,0.6000000000000001,0.9,0.5,0.8,3.0296898256,0.2374869716,3.3885024662,-0.8312980983,0.29802955670000003,0.0160701958,3.3401622851,0.2614133824,1.2246942306,-1.2011965886,295.0,5.1,4.1,299.0,3.7197432029,0.3674966044,1.211782608,241.6666666667,244.0,3.5579535391,0.060917392,3.1459242091000004,2.3333333333,34.656573607199995,3.0773524612,0.2967411445,1.6968808176,-1.0138718477,6.0,6.5,6.5,3.0,6.0,37,0.2442775592,-0.42527392490000004,1.8385005283000002,0.3221981365,1.5126867358000002,-1.0660588247,0.3555791582,2.4,3.5555555556,2.1111111111,2.8,1881.3583333333,8,7,3203.0833333333003,1.4523434566,0.6410311794,1.2,1.4545454544999998,1.6666666666999999,1.3571428571000002,3.5833333332999997,0.5661229983,0.3847239191
s309,0.8388731904000001,0.0080332598,1.8895367976,1.85,39.2380952381,0.30000000000000004,787,28.0,0.4,482,-0.6914073237,-1.3863591463999998,2.504880105,0.3838613204,1.5148815461000003,-0.1954693502,0.00025005169999999996,0.00034802250000000003,0.0024189453,2.8666666667,3.5,3.8333333332999997,3.25,3.75,4.0,2.4285714286,60,3.2036640539,0.35094819180000003,1.2082097978,0.6666666667000001,0.1666666667,13.958333333299999,-0.0291666667,2,-0.008833333300000001,-4.375,15.5,-0.0970588235,2.0,-0.0113529412,-7.75,1.0,1.4545454544999998,0.3173312336,0.7661938214,8.1,8.6,1.2127522240000002,0.5002206197,1.6180215006999998,-1.4516830951,0.75,3.0,3.3333333332999997,1.3333333333,4.8333333333,4.8333333333,4.5,5.3333333333,5.833333333300001,4.3333333333,3.0,1.5,4.6666666667,2.8333333332999997,4.6666666667,5.3333333333,-1.6458099483000002,0.9432799748999999,0.4181320954,4.4838707464,1.7918259789,0.011460746200000002,2.1354486522,61.111111111099994,0.0,40.740740740700005,7.0,3.5,4.25,3.875,4.5,3.8571428571,3.625,54,-0.9471233901999999,2.4009409867,35,97.0,7,1.1875,1.8,0.6070014,0.0020017531,0.8753829956,0.0022072183,0.8611111111,0.0006324555,0.0015811388,0.0015811388,5,-0.7330402692,1.0400788052,0.5142045225,2.2519507381,-0.6594906468,4.8,,,,,,,44,,,0.35847886939999996,7,,,,,0.4166666667,0.33333333330000003,0.25,0.75,148.0,0.1,1.0,0.9,1.0,2.6268502206,0.5073766081000001,1.4153569003,-1.1454741689,0.4314381271,0.043345370300000005,3.1584781442,0.3317473707,1.5227039441,-1.6831327921,424.0,7.6,4.9,,,,,,,,,,,,3.3224273077999995,0.3723598906,2.2092226984,-1.0378556056000001,6.5,7.0,7.0,3.0,6.5,30,-0.4479488463,-0.23195544420000003,0.536217866,0.0144365304,1.9276553983000002,0.2417046167,-0.1892754833,2.0,4.6666666667,1.5555555556,3.8,1933.2142857142999,13,8,4146.4166666667,,,1.3,1.5454545455000002,1.3333333333,1.2857142857,3.5833333332999997,0.8941163659,0.4999891178
s313,0.7127971464,0.25152619989999997,1.5763563809,1.65,33.6842105263,0.3666666667,607,33.1875,0.4666666667,491,0.0338211091,-1.0924727704000001,4.3154804101,0.4354321833,2.859321726,-0.8787494795999999,5.496699999999999e-06,0.0014945830999999999,0.010475585899999999,3.4666666667,3.1428571429,2.5333333333000003,1.5,2.0,2.0,2.4285714286,60,2.5914233885,0.2551750738,1.7363225027000002,0.6666666667000001,0.0,7.875,0.07083333330000001,1,-0.0011666667,-2.625,12.625,0.053571428600000005,1.0,2.85714e-05,-2.7071428570999996,1.0,1.1818181818,0.7182802476000001,0.2003384591,5.2,4.6,1.4583304877,0.5373363738,1.9257225438999999,-0.5145862006,0.30555555560000003,1.8333333333,4.0,1.0,1.0,1.0,5.0,5.1666666667,4.5,5.0,2.5,2.6666666667000003,2.6666666667000003,3.6666666667,2.5,4.8333333333,-0.2361233857,1.9419682266,0.5418530125000001,4.2364289123,1.7942324809,0.04219287099999999,2.3453002197,100.0,33.3333333333,3.7037037037,1.0,5.5,4.125,1.375,2.25,2.0,3.5,28,-1.0705413209999999,3.8243251091,36,219.0,3,1.0625,1.4666666667,0.6927307129000001,0.0020009418000000003,0.8550415039,0.0018890246,0.3611111111,0.0015811388,0.0099597577,0.0099597577,4,-1.4326345041000002,1.6263787313,0.3588385129,1.7991885243,-0.4810605803,2.8666666667,409.8333333333,2.53388262,0.369171797,1.3019285395,81.0,100.0,47,2.5881766554,-0.7472077435000001,0.5884750328,7,1.3908462922,0.5715375585,1.8063331414,-0.5714930324,0.5,0.9166666667,0.5833333333,0.75,146.0,0.4,0.0,0.6000000000000001,0.2,2.420637552,0.17507966739999997,3.4376579079000003,-0.6847687236000001,0.42385786799999997,0.0135977506,3.9371623955,0.3670903743,1.4992209538999999,-0.9340432416,475.0,4.5,4.7,453.6666666667,2.5892670886,0.40328583689999997,1.2476080040000002,320.8333333333,338.3333333333,2.3797710263000003,0.36310784,1.4197774948,17.5,23.7645342312,2.407366068,0.4615533243,2.3510750595,-0.7122609055,1.0,7.0,3.0,1.0,5.5,25,-0.7113560259,-0.41396479,0.9471087518000001,0.054304458400000005,2.8192745006999997,0.417145261,0.16586956020000002,3.6,1.6666666666999999,1.2222222222,1.6666666666999999,3057.0729166666997,16,7,3161.25,-0.0168208424,0.1278333715,1.1,1.0909090909,1.0,1.0,2.25,0.5097746492,0.15407075820000002
s314,0.9239612423000001,0.0642715534,1.4781261584,1.3,45.4545454545,0.2666666667,975,25.9523809524,0.30000000000000004,515,0.07733320810000001,-0.9532044917,3.0315448485000003,0.4175271693,2.1928252991,-0.4766191799,0.00038293120000000005,0.0019087829999999998,0.0054052734000000005,4.6,3.3571428571,4.0,3.0,2.25,3.2,3.1428571429,47,1.887590235,0.2475946152,1.5453731638,0.5,0.5,9.7916666667,0.054166666700000005,1,-0.0061666667,-4.375,11.416666666700001,0.0130258078,1.0,0.0023361105,-4.2688477952,1.0,1.1818181818,0.2744161807,0.37554579,6.7,6.8,1.2426057065,0.3955209886,2.1440310723,-1.0057954143999999,0.11111111109999999,2.6666666667000003,3.1666666667000003,3.6666666667,3.1666666667000003,3.8333333332999997,4.3333333333,3.8333333332999997,4.1666666667,4.0,4.1666666667,1.8333333333,2.6666666667000003,4.0,3.3333333332999997,4.1666666667,-2.24923576,-1.1700480761,-0.45779826590000006,2.6898896498,1.4798581494,0.056279509299999995,2.1172228433,27.7777777778,55.5555555556,29.6296296296,5.666666666699999,6.0,3.625,3.875,2.625,3.2857142857,2.875,44,-0.5702753736999999,3.5486446675,30,177.0,9,1.0,1.2666666667,0.5336376190000001,0.0011016754,0.8696380615000001,0.0019938995,0.30555555560000003,0.0038729833,0.0256124969,0.009797959,2,-0.2669508371,1.1468791548000001,0.4219098427,1.8297250151,-0.345137097,3.8666666667,378.6666666667,1.9064093916999998,0.2353511778,1.4079241232,26.0,52.5,45,,,0.5487029384000001,3,1.7798880287999999,0.4768214438,1.8617060099,-0.1577516256,0.25,0.75,0.5,1.0,114.0,0.1,0.30000000000000004,0.4,0.4,1.7014552845000002,0.4303678922,1.5053924215,-1.2560249836,0.3925729443,0.034305935600000004,1.3778935839,0.35389636490000004,1.4688681156,-0.9713777459999999,321.0,6.9,5.9,371.1666666667,2.6623438976,0.3065238038,1.4857895850999998,289.6666666667,433.3333333333,2.4809115291999997,0.3335058992,1.2590065946,143.6666666667,11.5499143836,1.8503559058,0.3781147939,1.9239897567,-1.0089066761,2.0,6.0,5.0,1.5,3.0,41,-0.28966967309999997,-0.2357113498,1.122606288,0.0262250464,2.279701938,-0.2501497601,-0.1627567683,3.5,2.1111111111,2.2222222222,2.3333333333,1663.7347222222,4,10,4103.8333333333,0.6535454424,-0.7576857017,1.8,1.9090909091,1.9166666666999999,1.9285714286,2.0,0.6550417424,0.22353051359999998
s316,1.328817634,0.283286123,1.4865700155000001,2.05,39.3,0.33333333330000003,745,30.3636363636,0.2666666667,638,-0.7245147780000001,-1.4293215757,3.6224495673000003,0.3680532721,2.3000087503,-0.1032203731,7.62009e-05,0.0004859428,0.0036103515999999997,3.2666666667000004,3.7142857143,3.2666666667000004,3.0,2.0,3.0,2.4285714286,51,4.7879205193,0.26876700330000003,1.4126397388999998,0.33333333330000003,0.33333333330000003,13.75,0.0416666667,2,-0.0183333333,-3.75,8.875,0.0791666667,2.0,-0.0111666667,-2.125,1.0,1.7272727273,0.1270740954,0.8256563451000001,8.2,6.8,2.2942079128999997,0.3773567053,2.2524920621,-0.1986964809,0.6944444444,1.5,1.6666666666999999,1.5,1.5,3.5,4.6666666667,6.0,6.0,5.833333333300001,3.0,1.3333333333,1.1666666667,1.5,1.6666666666999999,5.666666666699999,-2.5147953592,-0.15571180699999998,-0.3719338943,3.8121088774,2.9608269472,0.3008692657,1.096207035,66.6666666667,0.0,22.2222222222,5.666666666699999,3.25,4.0,4.25,3.875,3.7142857143,4.25,50,-0.8893284576999999,4.1867508355,28,124.0,7,1.125,1.4,0.7073301315,0.0013157363,0.9288833618,0.0012716035,0.5833333333,0.0015811388,0.0015811388,0.0038729833,4,-0.558894619,1.5129781871,0.5607400601,1.8950442275,-0.44248762799999997,4.3333333333,298.6666666667,3.3560675737,0.2647674642,2.6005147276,1.0,177.5,44,3.6446965655000003,-3.8096929658999996,0.554232052,14,1.0618502016,0.49496049979999995,2.0384055843,-0.9244732759,0.4166666667,0.5,0.8333333333,0.9166666667,128.0,0.2,0.6000000000000001,0.8,0.4,3.2052539548000003,0.3992881919,1.464139225,-1.0271308391,0.3777777778,0.050572760599999995,4.4399674505,0.2964849773,1.053841651,-1.8948505885,304.0,5.8,5.7,290.1666666667,3.8255951044,0.3435866684,3.9667764044,293.6666666667,403.5,2.3587431224,0.27818441720000003,1.3565569829,109.8333333333,42.364761697,3.3883750225,0.3693692058,2.6426367245,-0.9641981111,6.5,6.5,6.0,3.0,5.5,24,-0.3946419814,-0.6187333594000001,2.0213690277,0.2906106492,1.6802761024,-0.28076744789999997,0.7574701411,2.7,3.7777777778,2.6666666667000003,2.9333333333,2194.937037037,4,7,4451.25,-0.4257486202,1.839961571,1.8,2.0,1.3333333333,1.0,2.1666666667,0.8402870943,0.5736837362
s326,0.7707167783000001,0.0061012009,2.283974775,1.6,46.928571428599994,0.5333333333,603,34.3571428571,0.5333333333,465,-0.0768004444,-0.7035493222,2.9176191363,0.3827146489,2.0954720416,-0.608152284,0.0005734405,0.0156696167,0.0499257813,4.5333333333,3.7142857143,3.1,3.0,2.25,3.0,2.0,50,2.1846748498,0.2422694569,1.5695097333,0.8333333333,0.0,11.875,0.0375,0,-0.0018333332999999998,-0.125,12.166666666700001,0.0113475177,1.0,-0.00021276599999999998,-1.3617021277,1.0,1.1818181818,-0.137237183,1.0188565576000002,8.2,7.2,1.397746172,0.4267779308,2.2530579871,-0.2944972549,0.22222222219999999,2.8333333332999997,2.6666666667000003,1.8333333333,2.8333333332999997,4.5,3.6666666667,3.3333333332999997,2.5,2.3333333333,1.6666666666999999,1.8333333333,2.0,4.1666666667,3.1666666667000003,5.5,-3.4641286533,-3.8544867094999997,-0.95341663,2.604344651,1.3258134651,0.0069578821999999995,2.2461196017,27.7777777778,33.3333333333,37.037037037,5.0,5.0,3.75,3.625,2.25,4.0,3.5,43,-0.8409013323000001,2.3379468797,30,279.0,5,1.0,1.2666666667,0.6633827209000001,0.0013894233,0.6546336174,0.0010662103,0.6666666667000001,0.009797959,0.0256124969,0.0256124969,3,-0.7895353122000001,1.3873689075,0.217522496,2.0632155228999998,0.16299734200000002,3.5333333333,238.8333333333,2.3765343834,0.3900285745,1.2656252188,-77.0,-21.5,43,,,0.6699352913000001,7,0.8095703347000001,0.4344350988,2.6392168714,0.0544803672,0.6666666667000001,0.5833333333,,1.0,124.0,0.4,0.7000000000000001,0.7000000000000001,0.6000000000000001,2.4948569513,0.38719080899999997,1.9385454984000001,-0.9188198296,,,1.5164999552,0.072274949,2.2466838183,0.1444092196,376.0,5.8,5.5,281.6666666667,2.2336503103,0.3642007515,1.5123733806000002,265.8333333333,262.1666666667,2.6320353622,0.3929466379,1.3337206964,-3.6666666667,13.5382969971,3.3676368783,0.430821076,3.2762972539999997,-0.6351729519,5.0,5.0,5.0,2.0,5.5,36,-0.8795246520000001,0.121584048,1.7398592836000002,0.34507150270000003,1.9912100963,0.3591162229,-0.43719087939999995,3.5,2.7777777778,2.4444444444,2.3333333333,2807.5595238095,-3,6,4524.8181818182,2.4567357728,-0.2595111955,1.2,1.8181818182,2.0,2.0,2.3333333333,0.1639690491,0.1580530631
s327,0.6689499424,0.0367282591,1.5042611602,1.4,13.434782608699999,0.23333333329999997,304,12.7142857143,0.30000000000000004,254,-0.9400478112,-1.3793239368999999,2.0187118144,0.34230573630000005,1.4145859534,-0.26758944879999996,0.0068910806,0.1025263672,0.26956054690000003,4.7333333333,4.1071428570999995,3.7,3.0,3.25,4.0,3.2857142857,47,3.4015412940000003,0.2361494,1.3514399150999998,0.33333333330000003,0.1666666667,12.041666666700001,-0.0041666667,0,-0.0061666667,-2.0416666667,21.0833333333,0.05719441769999999,1.0,-0.0062338787,-2.4056785371,1.0833333333,1.7272727273,-0.07423923660000001,0.5676550446999999,6.6,5.3,0.40692759990000005,0.2582207167,1.5706697602000002,-0.4212845065,0.0,2.1666666667,5.1666666667,1.3333333333,4.6666666667,5.1666666667,5.3333333333,4.5,5.666666666699999,3.5,1.3333333333,1.3333333333,2.5,2.8333333332999997,2.8333333332999997,6.333333333300001,-1.062192988,0.8443624068000001,-0.3341481062,2.9689949732,2.5876132808000003,0.15880038119999998,1.4501973388999998,66.6666666667,44.4444444444,62.962962963,6.166666666699999,2.75,3.875,4.25,3.25,3.4285714286,4.75,50,-1.3646783862,3.2360509786000002,32,141.0,7,1.125,1.4,0.7219559670000001,0.0019021310999999999,0.709879303,0.0017899832999999999,0.2777777778,0.158113883,0.06403124240000001,0.06403124240000001,3,,,,,,4.6666666667,,,,,,,43,-1.1625645555,2.6562011972999997,0.3064446643,5,1.0005217187,0.43061032759999995,1.9625453161000002,-0.46815932340000005,0.4166666667,0.33333333330000003,,0.5833333333,132.0,0.4,0.6000000000000001,0.7000000000000001,0.4,3.2447786739,0.3764934269,1.3755377919,-2.3877013163,0.3316831683,0.0316719488,3.4873023247000003,0.25600437309999996,1.5978695225,-0.6345838973,315.0,5.5,4.2,,,,,,,,,,,,2.5347305553,0.3074644399,1.6441718216999999,-0.4595380837,7.0,6.5,5.5,2.0,7.0,39,-0.7116942490000001,0.0901759452,0.8808770271999999,0.025359552999999996,1.9367278298,0.4658224471,-0.0084512968,4.1,4.2222222222,2.5555555556,4.0666666667,1867.2633333333,2,9,4229.5833333333,,,1.2,1.5454545455000002,2.1666666667,2.1428571429,2.9166666667000003,0.1624280434,0.352211781
s328,1.2429659336,0.2717651386,1.78314406,2.25,56.25,0.4666666667,840,30.1111111111,0.4,517,-0.34834002770000005,-1.4042755728,3.0166610664999998,0.33740972950000003,1.3731818508000002,-0.1941926592,0.0696281176,0.05681201170000001,1.1927919922,3.2,2.2857142857,2.7666666667000004,3.5,2.25,3.0,1.4285714286000002,58,3.199234449,0.2892841796,1.3826544737,0.6666666667000001,0.33333333330000003,11.75,0.0833333333,2,-0.0023333333,-2.0833333333,15.25,0.2089989889,3.0,-0.0102628918,-3.0798786653,1.0833333333,1.8181818182,0.7465251920999999,0.12533360470000002,7.0,10.0,1.8276308357,0.2665592705,1.8405461167,-0.8997922745999999,0.027777777799999997,2.6666666667000003,4.6666666667,1.3333333333,2.8333333332999997,4.0,5.833333333300001,6.166666666699999,6.666666666699999,5.666666666699999,3.0,1.0,1.5,1.0,3.8333333332999997,5.0,-1.8920476732,-1.0359319474,-0.13964851220000002,3.347538113,1.8591737340999999,0.2045845398,2.7319148175,16.6666666667,0.0,29.6296296296,5.5,3.0,4.875,4.5,4.5,3.1428571429,3.625,48,-1.2890129855,3.38738178,37,131.0,7,1.0,1.7333333333,0.7179199219,0.0016188028,0.9,0.0017327268,0.6388888889000001,0.25,0.158113883,0.25,5,-1.3678327259,1.5235230628,0.45204854130000005,1.5730266602,-0.5097319047000001,5.4,350.6666666667,3.21545839,0.3830208321,1.2836505773,27.0,30.5,47,-30.172624032199998,34.7909801629,0.4980748503,7,1.7409612131999999,0.4841830491,1.7228731709,-0.7959770625,0.6666666667000001,0.5,0.75,0.75,136.0,0.0,0.1,0.6000000000000001,0.4,3.2408051983,0.378457005,1.6234544538,-1.5307208611,0.5408163265,0.048866025,3.0383339126999998,0.3248036312,1.4000716431,0.035845285000000005,283.0,6.1,7.1,386.5,3.648188827,0.2971175434,1.3698560608,251.1666666667,302.5,3.8596658552,0.33207766510000003,1.8608451240000001,51.3333333333,26.524064598699997,2.5688448806,0.39738159659999994,1.8576057686,-1.0505179483,7.0,6.5,6.5,6.0,6.5,27,-0.1915700328,0.2794320816,1.3611658359,0.35053546049999995,1.5599610635,-0.630574155,-0.3308052499,2.1,4.3333333333,1.5555555556,2.6,2873.2583333333,10,5,2790.6666666666997,,,1.4,1.8181818182,1.3333333333,1.2142857143,3.1666666667000003,0.8618797457999999,0.3917992003
s329,1.3032140909999999,0.3070148639,1.63456936,2.35,12.222222222200001,0.1,318,16.538461538500002,0.1333333333,415,0.0327433008,-1.2195279391,2.5471218311,0.3599028409,1.4331948144,-1.2567525301,0.0005160178000000001,0.0010765266,0.0124736328,3.3333333332999997,3.6071428571,3.6,2.25,3.0,3.2,2.5714285714000003,50,4.9792063065,0.2974751203,1.4162231709,0.5,0.5,24.25,0.075,2,-0.0043333333000000005,-2.6666666667000003,28.9583333333,-0.0180662135,1.0,0.0002617847,-1.0940583205,1.0,1.3636363636000002,0.06072172100000001,1.1821651631,7.5,7.1,2.2567375586,0.571113025,2.2413580459999998,-0.2274565771,0.3888888889,2.3333333333,2.1666666667,1.1666666667,2.3333333333,4.8333333333,6.0,5.833333333300001,6.0,5.833333333300001,4.0,1.5,2.6666666667000003,1.8333333333,2.3333333333,6.833333333300001,1.7525911963999998,2.3811587272,0.1910395678,4.9380558016,2.9386465379000004,0.0381418389,4.5698099106,44.4444444444,22.2222222222,11.1111111111,6.0,2.0,3.875,3.875,4.125,3.7142857143,2.625,50,-1.4013457528,3.1627162452999995,39,129.0,9,1.0,1.3333333333,0.6417585373,0.0008663908,0.9075439453,0.0011118678,0.4722222222,0.0015811388,0.0038729833,0.0038729833,2,-1.3787822333000002,1.6566660318000002,0.3956582732,1.2582199659,-0.0541866896,4.9333333333,340.1666666667,2.6263103121,0.281976873,1.5868150162999999,-16.5,172.0,46,-2.6316993777,2.5318229339,0.3899128991,12,1.8634762952000001,0.46843855659999994,1.9882290689,-0.2523312297,0.6666666667000001,,,0.8333333333,142.0,0.1,0.0,0.6000000000000001,0.6000000000000001,2.3528349204,0.4217692419,1.9717340382,-0.90376107,0.4889434889,0.0117606505,2.1067462835,0.27380068469999996,1.1155401086,-1.8850868906,327.5,7.1,7.0,,,,,336.5,351.8333333333,1.9716787861000002,0.28810272400000003,1.2255462374,15.333333333299999,56.724866906,1.9277707207,0.38846205990000005,1.5487275173,-2.1880354322,6.5,6.5,6.0,3.5,5.0,31,-0.0403352714,0.1200668955,1.1444870239,0.31322694090000003,1.2001521752,0.008225324499999999,-0.331031629,2.9,2.3333333333,2.1111111111,3.1333333333,2589.7037037037,7,9,4734.8333333333,,,1.3,1.3636363636000002,1.3333333333,1.2142857143,2.4166666667,0.4742773546,0.2828473834
s332,0.9157656895,0.0341999198,1.5622597713,1.9,20.4782608696,0.23333333329999997,447,14.166666666700001,0.2,321,-0.2294735441,-0.8238985131000001,3.3152347151,0.3465133151,2.2807696359,-0.21419763239999998,3.5467219238,0.09858178710000001,0.5687685547,4.5333333333,4.25,4.5333333333,3.0,2.75,3.0,2.2857142857,42,2.0640414079,0.11478606710000001,2.0201036993,0.8333333333,0.0,8.9166666667,-0.008333333299999999,0,-0.002,-0.8333333333,8.5,-0.0072104019,1.0,-0.0034609929000000003,-0.2612293144,1.1666666667,1.4545454544999998,0.0318039244,0.2248158144,7.3,5.8,0.9146043113,0.2855850198,1.9821117368,-0.9881781862,0.0,3.5,4.1666666667,3.1666666667000003,4.1666666667,3.8333333332999997,2.5,2.0,2.6666666667000003,2.8333333332999997,2.3333333333,3.5,4.1666666667,3.8333333332999997,4.5,5.0,-3.3794587801,-5.461134556,-1.4617689391,-0.1447032105,1.1526069628,0.29709667489999997,0.9945618026,16.6666666667,33.3333333333,51.851851851899994,6.0,5.5,3.0,3.625,3.125,3.7142857143,3.5,45,-1.0385004381999998,3.3813588491,23,132.0,8,1.1875,1.8666666666999998,0.7669188976000001,0.0009014412,0.9044677734,0.0016736344000000002,0.5555555556,0.06403124240000001,0.053929018700000005,0.06403124240000001,3,-1.7778636303000002,1.118648556,0.37985238369999996,1.9062676719999998,-0.6159441086999999,3.8,,,,,,,44,-0.7242809695,1.2605776296,,3,0.9252490081999999,0.5420541957,1.4927013359999999,-0.8502984823,0.5,0.1666666667,0.33333333330000003,0.8333333333,112.0,,0.4,,1.0,,,,,0.4801980198,0.0689465301,3.0153313676,0.2479806395,1.3509229981,-0.8845304437999999,381.0,3.7,5.7,379.1666666667,1.9679096003,0.2653049011,1.1987260956999999,334.1666666667,320.0,0.8849743470000001,0.0323429068,1.7373578596,-14.166666666700001,30.6049053247,2.1098431605,0.2549576692,2.430251587,-0.7905654266000001,5.0,5.0,4.5,2.5,5.0,42,0.0040890995,-0.3344419732,0.8532903479,0.063811542,1.8255352979,0.0026093297,0.1480469872,2.9,3.1111111111,3.5555555556,3.3333333332999997,2732.6388888889,0,7,4094.7916666666997,0.4309317145,-0.1053605157,2.1,2.1818181818,2.3333333333,2.5,2.9166666667000003,0.4727509258,0.1761898109
s333,1.4345355269,0.1073540299,1.8649423397,3.0,48.7,0.33333333330000003,943,34.7368421053,0.3666666667,632,-0.63023899,-1.6325265438999998,3.3088479314,0.32416869330000003,1.6995506609,-0.9838394703,0.000116288,0.0007390938000000001,0.0125380859,2.4,3.6071428571,4.0333333333,3.25,2.75,3.6,2.7142857143,52,3.4270548495999997,0.23248565399999999,1.5802557137000002,0.8333333333,0.1666666667,7.875,0.1041666667,3,-0.008833333300000001,-1.2916666667,12.0,0.2036585366,2.0,-0.0041463415,-6.2195121951,1.0,1.7272727273,-0.2494014695,0.6938826054999999,7.2,7.7,1.902944301,0.3709607272,2.133115471,0.0291576879,0.25,2.8333333332999997,4.1666666667,1.6666666666999999,2.3333333333,4.0,3.3333333332999997,3.5,5.0,2.8333333332999997,2.0,2.0,3.0,1.8333333333,2.1666666667,6.0,-0.9206751174,2.4389549995,0.1910395678,4.9380558016,3.1478646163,0.2222493809,1.6128943690000002,33.3333333333,11.1111111111,37.037037037,5.1666666667,1.75,4.625,4.25,4.25,3.7142857143,3.25,53,-1.1652624446,3.6348828618,35,149.0,7,1.0,1.5333333333,0.5,,1.0,0.0018575070999999998,0.4722222222,0.009797959,0.009797959,0.0250474647,1,-1.3706796482,1.7613603804,0.3243987562,1.5811727331999998,0.060861051799999996,5.3333333333,212.8333333333,2.8580040138,0.30222942210000003,1.421095596,-45.0,13.0,45,23.0928017558,-11.954940532,0.4577152858,10,1.1517899506,0.4925868795,1.8812272709,-0.8682797670000001,0.6666666667000001,0.8333333333,0.75,0.8333333333,137.0,0.1,,0.30000000000000004,0.2,3.5531554913999996,0.3919022933,1.9226450477,-2.3000214918,0.44836272039999997,0.0341174241,2.8651490045999997,0.2230721298,1.4625978166999998,-0.5926466784000001,286.5,6.7,6.0,298.6666666667,2.9007120279,0.3280319477,1.3881954458,232.6666666667,239.8333333333,2.8336109652999997,0.3149840008,1.3615915769,7.166666666699999,24.6184865626,2.1903159277,0.32317893059999997,2.1401473709,-1.0279258135,6.5,6.5,7.0,4.5,5.0,42,0.1137896158,0.08513744460000001,1.74487871,0.36772554679999997,1.7318384353,-0.8242423669000001,-0.2133617287,1.9,3.5555555556,2.1111111111,2.8666666667,1706.0185185185,-2,9,8113.416666666701,-0.0963848709,1.124929597,1.4,1.7272727273,1.6666666666999999,1.0714285714,2.25,0.1737936359,0.2088398715
s334,1.1379033611,0.1381518594,1.7105096461000002,2.3,2.7666666667000004,0.0,82,0.9642857143000001,0.0666666667,26,-0.1756450789,-1.1260445547,3.0694538224000003,0.3961447749,1.989503513,-0.8598944092,6.3229999999999994e-06,4.3625999999999995e-06,4.364e-06,2.6,3.3928571429,3.5,3.0,2.5,2.8,2.4285714286,52,1.9204475341,0.25425578120000003,1.3559158069,0.6666666667000001,0.33333333330000003,13.208333333299999,0.0291666667,1,-0.0098333333,-0.9583333333,23.5,0.0184024267,1.0,-0.0087280081,-4.1868554095,1.0833333333,1.6363636363999998,0.2485903814,0.8539800995,8.0,6.6,1.367772548,0.45753028939999996,2.0562477473,-0.30036854560000004,0.9166666667,1.8333333333,2.5,2.3333333333,2.8333333332999997,3.3333333332999997,4.0,5.0,3.8333333332999997,3.6666666667,2.1666666667,2.0,2.5,3.3333333332999997,5.0,4.8333333333,-1.781322905,-0.9696028508,-0.5420764413,3.3056961158999996,1.8070990134,0.022339315,2.1102722136,0.0,0.0,7.4074074074,6.0,4.75,3.25,3.625,4.0,3.8571428571,3.875,48,-0.9928100529,3.4727396196,34,236.0,9,1.0625,1.4,0.5509701610000001,0.0016862709,0.7022446155000001,0.0021035041,0.5,0.0002011893,0.0002011893,0.0002011893,3,-1.3503960674000002,1.5655820481,0.4773377984,1.7574648337999998,-0.5991420715,3.5333333333,354.3333333333,2.0583175952,0.30132040860000003,1.7776234896,-9.5,210.5,42,3.4619176492,-3.205537728,0.6159293093,6,,,,,0.75,0.5833333333,0.75,,125.0,0.1,0.30000000000000004,0.5,0.7000000000000001,2.1037947373,0.3160680773,2.5883630159,-1.2476606868,0.5764411028,0.108622318,2.1052146863999996,0.2541594538,1.4775527217,-0.1835469109,352.0,5.4,5.4,463.3333333333,2.2121382071,0.35504093909999995,1.3393447709,255.6666666667,322.8333333333,2.2433865444,0.29781718230000004,1.5779577833,67.1666666667,-68.7677291158,2.8519839052,0.4460894067,3.0246740252,-1.0093926926,6.5,6.0,7.0,3.0,4.5,38,-0.6602793836,-0.1981061877,1.5006021053,0.2755348138,2.120513372,-0.0231107135,-0.5301892993,2.3,4.0,1.8888888889,2.7333333332999996,2314.5083333333,6,6,5044.5833333333,0.017480726499999998,-0.193371393,1.8,1.9090909091,1.5833333333,1.0714285714,2.8333333332999997,0.813591548,0.4550403212
s336,1.1224059965000002,0.0306037711,1.3011901181,1.8,42.15,0.33333333330000003,807,32.5714285714,0.30000000000000004,651,-0.7637460478,-0.9515231693999999,3.0050688217,0.29457762660000003,1.3562785857,-1.0386741256,0.0001856885,0.07914746090000001,0.06764062500000001,4.1333333332999995,4.1428571429000005,6.2,2.25,2.25,3.0,2.7142857143,40,2.5492540603,0.2380517162,1.322077489,0.6666666667000001,0.1666666667,16.5416666667,0.12916666670000002,2,-0.0111666667,-2.125,12.416666666700001,0.17851365019999998,3.0,-0.006450960600000001,-2.4216380182,1.25,1.3636363636000002,-0.26353623,0.5623739233,6.3,2.9,1.6189663081,0.3386138367,1.3307945104,-0.7495426085,0.055555555599999994,2.5,4.1666666667,2.0,2.6666666667000003,3.5,3.6666666667,3.8333333332999997,5.0,3.8333333332999997,2.6666666667000003,2.1666666667,3.0,2.1666666667,1.8333333333,4.0,-1.8773339733,-1.2725485108,-0.49407257109999997,2.3371246427,1.7653837587,0.0568013773,1.5283129684,27.7777777778,66.6666666667,74.0740740741,5.0,5.75,3.0,2.75,3.375,3.0,2.25,40,-1.1652624446,3.6348828618,24,194.0,7,1.125,1.1333333333,0.7138366698999999,0.0027829411999999998,0.9084777831999999,0.0033518298,0.4722222222,0.25,0.25,0.158113883,1,-1.0944467487,1.2548372989,0.3475468802,1.4247979939,-0.7194262438,3.6666666667,269.1666666667,1.8964535235,0.3118045584,1.3705160621999999,-3.0,27.0,39,,,0.3999988171,5,1.03317696,0.31185988740000004,1.5463933084,-0.116152725,0.0,0.1666666667,0.5833333333,0.1666666667,97.0,0.1,0.2,0.30000000000000004,0.1,2.1006065925,0.3669725244,1.4188310809,-0.1242795248,0.38805970149999996,0.0613135838,2.5652410153,0.26109343079999997,1.7433703806999998,-0.29703895880000003,406.0,6.7,5.8,319.5,4.0459792868,0.3685503301,1.3471756330000002,257.3333333333,275.3333333333,2.2888382083,0.33929129950000003,1.0415085942,18.0,-8.8733676173,2.0045631459999997,0.2944358179,1.3284892621,-1.586221357,2.5,4.5,6.0,2.0,3.5,52,0.1598384276,-0.0036167271,1.3187850116,0.28766694519999997,1.484594231,-0.9083970089,-0.392522734,3.0,3.3333333332999997,3.5555555556,3.0666666667,1464.6641414141,13,9,2053.5833333333,0.1634518872,0.266404674,2.3,2.0,2.25,2.0714285714,2.25,0.6317804694,0.2336825489
s339,1.2515160861,0.194802694,1.5433213669,2.75,21.3333333333,0.30000000000000004,428,18.0952380952,0.30000000000000004,365,-0.8006262083,-0.5477418211999999,3.9792523492,0.3949475745,1.7086017401,-0.165237403,8.648299999999999e-05,0.0001032186,0.0001638184,2.2,3.2142857143,2.5333333333000003,2.75,2.75,3.4,2.8571428571,51,3.6858999159,0.2706647613,1.9852434482,0.33333333330000003,0.6666666667000001,7.541666666699999,0.0625,0,-0.0025,-1.375,11.583333333299999,-0.0861445783,1.0,-0.0030847458,-2.2957933428999997,1.0833333333,1.5454545455000002,-0.0885734819,0.174845576,6.9,8.6,1.6783916616999999,0.4676503732,1.9274676002000002,-0.2049623349,0.9722222222,1.1666666667,1.8333333333,1.0,3.0,4.1666666667,5.666666666699999,4.8333333333,5.666666666699999,4.3333333333,1.5,1.0,1.0,1.8333333333,2.6666666667000003,6.166666666699999,-1.7752648113999998,0.1500356376,-0.5616381195,3.4239749998,2.4322903982,0.2253223601,1.2195705989,27.7777777778,33.3333333333,33.3333333333,3.6666666667,1.5,4.25,4.375,4.5,3.1428571429,4.125,53,-1.0816155204,3.2951286846,30,102.0,9,1.125,1.2666666667,0.8337783814,0.0013142467999999999,0.8609886169000001,0.0014572048000000002,0.75,0.0006324555,0.0004,0.0006324555,3,-1.0762054396,1.5776411995,0.3861688397,1.7989994052,-0.5310262666000001,5.6,439.1666666667,2.0931367006,0.3052056367,1.2557114648,26.0,58.5,40,,,0.724668799,13,0.9995549793999999,0.4532461707,2.0194059548,-0.94967435,0.75,0.6666666667000001,0.5,0.8333333333,128.0,0.30000000000000004,0.2,0.4,0.6000000000000001,1.993144773,0.3785449881,1.7502420103999998,-0.9582091956,0.39560439560000005,0.006187469399999999,3.0993339722,0.2885419884,1.4805119886000002,-0.9803770204,340.0,5.1,4.1,,,,,320.5,301.0,2.5909245911000003,0.2607039076,1.3286706378,-19.5,18.781828816500003,2.7963765231999997,0.3921933414,2.1920108618,-0.34748148009999996,6.0,7.0,5.0,5.0,5.5,31,-0.2777599982,-0.0862041853,1.5010042786000002,0.06619297019999999,2.1119896153,0.14476658650000002,-0.2309956443,1.7000000000000002,4.1111111111000005,2.1111111111,2.8,2665.3645833333,-9,8,5323.772727272701,2.3678728498,-1.7452394536000002,1.7000000000000002,1.8181818182,1.6666666666999999,1.0,2.0833333333,0.8962782542000001,0.3676788297
s343,1.9154875324,0.3086337225,1.2902092634,2.7,33.4285714286,0.30000000000000004,669,22.5714285714,0.5333333333,297,-0.3854786946,-1.2004323312,2.6576546137,0.3209128698,1.4827102456,-1.7959388101,0.0025504396,0.0001194773,2.27051e-05,4.6,3.0357142857,4.5333333333,2.0,2.25,3.6,4.0,28,2.2420627465000003,0.2500357709,1.6513107606,0.6666666667000001,0.33333333330000003,5.833333333300001,0.125,3,-0.009000000000000001,-1.6666666666999999,17.8333333333,0.0380176582,0.0,-0.000439773,-0.2069581669,1.0,1.0,0.2984480254,0.8761729551,8.8,7.0,1.2873298229,0.4049752182,1.8221793029,-0.196486488,0.8611111111,2.6666666667000003,3.5,1.3333333333,2.3333333333,4.3333333333,4.1666666667,5.3333333333,4.1666666667,3.6666666667,3.0,2.1666666667,1.8333333333,2.8333333332999997,1.3333333333,4.6666666667,-0.753000714,-0.6383677041,-0.2701361246,2.84097101,1.9239306116,0.2156523148,2.2932505098,55.5555555556,55.5555555556,33.3333333333,4.6666666667,4.0,2.125,2.75,1.625,2.5714285714000003,3.625,35,-0.9630841912,3.0580660263,18,142.0,6,1.0625,1.0,0.7330337523999999,0.002992012,0.946875,0.0026676233,0.6388888889000001,0.0015811388,0.0015811388,0.009797959,3,-1.4882482199,1.2439006101,0.4861248841,1.6234014018,-0.0271768481,3.2,327.8333333333,2.4030579814,0.2926151856,1.3444094983,39.5,49.5,45,-6.5140475639,9.659078658,0.5008287644,14,1.2203645025,0.38528847439999997,2.1159985686000002,-0.4696685743,0.8333333333,0.1666666667,0.75,0.33333333330000003,81.5,0.4,0.6000000000000001,0.7000000000000001,0.0,1.6689193512,0.379097975,1.7246815808000002,-0.9094814326999999,0.5307125307,0.06848531299999999,2.8656319318,0.28241596539999997,1.2190027412,-1.1130669357,310.5,6.7,6.1,286.8333333333,2.3842470802,0.0267526232,2.5679975684,231.3333333333,276.0,3.2873594325,0.34669699940000004,1.1796933704,44.6666666667,-15.082792207799999,1.368191551,0.37469548049999996,1.7599653288,-0.3770024261,5.0,2.5,1.5,2.0,3.0,56,-0.16581337810000002,-0.4934497858,1.3095283223,0.1929812561,2.3026751504,-0.32734528350000003,0.0620891915,3.8,2.2222222222,2.0,2.6666666667000003,1273.81,21,7,2685.1666666667,-0.2315414588,0.4643056081,2.7,1.3636363636000002,2.4166666667,1.2857142857,1.6666666666999999,0.6456747857999999,0.1459673651
s346,0.6411872155,0.3189678868,1.3977917689,1.5,45.0,0.33333333330000003,860,25.0,0.43333333329999996,400,0.278768803,0.0411008988,2.1098261918,0.34609533729999997,2.8462205317,-0.3454545406,0.0001380683,0.0001271119,0.0034541015999999996,2.6666666667000003,2.8214285714000003,3.1666666667000003,3.0,3.0,3.2,2.0,59,3.2138688774,0.3145063198,1.3077041195,0.8333333333,0.0,7.708333333300001,-0.054166666700000005,1,-0.016166666700000002,-1.7916666666999999,7.791666666699999,0.047489585599999995,0.0,-0.003933348000000001,-0.7273624205,1.0,1.8181818182,-0.036858775,1.076119303,7.3,4.5,1.2803101952,0.2231733019,2.1092890337,-0.8475239742,0.0,2.0,3.0,1.1666666667,2.1666666667,4.3333333333,4.6666666667,5.3333333333,4.8333333333,4.0,2.8333333332999997,1.1666666667,2.6666666667000003,2.3333333333,3.8333333332999997,6.333333333300001,-1.4435860068000002,-0.011560868899999998,0.0,5.320134937200001,1.8084270644999998,0.0821549075,2.6602814498000003,61.111111111099994,44.4444444444,37.037037037,4.6666666667,1.75,5.0,5.0,4.875,4.5714285714,2.625,46,-0.8346819503,2.8012615445,35,135.0,6,1.0,1.6666666666999999,0.7500499248,0.0009478005999999999,0.7351318359000001,0.0017600532,0.5555555556,0.003935979300000001,0.009797959,0.009797959,4,-0.8986734087999999,1.0791864403,0.496741532,1.7469890162,0.1915615726,5.9333333333,325.1666666667,2.8089550689,0.32295978480000004,1.1614459528,4.0,44.5,47,,,0.8151176961000001,6,1.3704667292,0.7122391347,1.7820839233,-0.14038458539999998,0.9166666667,0.75,0.75,1.0,149.0,0.2,0.7000000000000001,0.8,0.6000000000000001,1.91678664,0.4880277711,2.5534023272,-0.3909970245,0.40594059409999994,-0.0087608042,2.9256831167,0.3505936744,1.2934331081000001,-0.9719915804000001,381.0,5.5,4.5,437.6666666667,3.4306560767,0.3605732082,1.4012764243,320.1666666667,360.1666666667,3.6431078247000004,0.263139565,2.1020057859,40.0,7.8850574713,2.5419562072999997,0.4284639195,2.3426899963,-1.0110517237999999,5.5,7.0,7.0,4.5,6.5,41,-0.4372345688,-0.38461996509999996,1.5123498799000001,0.3199955947,1.5879765427,-0.7197274473999999,-0.3119063515,1.9,3.7777777778,1.4444444444,2.7333333332999996,2835.9479166666997,-1,8,5530.75,0.4969897272,-0.3136575589,1.4,1.4545454544999998,1.25,1.0,2.6666666667000003,0.8204286553,0.7310295102000001
s351,0.9102737597,0.0340732594,1.4528324525,1.8,20.8518518519,0.1,534,19.6,0.33333333330000003,373,-0.112071691,-0.7790748415000001,3.8808216243,0.3793500913,2.4217635561,-0.9016172248,3.5467219238,2.6509238281,0.2940644531,3.4666666667,2.8214285714000003,3.5666666667,3.0,2.25,4.0,3.5714285714000003,64,3.4205683192,0.317420701,1.2151052601999999,0.33333333330000003,0.6666666667000001,5.666666666699999,-0.025,1,0.0003333333,-2.8333333332999997,7.166666666699999,0.058372093000000014,0.0,-0.0012651163,-0.3720930233,1.0,1.7272727273,-0.3409832803,0.5448580149000001,7.6,6.6,1.9690575503,0.4891034246,1.8899072684,-0.7423891298999999,0.0,1.0,2.1666666667,1.0,1.5,3.3333333332999997,4.6666666667,4.5,5.5,5.0,2.8333333332999997,1.5,2.3333333333,2.3333333333,1.6666666666999999,4.6666666667,-1.7389887465,-0.8321750416,-0.25741953149999997,2.2891321811000003,1.4801973238,0.015533038,1.9333750523,77.7777777778,33.3333333333,7.4074074074,5.666666666699999,1.75,5.0,4.25,4.25,2.0,4.0,42,-1.0705413209999999,3.8243251091,39,119.0,10,1.0,1.0,0.6846064567,0.0008920561,0.6677507639,0.0008973792999999999,0.5555555556,0.25,0.25,0.25,4,-1.0346187201,2.0388760591,0.37372358990000004,1.9373916544,-0.6958540016,6.0,,,,,,,47,,,0.8048818031,3,1.7172673316999998,0.4381635846,1.8573268003999999,-0.1433464749,0.8333333333,0.4166666667,0.1666666667,0.9166666667,141.0,0.0,0.30000000000000004,0.30000000000000004,0.0,3.3226591754,0.44577276229999996,1.8532313532,-2.5884061222,0.4962779156,0.0548417158,4.2404400841,0.34854796250000003,1.5494356294,-0.9898837479000001,373.5,5.7,5.7,,,,,,,,,,,,2.688990623,0.34503087829999995,1.6433412045,-0.9021471231999999,7.0,7.0,4.0,6.0,6.0,33,,,,,,,,1.7000000000000002,4.4444444444,1.4444444444,2.3333333333,3636.9185185184997,3,7,3417.5833333333003,-0.1381952329,0.5798184953000001,1.0,1.2727272726999999,1.0833333333,1.0,1.75,0.7845162893000001,0.3015691942
s352,1.0377093962000001,0.2869425888,1.5326971834,2.25,31.2692307692,0.1333333333,792,21.0476190476,0.30000000000000004,413,-0.24508481920000003,-0.9279317381,2.7939785964999997,0.3990929838,2.3453949669,-0.7481741781999999,0.0145654478,0.2200234375,28.901625,5.466666666699999,2.8214285714000003,2.6,3.75,2.0,3.8,4.0,50,3.1468516855,0.33445629120000003,1.6700797188,0.33333333330000003,0.33333333330000003,17.375,0.0791666667,0,0.0018333332999999998,0.875,20.0,-0.0744186047,1.0,-0.0034496124,-3.5988372093,1.25,1.4545454544999998,0.2824160857,0.5988629515,7.2,7.2,1.2668022061,0.2269904189,2.7460577274,-0.2372085294,0.22222222219999999,1.1666666667,2.3333333333,2.0,3.0,5.5,6.666666666699999,6.833333333300001,6.0,5.5,3.8333333332999997,1.3333333333,1.0,3.6666666667,2.5,6.666666666699999,-0.3568549876,0.6971597656,-0.5792170898,3.3799774129,2.1128625495,0.24297593260000003,1.8541491731,44.4444444444,88.8888888889,44.4444444444,5.833333333300001,5.25,4.125,4.25,3.25,1.5714285713999998,3.125,52,-0.8308046694000001,3.7967503866,33,149.0,2,1.3125,1.2,0.6485661506,0.0014449959,0.6128261804,0.0012705404,0.3888888889,0.158113883,0.0256124969,0.158113883,2,-1.4388396006,1.5473344504000002,0.5130494805,2.205755683,-0.1135523481,4.3333333333,278.3333333333,2.416784634,0.2624370573,1.7150627178,-124.0,-74.0,47,24.175046497199997,-21.0536412143,0.4221720809,4,1.1733172975,0.3527373386,2.2298020358,-0.2967138107,0.6666666667000001,0.5833333333,0.5,0.6666666667000001,145.0,0.6000000000000001,0.30000000000000004,0.5,0.2,2.9768950314,0.4856000747,1.8904604286000002,-2.2219356149,0.4686716792,0.0198895096,2.0960080867,0.28843837180000004,1.7255106163,0.122918858,352.0,6.1,6.2,278.1666666667,2.4260923,0.2804817562,2.2113494711,201.3333333333,258.1666666667,2.7908239479000003,0.35229624789999997,1.8240742262,56.8333333333,21.584812936,1.8714354334999999,0.39781032439999997,1.9477370785,-1.1504495653,4.0,7.0,1.5,6.0,6.5,12,0.0515200124,-0.3593147061,0.8813516210000001,0.0320090236,2.0762834217,-0.4685690707,0.1678571057,3.1,4.2222222222,1.3333333333,2.8666666667,2448.0533333333,9,8,4632.0,1.0834485149,-0.29701339990000003,1.1,1.0909090909,2.8333333332999997,1.4285714286000002,1.8333333333,0.8707651344,0.4365913662
s357,0.7539063194000001,0.051387906399999995,2.1391388203,1.85,40.0,0.33333333330000003,760,30.625,0.4666666667,460,,,,,,,0.0005292491999999999,0.0089631348,0.006509765600000001,3.0666666667,2.8928571429,3.1333333333,2.5,1.75,2.4,2.0,54,5.1317116301,0.27120475780000003,1.9622140871,0.8333333333,0.0,5.0,0.0416666667,2,-0.0116666667,-2.0833333333,4.5416666667,0.0622619048,2.0,-0.0057238095,-1.294047619,1.0,1.0909090909,-0.34429734570000003,0.7902079779000001,8.0,7.0,1.7186254022,0.47311124299999996,1.9763255946,-1.2178732181999998,0.2777777778,2.5,2.6666666667000003,1.5,3.3333333332999997,5.5,4.6666666667,5.1666666667,5.666666666699999,3.5,2.8333333332999997,1.3333333333,2.8333333332999997,2.3333333333,2.8333333332999997,6.333333333300001,-2.5512091432,-1.7954851828,-0.8017492914000001,2.9524780832,1.7490116603,0.2906199994,1.6453332544,44.4444444444,0.0,7.4074074074,6.333333333300001,5.75,4.375,4.0,5.0,3.4285714286,2.875,42,-1.1195720593,3.7262636324,35,166.0,8,1.0,1.2666666667,0.7831634520999999,0.0006216525,1.0,0.0009331378,0.5833333333,0.009797959,0.009797959,0.0038729833,3,-1.0944700648999999,1.3251119559,0.5146831225,1.960294327,-0.35028468630000004,4.6666666667,237.5,3.2105866598,0.3285766672,1.509790432,32.0,31.0,46,7.959900015800001,-5.9440277962,0.6929966584999999,12,1.9571018408,0.6960880764,1.8253495922999998,-1.0099637397,0.5833333333,0.4166666667,0.8333333333,,136.0,0.2,0.2,0.8,0.4,2.2155651109,0.4805140002,1.8479105869999999,-1.6534896772999998,0.3853904282,0.06518304800000001,2.9580872897000003,0.3053332814,1.2859414825,-0.8777485715000001,258.0,5.4,4.7,336.3333333333,2.9463150886,0.2989764214,1.5498510518000002,263.8333333333,275.8333333333,2.8152543301999997,0.3130853946,1.4773189115,12.0,24.7442100111,3.2738958572000003,0.3162936323,2.1979172183,-0.7971515943999999,5.5,7.0,7.0,6.0,6.0,18,-0.6631761286,-0.1808846637,1.254117475,0.35642127149999997,1.5646679105,-0.2644654169,-0.31550391310000003,2.3,2.4444444444,1.3333333333,1.9333333333000002,2957.5716666667,-2,9,4167.0833333333,-21.9411942874,22.9270110819,1.1,1.3636363636000002,1.1666666667,1.0,2.0833333333,0.8691864431,0.5056954299
s359,0.931649773,0.22566887370000002,1.4342052621,1.65,35.2666666667,0.5,496,13.4545454545,0.2666666667,286,-0.7222366497,-0.03988216,2.298549441,0.40976711039999997,1.6363429091,-1.0094963657,0.00033395770000000004,0.0020499268,0.0025742188,2.7333333332999996,4.1071428570999995,4.2,2.75,2.5,3.4,2.2857142857,54,3.745262722,0.2657273127,1.7934761325,1.0,0.0,4.5,-0.025,0,-0.0013333332999999998,-0.0833333333,6.25,0.1896875,3.0,-0.0087875,-2.321875,1.4166666666999999,1.3636363636000002,0.2203347175,0.6070215176,6.5,8.2,1.1967105899,0.4031672231,1.9538190272,-0.2605903834,0.8055555556,1.1666666667,2.8333333332999997,1.0,2.6666666667000003,2.0,4.0,2.0,5.5,1.8333333333,2.3333333333,2.1666666667,3.8333333332999997,1.8333333333,4.0,3.1666666667000003,-0.8807517224,0.20061755109999999,0.1910395678,4.9380558016,2.1512112671,0.2153858671,2.1662662718,22.2222222222,0.0,0.0,5.1666666667,5.25,5.0,3.5,4.5,2.0,1.5,43,-0.8075379761,4.3503317988,31,218.0,6,1.1875,1.8666666666999998,0.7597815990000001,0.0012499298,0.8596725464,0.0013257658999999999,0.3888888889,0.0015811388,0.0015811388,0.0038729833,2,-1.5139619747,1.0763163229000001,0.4213875894,1.6274118818,-0.4157127259,5.3333333333,,,,,,,45,4.0178541405,-4.6395283976999995,0.5819245377000001,11,1.4537232702,0.5942272763,1.9024419405,-0.2792139597,0.5,0.8333333333,0.5833333333,0.8333333333,107.5,0.30000000000000004,0.0,0.4,0.7000000000000001,2.1553012926,0.2660364589,2.8307457142000003,-0.6027452349,0.3975308642,0.0453860124,2.6169605959,0.3018816854,1.6734431693,-1.225383622,298.5,6.1,5.7,376.8333333333,1.9993413219999998,0.0579863438,2.770520897,,,,,,,,2.2158314924,0.3354144371,1.7724392725,-1.4532255316999998,6.5,6.5,6.0,6.0,5.5,40,0.0225496012,-0.49301297340000005,1.2649972895,0.32686596230000003,1.6807764767000002,-0.5524050191000001,-0.1732255625,3.0,3.6666666667,3.1111111111,3.4,2957.5240740740996,11,4,3881.0833333333003,1.5591267509,-0.9901605804000001,2.0,2.0909090909,2.0833333333,2.2857142857,2.9166666667000003,0.5161367447,0.7588016832000001
s365,1.4626593627000002,0.25929568329999997,1.9451402328999998,3.45,44.631578947399994,0.3666666667,807,35.3125,0.4666666667,535,-1.1255857875,-0.8105986528,4.6025558116,0.3765892904,3.034145253,-0.7285779076000001,0.0081200656,0.030816650400000006,0.08845312500000001,4.6666666667,4.25,5.3,2.0,3.25,2.2,3.2857142857,37,4.020015848,0.2922231789,1.6677789772999998,0.8333333333,0.0,12.291666666700001,0.1625,3,-0.006500000000000001,-4.2083333333,16.0833333333,0.14404761900000002,3.0,-0.006404761899999999,-3.3154761905,1.0,1.0909090909,-0.0384615385,0.9644293615,7.8,6.3,2.0208417838,0.4819533894,2.1364128763999997,0.135308972,0.22222222219999999,2.8333333332999997,5.3333333333,1.8333333333,3.6666666667,3.3333333332999997,4.0,5.3333333333,2.5,3.5,2.5,1.5,4.5,4.0,5.3333333333,5.5,-2.7029933235000003,-0.5393908634000001,0.4181320954,4.4838707464,2.3439429475,0.17997621940000003,2.214637324,16.6666666667,100.0,81.4814814815,4.0,6.5,2.75,1.0,2.5,3.0,2.25,22,-1.0170844173,3.9312389163,25,207.0,7,1.375,1.8666666666999998,0.7488295436,0.0012370783,0.9463121414,0.0015674108999999999,0.5555555556,0.06403124240000001,0.06403124240000001,0.158113883,2,-0.8880859308,1.9436889829,0.4770441962,2.3793708898,-0.3251291973,2.6,337.6666666667,2.7306770772,0.3281738811,1.4386666086000002,-8.5,171.0,43,,,0.6515861938,15,1.4494296062,0.4365128832,1.9048443734,-0.2054292362,0.33333333330000003,0.6666666667000001,0.33333333330000003,0.6666666667000001,80.0,0.30000000000000004,0.6000000000000001,0.7000000000000001,0.8,3.5552410551,0.4990400994,2.4074796894,-1.4026055505,0.6203473945,0.0622563412,4.1583114476,0.3384159128,1.5793490874,-1.0235790935,325.0,6.6,7.7,300.3333333333,3.4896200177999996,0.3475836874,1.8366164296,222.3333333333,217.1666666667,3.4269341892000003,0.3279126567,1.6089620758,-5.1666666667,54.1638095238,2.5186028701,0.34975198690000003,1.6457490658,-0.6984083841000001,6.5,4.0,3.0,1.0,4.0,42,-1.1553093459,-0.8149185727,1.6763100016999999,0.3495306603,1.6875457266,0.3172547745,0.9002089018,4.7,2.3333333333,3.0,3.2666666667000004,1680.5074074073998,13,8,3807.5,0.7312181417,1.4255150743,2.3,1.9090909091,3.0,2.0,3.4166666667000003,0.9242486025,0.6780894572
s368,0.6916541076,0.2082862473,1.1675358184,1.4,23.8260869565,0.23333333329999997,523,19.565217391300003,0.23333333329999997,425,-0.5131795410000001,-0.6736026228,5.0271149049,0.3582507328,3.2504405113,-0.5022445754,0.000512843,0.0014606628,0.0956494141,3.4,3.1785714286,3.7333333332999996,1.75,1.5,2.8,3.2857142857,53,3.9936220426999998,0.3168217639,1.4342857234,0.33333333330000003,0.1666666667,6.666666666699999,0.0666666667,1,-0.0013333332999999998,-1.6666666666999999,7.375,0.0051061678,1.0,-0.0021496461,-2.0749241658,1.0,1.2727272726999999,0.0177959519,1.2030733617,9.2,9.6,2.3268409275,0.4641512884,1.6228551743,-0.29754696,0.027777777799999997,1.0,4.6666666667,1.0,2.6666666667000003,4.0,7.0,4.8333333333,7.0,6.333333333300001,4.5,1.0,2.8333333332999997,1.6666666666999999,2.3333333333,4.6666666667,0.5401229342,1.8736085863999998,0.0,5.320134937200001,3.5418757262000002,0.1450523303,2.7437914515,61.111111111099994,55.5555555556,44.4444444444,4.8333333333,5.0,3.875,4.625,3.75,3.4285714286,4.125,45,-0.9575666758,4.0502743994,30,160.0,6,1.0,1.0666666667,0.6585773468,0.0010137876,0.752665329,0.0013005752,0.5,0.0256124969,0.0256124969,0.0256124969,1,,,,,,4.8666666667000005,310.6666666667,2.9620154407,0.293641855,1.4759862326,15.5,137.5,46,-13.564050225,19.5173853609,0.5906872276,3,1.9620523059000001,0.4820811171,2.0825518081,-0.5960562326000001,0.5,0.6666666667000001,0.5,0.8333333333,125.0,0.0,0.1,0.4,0.1,3.1312627858999997,0.4011943799,1.5477639946000001,-2.0061479447,0.4792176039,0.0579277245,4.3040394726999995,0.2855164724,1.7129217709,-1.0438035162,245.0,5.5,4.8,247.0,1.988163633,0.19176921859999999,2.5785608444999997,230.3333333333,259.3333333333,3.8839731457999997,0.2860789507,2.0467894455,29.0,68.06178931560001,2.8923237873,0.31415763950000003,2.2128611644,-1.2514512851000001,7.0,6.5,3.0,5.0,5.0,56,-0.5353925633000001,-0.5953183589000001,1.7516228554,0.2202187721,1.82573077,-0.05999943820000001,0.5157676596999999,4.1,4.1111111111000005,3.0,2.4666666666999997,3765.1071428571004,15,3,2873.1666666666997,0.017532478799999997,-0.2894661942,1.8,1.0,1.5,1.0714285714,1.25,0.7495800309,0.15270031439999998
s369,0.40128729979999994,0.0667576928,1.4173723962,1.4,8.3076923077,0.1333333333,206,8.6296296296,0.1,222,-0.0735300259,-0.0402390812,2.6708437847,0.41374988380000005,1.3885832532,-0.6625346274,3.5467219238,2.5464052734,3.1926005858999997,3.7333333332999996,3.3571428571,3.2666666667000004,3.5,3.0,4.0,2.5714285714000003,56,3.2095311443,0.33273574040000004,1.4291589591999998,0.0,0.6666666667000001,10.916666666700001,0.05833333330000001,1,-0.0016666667,-6.833333333300001,5.708333333300001,0.0264377159,1.0,0.0007717944,-2.286628734,1.0833333333,1.9090909091,-0.1097893492,0.4884057621,8.9,9.1,1.7667179593,0.5279218948000001,1.6405019827,-0.8780096370999999,0.0,1.8333333333,4.3333333333,1.3333333333,2.3333333333,4.1666666667,4.6666666667,3.8333333332999997,4.8333333333,5.1666666667,1.6666666666999999,1.6666666666999999,3.6666666667,2.6666666667000003,2.3333333333,5.666666666699999,-1.3435255917,-0.5255239462,-0.26185826370000004,2.8244152882,1.4600241521000001,0.0427442905,2.6363910837,61.111111111099994,55.5555555556,22.2222222222,4.5,2.0,3.625,4.5,4.125,2.7142857143,4.25,51,-0.9575666758,4.0502743994,32,196.0,9,1.3125,1.7333333333,0.7332446337,0.0008505253000000001,0.8987304688000001,0.0013563794,0.3888888889,0.25,0.1265219767,0.0256124969,3,-1.1342237178,1.2647560452,0.368553767,1.5447115052,-1.0864121787,4.4666666667,325.1666666667,1.56044749,0.0673716278,2.0842317441,8.0,43.5,44,1.4640590014,-1.0881678784,0.5709905453,6,1.2123376895,0.605283298,1.3042300829,-0.4691022821,0.6666666667000001,0.6666666667000001,0.6666666667000001,0.9166666667,133.0,0.7000000000000001,0.8,0.9,0.4,3.3350181797000005,0.0410104154,4.2965319935,-1.0481116628,0.5037037037000001,0.0921792659,2.3486431427000003,0.3494762078,1.3208243065,-0.4326445678,391.0,5.1,4.5,286.1666666667,1.6148809627,0.1728125348,1.8914398196000002,308.1666666667,315.3333333333,1.634240914,0.059492602199999994,2.1154217966999997,7.166666666699999,62.108748356899994,1.5373712093,0.4040047262,1.5582288681,-1.3732912337999998,4.0,6.5,3.0,4.5,6.5,34,-0.2402556648,-0.7573931903000001,0.7035302904999999,0.2125060543,2.1074585994999997,0.0229332837,1.0431715507,4.1,2.1111111111,1.6666666666999999,3.4666666667,3713.9285714285998,-7,7,7814.6363636364,,,1.4,2.0,2.9166666667000003,1.9285714286,3.0,0.2380514042,0.6809804716
s372,1.2193843046,0.2323950334,1.9209581543,3.95,32.6086956522,0.23333333329999997,730,5.1363636364,0.2666666667,108,-0.2725982393,-1.1945937086,4.387984513999999,0.4270274434,2.7235953099000003,-1.7270359793999999,0.0017490405999999999,0.0098525391,0.2975273438,2.0,3.0357142857,2.4,3.0,2.25,3.6,3.0,64,3.8524680732,0.3127636961,2.3937368491999997,0.6666666667000001,0.1666666667,13.958333333299999,-0.0208333333,1,-0.0008333333,-3.9583333332999997,10.2916666667,-0.0164284213,1.0,-0.0008602060000000001,-4.0807231448,1.0,1.0909090909,-0.1924850194,0.7676026088,8.8,7.7,3.0290495358,0.5403993266,2.3670171357,-0.35750310500000004,0.027777777799999997,1.0,2.8333333332999997,1.1666666667,3.0,4.0,6.0,5.0,6.5,4.5,2.8333333332999997,1.0,2.0,1.0,1.0,3.5,-1.1906212489,-0.1532893004,-0.1448413667,3.3579238220999996,2.039385387,0.1574147689,2.2021503169,72.2222222222,11.1111111111,11.1111111111,4.6666666667,4.0,4.875,5.0,3.375,3.1428571429,5.0,52,-0.5402436899,4.8849203713,40,157.0,7,1.0,1.2,0.7025615215000001,0.0014150189000000002,1.0,0.0018501373999999999,0.5,0.158113883,0.25,0.158113883,2,-0.6504244308,1.5829581987999999,0.6145266979,2.2134524272,-0.3079433602,5.6,,,,,,,47,23.0237295198,-13.875305723299999,0.3996588449,13,1.8920783258000002,0.5008395568,2.3189184472999997,-0.21934329670000002,1.0,0.8333333333,0.8333333333,1.0,150.0,0.1,0.2,0.1,0.1,2.8033614372000004,0.503195759,2.1162458584,-1.1165283948,0.4851485149,0.07254279500000001,3.6047113910000004,0.3637678782,1.5505916161000002,-0.6109851678,416.5,5.7,6.1,261.8333333333,4.5166566357999995,0.2733545257,5.6075595676,166.5,287.8333333333,2.5995982722999997,0.33677886939999996,2.3347461856,121.3333333333,56.522536287200005,3.4599028224,0.3903607281,2.8923379585,-1.0290396028,7.0,7.0,7.0,7.0,7.0,36,-0.6791762831999999,-0.18189497329999998,1.3778304195,0.2082977594,2.2860999084,-0.0905460976,-0.4744430235,1.1,3.4444444444,1.0,2.7333333332999996,2472.575,1,10,5237.5833333333,1.5324768712999999,0.5877866649,1.0,1.1818181818,1.1666666667,1.1428571429,2.0833333333,0.3516561801,0.3514290987
s373,0.6291961903000001,0.041745415699999996,1.8949188351,1.75,26.88,0.1666666667,642,20.4545454545,0.2666666667,430,-0.1037878375,-0.8869923019,2.504327885,0.3890834059,1.6647471534,-0.0180727358,0.0115960793,0.0384090576,0.3706064453,4.3333333333,4.3928571429000005,5.2333333333,3.0,3.25,3.2,3.1428571429,27,1.1898929633,0.3239978785,1.7273986271000001,0.5,0.0,9.0416666667,0.1208333333,0,0.0011666667,-1.4583333333,3.875,-0.0818971061,2.0,-0.0043344051,-2.1655948553,1.4166666666999999,1.0909090909,-0.0548063482,0.6089548557000001,7.6,5.9,0.8580328865000001,0.3275490236,2.1781007181,-1.0029158261,0.0,3.0,3.5,2.1666666667,4.0,4.3333333333,3.6666666667,4.8333333333,5.3333333333,5.5,3.5,1.8333333333,2.5,3.0,2.3333333333,4.1666666667,,,,,,,,38.8888888889,100.0,74.0740740741,2.8333333332999997,4.5,2.875,2.5,2.75,2.7142857143,2.875,27,-1.0705413209999999,3.8243251091,19,107.0,7,1.5625,1.6,0.7075508118000001,0.0013395134,0.904032898,0.0018738852,0.4722222222,0.158113883,0.25,0.158113883,2,-0.7648199975000001,1.5859803756000002,0.47792355840000006,1.8131001879,-0.7332943239,2.8,283.3333333333,2.6878876581999998,0.36511010409999994,1.1240342908,50.0,14.0,45,4.7098674673000005,-2.7055570754000002,0.8421906551999999,6,1.2418644929,0.4940943049,2.1144883832,-0.0935229678,0.5,0.6666666667000001,0.9166666667,0.75,107.0,,0.30000000000000004,0.5,,2.3506342365,0.3630346535,2.8151135417,-1.1860351902,0.487244898,0.0103362488,2.0224189423,0.3406509712,1.4363119672,-1.0372490007,375.0,6.2,5.5,,,,,205.0,262.3333333333,2.1224719246,0.2042548973,2.0564675455000003,57.3333333333,70.7686606361,1.3933198039,0.4921943772,1.5242468013,-1.1247152146,5.5,4.5,1.5,1.5,2.5,58,-0.3556624155,-0.20895678329999998,0.7958131071000001,0.07387407580000001,2.1208396276,-0.08248921719999999,0.043069374199999996,3.9,2.7777777778,2.7777777778,3.1333333333,2955.2857142857,3,4,5605.666666666701,0.6760955865999999,-0.7648910854000001,2.3,2.0,3.1666666667000003,3.2857142857,2.9166666667000003,0.8329577398000001,0.1528869618
s376,1.8978852221,0.3369379172,1.1697827397,2.4,45.4705882353,0.43333333329999996,733,23.380952381,0.30000000000000004,468,-0.0681262095,-1.6630826352,3.1715174568,0.4545804567,1.1491061490999999,0.0265493025,0.0002158754,0.0014127579,0.0034902344,4.0,3.1071428571,3.8333333332999997,2.5,2.75,3.0,3.0,41,5.048186160899999,0.2732753066,1.083960448,0.8333333333,0.0,15.416666666700001,-0.15833333330000002,0,-0.0046666667000000005,0.0,14.291666666700001,-0.0048330403999999995,2.0,-0.005261862900000001,-3.1028119508,1.0,1.1818181818,0.06053806210000001,0.9461370834999999,7.9,7.1,2.5891638444,0.3843541824,2.1978490459,-0.2364330298,0.8055555556,3.6666666667,3.6666666667,2.5,2.6666666667000003,3.3333333332999997,5.1666666667,5.0,5.0,5.3333333333,4.3333333333,3.0,3.3333333332999997,3.3333333332999997,2.3333333333,3.6666666667,-3.7011108154000003,-1.2080879884,-0.5629734621,4.194188013,2.948757725,0.1800827947,1.4126376062,44.4444444444,33.3333333333,44.4444444444,5.0,4.25,4.0,3.125,4.0,3.0,3.0,39,-1.3273158840000001,3.310775983,30,232.0,4,1.0,1.2,0.6838272570999999,0.0011879462,0.9025817870999999,0.0020234748,0.6111111111,0.0015811388,0.0015811388,0.0038729833,2,-1.3593127784999999,1.8536424043000002,0.3917841048,2.0517917284,-0.3334257812,4.1333333332999995,359.5,3.7106789526,0.33689751409999996,1.8496299302,67.0,61.0,47,-0.3236858194,9.7979835449,0.47491720090000006,12,1.5861351217,0.5238187753,2.0549296119,-0.7890164797,0.8333333333,0.0833333333,0.4166666667,0.75,115.0,0.1,0.5,0.30000000000000004,0.4,3.3068205388,0.3988357156,1.3229119674,-2.1218688685,0.3651960784,0.0659368574,3.6423114688,0.29529293970000003,1.0538641009,-2.2769764528,313.5,5.3,5.5,364.3333333333,3.8451976969,0.3391338045,1.7966870897999998,194.6666666667,259.5,3.9912474764,0.35914735340000004,1.7390198612999999,64.8333333333,90.0935725642,2.8845786481,0.2982716615,1.924025118,-0.9211336018999999,5.0,5.0,5.0,3.0,4.5,48,-1.2230242195,-0.2227136186,1.1101278159,0.0096278476,2.2253574886000003,0.7391680033,-0.1714646618,3.1,3.4444444444,2.4444444444,2.8,2112.0277777778,-1,9,5257.4166666667,0.1208462331,0.0487901642,2.0,2.0,2.0,2.0,2.4166666667,0.8426674881999999,0.1591469161
s380,0.8306713427,0.19075728179999998,1.6108449831,1.85,22.2413793103,0.033333333300000004,625,11.12,0.1666666667,268,-0.5671229417,-0.63656052,3.8366355623,0.2767270523,2.0188214077,-2.7331193447000004,0.0054166889,0.0012319565000000002,0.0064257813,3.3333333332999997,3.0357142857,3.1,3.0,3.25,3.4,3.2857142857,56,4.5538594694,0.27260702470000003,1.3028146039,0.1666666667,0.8333333333,12.041666666700001,-0.0208333333,1,-0.0038333333,-3.9583333332999997,9.9583333333,0.106779661,1.0,0.0024222994000000003,-5.2831325301,1.0833333333,1.1818181818,0.2367869128,1.0420581655,7.5,6.5,2.3412994563,0.2987997311,1.6740426784,-0.28845891879999996,0.1388888889,1.0,2.8333333332999997,1.1666666667,4.0,4.3333333333,5.666666666699999,5.666666666699999,7.0,6.166666666699999,3.8333333332999997,1.0,2.6666666667000003,1.0,1.8333333333,5.0,-2.7477870417,-1.0529012172,-0.2130060317,2.7267108241000004,2.0304473693,0.2268498534,1.4198680793,50.0,88.8888888889,22.2222222222,4.3333333333,3.0,5.0,4.125,5.0,3.5714285714000003,3.625,38,-0.8075379761,4.3503317988,33,168.0,10,1.0,1.0666666667,0.7169265747,0.001101299,0.6999206543000001,0.0010039147,0.5,0.0015811388,0.0015811388,0.009797959,3,-0.5135685706,1.7802718329,0.46464875409999995,1.9192703622999998,-0.5642862569,5.666666666699999,,,,,,,45,,,0.6006494850999999,16,1.775804421,0.4275600989,1.9505125499,0.4751251686,0.75,0.33333333330000003,0.33333333330000003,0.9166666667,126.0,0.0,0.0,0.5,0.2,2.6786984689,0.2876634322,1.9372714097,-1.2017384548,0.4250614251,-0.0009699596,3.3389364493,0.2675442491,1.2786412387,-1.6974184771,259.0,5.7,5.6,285.8333333333,2.8131770995,0.2847459517,1.3833312187,203.3333333333,225.6666666667,2.8927085276,0.1931849494,1.9812362019,22.3333333333,13.272657918800002,2.4099975475999997,0.3137628798,1.8911271427,-0.8595805475,7.0,7.0,4.0,3.5,6.5,42,0.0641047216,-0.2533956793,1.8475137354,0.3090986778,1.6922064618,-0.7809033506,-0.29944853579999997,2.2,4.0,1.6666666666999999,2.6666666667000003,2239.4895833333,-9,7,7034.25,-0.1372011215,0.1823215568,1.4,1.0909090909,1.3333333333,1.2142857143,1.5833333333,0.8429855481,0.3609633845
s383,1.2932502157999999,0.34690850630000003,1.4020277709,2.3,22.2916666667,0.2,515,16.8181818182,0.2666666667,350,-0.6558158747999999,-1.1382723495,5.3482737024,0.3945443182,2.9716654,-0.7667406629000001,0.0040698044,0.0046230469,0.0090351563,3.7333333332999996,3.6071428571,4.2,2.75,2.0,3.0,3.1428571429,41,5.6134180309,0.31330232739999997,2.2218884464,0.6666666667000001,0.33333333330000003,10.1666666667,1.804112415e-16,2,-0.008333333299999999,-3.4166666667000003,10.6666666667,0.0190140845,2.0,-0.008281690100000001,-2.2112676056000002,1.0,1.4545454544999998,-0.0245476292,1.2127317201999999,10.3,8.8,2.236938145,0.5484198818,1.8924348253,-0.222108331,0.2777777778,3.0,3.0,2.5,3.5,4.6666666667,5.1666666667,5.666666666699999,5.0,5.1666666667,3.3333333332999997,2.5,2.3333333333,3.0,2.6666666667000003,5.3333333333,0.08214042810000001,2.1646223786000003,0.3346735035,4.6507879302,2.9513052750999997,0.2794773703,2.1338557199,55.5555555556,55.5555555556,37.037037037,5.3333333333,3.0,3.625,3.375,3.0,3.2857142857,3.25,39,-1.0170844173,3.9312389163,24,114.0,7,1.1875,1.0666666667,0.7467205048000001,0.0007761008,0.95,0.0012691967999999998,0.6944444444,0.009797959,0.0256124969,0.0256124969,2,-1.2730442612000001,1.5414758740999999,0.6627251682,1.6664467116,-0.0644050365,4.4,370.1666666667,2.7152426376000003,0.2964813619,2.4137379826,-30.0,285.5,45,-3.407818445,6.5293562625,,13,2.3489102747,0.46231663619999996,2.6015873568,-0.4013454724,0.4166666667,0.5,0.9166666667,1.0,118.0,0.1,0.4,0.6000000000000001,0.1,3.5940124070999997,0.4764118157,2.4082366152000003,-0.3854614431,0.4814814815,0.0482522591,3.9445435042000003,0.33285884060000004,1.6943086637,-0.6847226465,359.5,5.4,4.3,312.1666666667,3.4694883377999997,0.4800258688,2.5184368874,305.3333333333,341.8333333333,4.1834159912,0.3315240486,2.0633295243000003,36.5,40.950282485900004,2.2761363573,0.454722756,1.7342531522,-1.218721857,6.0,6.5,6.0,2.0,3.5,40,-0.8458000628000001,-0.6823466912,1.7761592444,0.3795775085,1.6676618387,0.29998823129999996,-0.0353412528,2.4,3.8888888889,2.1111111111,2.7333333332999996,2725.1458333333,0,7,5323.5833333333,0.5360682410000001,1.2199731457,2.2,1.8181818182,2.25,1.2142857143,1.8333333333,0.5720711465999999,0.3876208893
s388,,,,,40.1666666667,0.4,649,32.3571428571,0.5333333333,432,-0.5140293649000001,-1.0236022615,3.2680847961,0.3376494504,2.1365568294,-0.35380174070000003,3.26059e-05,0.0005781841000000001,0.0036962890999999998,3.0666666667,2.9642857143,3.9666666667,3.0,3.25,3.6,2.7142857143,49,2.3216387084,0.2714761928,1.1768418469,0.6666666667000001,0.33333333330000003,19.5833333333,-0.033333333300000004,1,0.0006666667,-0.75,18.1666666667,-0.1030528895,2.0,-0.0010361446,-1.1389626302,1.1666666667,1.9090909091,0.07393782360000001,1.11979426,10.4,9.8,1.1028690268999999,0.448398003,2.1842734221,-0.30770911900000003,0.3888888889,1.6666666666999999,3.3333333332999997,1.5,3.3333333332999997,4.1666666667,4.8333333333,4.6666666667,5.5,4.5,3.3333333332999997,1.8333333333,3.1666666667000003,3.6666666667,5.1666666667,6.333333333300001,-3.6848039179,-1.0944047594,0.4958381373,4.3284586626,1.7160831324,0.030139271,1.8631014388999998,50.0,55.5555555556,51.851851851899994,3.6666666667,3.25,3.125,3.125,3.75,3.2857142857,3.5,53,-0.9575666758,4.0502743994,30,131.0,6,1.3125,1.8,0.6615714073,0.0012181689999999998,0.7209503173999999,0.0016159401999999998,0.7222222222,0.009797959,0.0256124969,0.06403124240000001,3,-1.4606426007,1.6254914568,0.4090664569,2.1423745903,-0.6892140958,4.4666666667,277.1666666667,2.8031087787,0.2967932722,1.5516824980000001,-25.5,43.5,41,,,0.37269766039999996,8,1.452148341,0.42842684509999995,2.4228117183,-0.6072634057999999,0.75,0.5833333333,,0.9166666667,117.0,0.2,0.5,0.5,0.9,1.7675556612,0.4511539455,1.6887370653,-1.1746632573,0.4532019704,0.0408359633,2.3885307415,0.2945160509,1.2687154764,-0.3990628347,406.5,6.2,3.9,328.6666666667,2.7957093693,0.28043814310000004,1.3233120790000001,355.25,326.3333333333,2.0971459432,0.1096253354,2.0348511525,-28.9166666667,22.3169958875,1.8137347415,0.2894639975,2.0262551652000003,-1.3101712845,6.5,6.0,5.5,4.5,7.0,38,-0.5820676852000001,-0.1553763374,1.0608919683,0.2136102322,1.8255710658,0.3998731141,-0.4100824401,2.3,4.5555555556,2.7777777778,3.6666666667,1920.2681818182,16,4,1709.5833333332998,0.8315194172,-0.08701137699999999,1.7000000000000002,1.9090909091,1.9166666666999999,2.0,3.6666666667,0.8254654633,0.4278345708
s391,0.7509262697,0.2380436808,1.3405011748,1.95,37.222222222199996,0.4,635,35.4166666667,0.2,800,-0.9280605554000001,-0.27472014110000004,3.4411538793000003,0.26828214920000004,2.2338905836,-1.6186134525,0.0011180999,0.00018023869999999999,0.0094941406,4.6666666667,3.8571428571,4.6,4.0,3.25,4.0,4.0,39,3.3456437956,0.2464201958,1.7184368858,0.33333333330000003,0.33333333330000003,5.916666666699999,0.0916666667,3,-0.0076666667000000015,-1.1666666667,6.666666666699999,0.16090225560000002,3.0,-0.0081879699,-1.4360902256,1.0,1.3636363636000002,0.1632417279,0.7313709064,7.2,6.3,2.0786371818,0.3719310642,1.73211275,-0.6803657862000001,0.75,4.0,5.0,1.1666666667,3.0,4.8333333333,4.8333333333,5.5,5.3333333333,4.8333333333,2.3333333333,2.5,3.0,1.3333333333,1.5,5.666666666699999,-1.6229582249,-1.4865014243999999,-0.7746479260000001,3.7708390852999996,1.8224054728,0.0060980352,2.4339668278,38.8888888889,77.7777777778,48.148148148100006,4.0,2.75,3.875,4.625,1.875,3.1428571429,2.0,48,-1.1195720593,3.7262636324,29,172.0,7,1.1875,1.0666666667,0.611741066,0.00153205,0.852734375,0.0027356025,0.5277777778,0.0038729833,0.0038729833,0.009797959,2,-1.3660927176,1.3265765097,0.3682814839,1.7840103159,-0.6354120688,4.3333333333,222.1666666667,2.477889962,0.33845476,1.3146519058,-57.5,-3.5,45,4.4642132432,-3.6385370182999996,0.4218254824,7,1.5691416494,0.4232885365,1.8939357159,-0.2741754026,,0.75,0.75,,137.0,0.4,0.4,0.4,0.2,2.598237139,0.3881665801,1.8187302327,-0.8434227164,0.4628712871,0.04677238139999999,2.5215873329000003,0.25161941400000004,0.9909638346999999,-0.5473211976,254.0,5.7,5.7,268.3333333333,2.8613944005,0.345638047,1.1048380944,283.4166666667,258.6666666667,2.0106800558,0.27205725329999997,1.3512475105000001,-24.75,15.784729713499999,1.8374055122,0.3359876177,1.6052017924000002,-1.5795605373,6.0,5.5,2.0,1.5,6.0,49,-0.34707725520000005,0.435569381,0.6283997705000001,0.2591407337,1.5684172453,-0.5658733178,-1.0705068796,4.8,2.1111111111,2.2222222222,3.6,1649.3487654321,30,7,2853.5833333333003,1.5978231019,0.7932306390999999,1.3,1.2727272726999999,3.0,1.0714285714,2.25,0.8411343971999999,0.2452447918
s396,1.8433107225999998,0.2602813785,1.4740444331,2.6,45.15,0.33333333330000003,861,29.944444444400002,0.4,512,-0.6075958543000001,-1.6015715237,2.5738060676,0.3931706704,1.1894108620000001,-2.2378309344,6.98187e-05,0.00034709169999999997,0.0009487305,4.2,3.5714285714000003,3.8666666667,2.0,1.75,2.0,2.2857142857,53,5.4506893798,0.3312886869,1.1069114902,1.0,0.0,15.541666666700001,0.07083333330000001,1,-0.0025,-6.875,15.25,0.0323559151,2.0,-0.0046620828999999996,-8.434479272,1.0,1.1818181818,0.196454577,0.9267250347,7.5,7.9,2.6228002612,0.6354160208,1.606425583,-0.6568323816,0.75,3.8333333332999997,5.1666666667,1.8333333333,3.6666666667,4.5,4.3333333333,5.0,5.1666666667,3.3333333332999997,3.0,1.8333333333,2.6666666667000003,2.8333333332999997,2.5,5.0,-6.1662613196,-1.5164427291,0.1910395678,4.9380558016,3.1405341602999997,0.2914185539,1.0737290955,38.8888888889,66.6666666667,37.037037037,3.5,5.5,4.125,1.625,3.125,3.5714285714000003,3.75,33,-1.0705413209999999,3.8243251091,33,227.0,7,1.0625,1.2,0.6617970467000001,0.0010536449000000002,0.9157783508,0.0015903074,0.5277777778,0.0006324555,0.0006324555,0.0015811388,2,-1.1149180246,2.4035394002,0.3731663824,1.8005196825999998,-0.4601915188,3.8666666667,408.6666666667,2.4393036775,0.2853270504,1.2829461419,25.5,167.5,45,-85.9247977932,92.5840250409,0.31911585740000004,18,1.7928380676,0.5909495748,1.7349928030000001,-0.436107002,0.5833333333,0.6666666667000001,0.5,0.9166666667,113.0,0.5,0.30000000000000004,0.5,0.30000000000000004,3.3096011292000003,0.3748844485,1.4218992247,-3.0214899991000004,0.5285359801,0.1062456914,3.5908381833,0.2681930093,1.4087848626,-1.1135687164,297.0,6.9,5.2,282.6666666667,4.2433584336,0.3281888752,1.9191306082,349.4166666667,330.3333333333,2.7408710798,0.3003486703,0.9211281815,-19.0833333333,-26.8385623803,2.6827687520000003,0.3337657254,1.3917846107,-0.41863535609999997,3.5,6.0,6.0,1.0,3.0,30,-0.5694792372999999,-0.3025572876,2.1256231943,0.3411602495,1.5613637342,0.055326196800000005,0.4800354783,2.7,3.3333333332999997,1.7777777778,2.0666666666999998,1948.5277777777999,8,9,3139.1666666666997,3.9520917152,-1.8273504143,1.2,1.2727272726999999,2.0,1.2857142857,2.25,0.7420686631000001,0.4982350235
s397,1.3108746611,0.31026783620000004,1.9266895944,4.85,21.1304347826,0.23333333329999997,461,18.65,0.33333333330000003,358,0.2085785589,-0.7262107831999999,3.8897669638999997,0.2839478495,1.9533919487,-1.4574928307,0.0001779466,0.00030697250000000004,0.0030390625,4.4,3.2857142857,4.8,2.0,2.5,2.6,2.8571428571,42,2.6120486429,0.2244110297,1.6241032081,0.6666666667000001,0.33333333330000003,12.958333333299999,-0.0458333333,1,0.0015,-2.0416666667,8.25,0.1296099291,2.0,-0.005517730500000001,-0.9627659573999999,1.0,1.0909090909,-0.026128266,0.9177781838,8.7,8.8,2.4501712355,0.340313863,2.2823417513,-0.2230076339,0.6944444444,2.5,3.1666666667000003,1.1666666667,2.6666666667000003,3.5,3.6666666667,4.0,5.0,4.0,2.5,2.6666666667000003,2.3333333333,2.5,2.3333333333,5.0,-2.3241158008,-0.5932101213000001,0.1910395678,4.9380558016,2.2443942046000003,0.06507549380000001,2.440760045,38.8888888889,33.3333333333,40.740740740700005,4.8333333333,5.25,2.875,2.125,3.625,3.4285714286,2.75,40,-0.9575666758,4.0502743994,18,137.0,7,1.1875,1.3333333333,0.7495000839,0.001657332,0.9989257812,0.0024562902,0.6944444444,0.0015811388,0.0006324555,0.0006324555,3,-0.10537097,1.6140306206000001,0.3081299235,1.9661619726,-0.2017085261,3.8,198.8333333333,3.3996867564,0.2398678849,1.9882903580000002,-11.5,163.0,46,-0.5295364532,5.0787870219,0.4161449345,12,1.7908818227,0.3204933339,2.8156171856,0.0365004123,0.0,0.0833333333,0.0833333333,0.0,80.0,0.1,0.5,0.6000000000000001,0.2,2.8754109634,0.3983733513,1.9271858288,-1.3244800333,0.46305418719999997,0.054898443899999996,2.8986542446,0.26286276199999997,1.2140334345,-1.0927474538,,7.2,5.8,219.6666666667,6.1027786423000006,0.3561243147,4.5038595748,173.8333333333,195.5,4.0539487435,0.3030935925,2.0927356734,21.6666666667,-2.9299957270999997,1.7952745294,0.2831680911,1.9091720691999998,-0.606664816,4.5,5.5,5.5,3.0,4.0,38,-1.1091283591,-0.2834004374,1.8294026174,0.3181982098,1.5809071900999998,-0.0363124507,-0.424662787,3.2,4.1111111111000005,2.7777777778,2.8,1603.8583333333,9,7,3481.0833333333003,0.48055169659999997,-0.17185025690000003,2.4,1.8181818182,2.0,1.8571428571000002,2.0833333333,0.1758628129,0.417625875
s402,1.3103680693000002,0.4225780974,1.4313221753999998,2.0,41.6666666667,0.2,980,21.7391304348,0.23333333329999997,475,-0.7241275058000001,-1.3524251775999998,3.9122044652,0.4053965497,2.0409135672,-1.1598466156,0.014830239299999999,0.0299233398,0.17406347660000002,3.8,3.0714285714,4.5,1.75,2.5,3.0,2.5714285714000003,39,2.8533797552,0.2965851198,2.0508736521,0.5,0.1666666667,10.0,4.1633363420000005e-17,0,-2.081668171e-17,3.3306690739999997e-16,11.416666666700001,0.0814285714,2.0,-0.0047428571,-1.3857142857,1.0,1.0,-0.0581648741,0.542880527,5.6,5.1,1.7443378083,0.5520493941,2.2064679256,-0.2175758741,0.0,1.5,1.0,1.1666666667,3.1666666667000003,2.6666666667000003,5.0,6.0,4.5,4.6666666667,2.3333333333,1.0,1.0,2.8333333332999997,2.6666666667000003,5.1666666667,-3.2111733136000002,0.8916766992,0.1910395678,4.9380558016,2.8657903198000003,0.14500826090000002,2.4731978525,44.4444444444,33.3333333333,33.3333333333,5.0,4.0,2.875,3.0,2.25,3.1428571429,2.875,38,-0.9928100529,3.4727396196,18,115.0,8,1.1875,1.4,0.8170028687,0.0010498144,1.0,0.0012993304000000002,0.5555555556,0.06403124240000001,0.06403124240000001,0.06403124240000001,1,-0.9038210637999999,1.37128575,0.5336306161000001,1.7770542855000002,-0.48478913799999995,4.0,388.6666666667,1.7993069893,0.36918059630000005,1.0456531598999999,52.0,24.5,41,,,0.4609205121,11,1.3533534784999999,0.6042370445,2.263312315,-0.19464774129999998,0.0,0.0833333333,0.0,0.0,99.0,0.0,0.0,0.7000000000000001,0.5,2.5631117341,0.5339780797,2.1066562803,-0.9774106845,0.34739454090000005,0.0412906403,2.5969502988,0.3335574492,1.4910210049000001,-0.5366040907999999,375.0,5.2,4.7,518.5,2.434383555,0.4236159751,1.1463889409,309.3333333333,373.6666666667,1.8129192514,0.3799163355,1.2462452934000001,64.3333333333,-21.7388999751,1.6673214263,0.4144044039,1.5133695400999998,-0.889686902,5.5,4.0,5.0,1.0,5.5,51,-1.6513566021000001,-0.40474626799999996,1.2694829204,0.4336188813,1.5695770334,0.9246820534,-0.061159775199999995,3.7,4.0,2.4444444444,3.2,3414.9479166666997,-9,7,6244.3636363636,-0.0973942991,-0.06453852110000001,2.4,2.0,2.1666666667,1.5714285713999998,2.25,0.148944402,0.150343985
s403,0.9383636248999999,0.0313123383,1.9093015519999998,2.05,39.0588235294,0.43333333329999996,627,22.0,0.30000000000000004,446,-0.3957689269,-0.7650782666,3.9165279586,0.3203684431,2.0543883561,-1.4811098066,0.0001385228,0.008221313499999999,0.053020507800000005,6.8,3.7142857143,5.7,1.75,1.75,3.4,4.0,26,2.9948927649,0.25569826830000003,1.8103669053,0.1666666667,0.5,4.5833333333,1.249000903e-16,2,-0.004,-1.4166666666999999,19.4166666667,0.2687943262,2.0,-0.0149148936,-0.8953900709,1.4166666666999999,1.0,-0.2511978152,0.6597643651,6.7,6.5,1.6281723857,0.4106413599,1.5031612383,-1.5928798913,0.1388888889,3.0,4.3333333333,1.5,1.1666666667,4.8333333333,4.6666666667,4.8333333333,6.333333333300001,4.6666666667,3.5,3.0,2.6666666667000003,2.1666666667,1.0,4.6666666667,-0.582050119,-0.9349737222,-0.7548590440999999,3.8104168489999997,3.0223743195,0.1864615139,2.6739402685,16.6666666667,100.0,74.0740740741,3.8333333332999997,2.75,2.25,2.125,1.375,1.5714285713999998,3.25,48,-1.0705413209999999,3.8243251091,11,134.0,5,1.25,1.0,0.6809286594,0.0013511221,0.8323936462,0.0019961081,0.5555555556,0.009797959,0.0256124969,0.06403124240000001,1,-1.185846526,1.5970025788000002,0.3683188789,1.9332529038,-0.33928491400000005,2.5333333333000003,328.3333333333,2.2935606679,0.30016294039999997,1.2345799681999998,-9.0,9.0,42,2.0886910846,2.7705836802999997,0.619533426,11,1.6570668163,0.5386932856000001,1.8427550595,-0.4084250129,0.0833333333,0.4166666667,0.75,,73.0,0.30000000000000004,0.30000000000000004,0.4,0.1,3.3864911313,0.4018200794,2.1312716877,-1.0031495476999999,0.5220588235,0.0586036721,2.9998531196,0.2961045021,1.0306349712,-1.5917865296,274.0,6.9,4.8,285.3333333333,2.2511008253,0.34516089899999997,1.1700414609999998,206.1666666667,299.3333333333,3.2226829258999996,0.1987951127,2.2814949769,93.1666666667,10.211038961,2.901033711,0.37945976119999997,2.3537981166999997,-0.7606011176999999,4.0,5.0,1.0,1.0,2.0,67,-0.1362089803,0.1067124273,0.8408643851000001,0.2768206291,1.8649346700999998,-0.372907981,-0.6358589695,4.7,1.7777777778,3.7777777778,2.8,1938.1633333332998,17,6,3200.8333333333003,0.0085611323,-0.1278333715,2.8,1.5454545455000002,3.6666666667,2.2857142857,1.1666666667,0.2029703005,0.3563298782
s408,0.6192416792000001,0.2921048121,1.2019968286,1.3,25.0384615385,0.1333333333,625,11.666666666700001,0.4,200,-0.5584997745,-0.263951186,2.801511135,0.3395026465,1.8312994415,-1.0493776391,0.0026006826,0.0299233398,0.0174160156,5.533333333300001,4.2142857143,5.2,1.5,2.5,3.4,4.0,30,3.0023924697,0.24683760789999998,1.5618299031,0.6666666667000001,0.33333333330000003,7.541666666699999,-0.0208333333,1,-0.0001666667,-2.4583333333,7.333333333300001,-0.05,1.0,0.0006666667,-2.6666666667000003,1.8333333333,1.4545454544999998,0.1439006481,0.7749126956,9.2,10.6,1.5474957127000002,0.4937948519,2.0980541237,-0.6865953579,0.4722222222,1.5,2.0,1.0,4.0,3.3333333332999997,6.0,6.333333333300001,6.166666666699999,5.3333333333,3.0,1.5,1.0,2.0,1.3333333333,3.3333333332999997,-2.8724104577999996,0.3309080017,-0.2282999586,3.5248410059,2.2870152294999997,0.2799368403,1.1993777513,0.0,22.2222222222,25.925925925900003,1.8333333333,2.75,4.0,2.25,3.875,2.1428571429,2.25,36,-0.6331575077,2.7534345291,14,176.0,9,1.6875,1.2,0.6083211422,0.0007580338,0.8065824509,0.0011352097,0.6388888889000001,0.0015811388,0.009797959,0.009797959,1,-0.7227670062999999,0.8308135529,0.4757070675,1.9401830491999998,-0.1881123333,4.5333333333,,,,,,,34,,,0.5400150787,3,1.5982909086,0.48204281039999997,1.9185114153,-0.5523961742,0.0833333333,0.25,0.33333333330000003,0.0833333333,51.0,0.2,0.4,0.6000000000000001,0.2,2.6874348658,0.4230338599,1.7997410574000001,-1.252358617,0.5319693095,0.0783657497,2.5335243855000003,0.30677831629999996,1.4200071618999999,-1.2000837815,337.0,6.5,4.9,,,,,374.5833333333,296.6666666667,2.6643861755000002,0.0243091021,2.7871896780000003,-77.9166666667,-36.5327764153,1.9682220038,0.26958799920000004,1.9502643679,-0.8500764344,5.0,1.5,1.0,4.5,2.5,59,-0.36545965630000005,-0.048850759699999996,1.4738810821,0.32451939,1.479389076,-0.33812456049999995,-0.7512729367000001,4.2,2.4444444444,3.5555555556,3.2,4465.3888888889005,4,5,4714.0,0.9106947464,-0.340926587,2.9,2.6363636364,3.4166666667000003,1.0,2.25,0.9133156862,0.2467773976
s409,1.6570096859,0.2644199492,1.6952871957,2.75,16.8695652174,0.23333333329999997,369,13.9230769231,0.1333333333,345,-0.2621553833,-2.502173563,2.6359960675,0.39959150299999996,1.500483926,-0.8754921687999999,0.0292319012,0.0958452148,0.15131933590000002,3.4666666667,2.8928571429,4.2333333333,2.75,2.25,3.0,3.4285714286,57,3.8647140712,0.2842145265,1.4329093603999998,0.8333333333,0.1666666667,2.2083333333,0.0958333333,3,-0.0075000000000000015,-1.0416666667,4.0416666667,0.0545303408,3.0,-0.003514547,-0.6172069825000001,1.0,1.0,-0.0705329912,0.5551628988,8.4,6.4,2.2391519691,0.4298617366,2.1398147469,0.4700103747,0.2777777778,1.8333333333,2.1666666667,1.1666666667,1.3333333333,3.3333333332999997,4.6666666667,5.3333333333,5.0,6.166666666699999,2.8333333332999997,1.6666666666999999,2.3333333333,1.8333333333,1.0,4.8333333333,-2.2548088151,-0.854530993,-0.5629734621,4.194188013,2.9159935731999997,0.2294104199,2.648732185,50.0,33.3333333333,29.6296296296,4.6666666667,2.75,3.875,4.0,4.125,2.5714285714000003,2.5,40,-1.1195720593,3.7262636324,29,147.0,8,1.0,1.1333333333,0.7225572586,0.0011932080999999999,1.0,0.0013864686999999999,0.6111111111,0.0038729833,0.009797959,0.009797959,2,-1.4540068144999998,1.6482905247,0.5137418508,1.9673747666,-0.13090327840000002,4.7333333333,242.5,3.4470913097,0.2061447567,2.9743179006,-6.0,242.5,47,3.6714956565,-4.0303194251,0.5647509022,12,2.3071333515,0.5340737296,1.9145978044999998,-0.4106412832,0.75,0.6666666667000001,0.5833333333,0.9166666667,118.0,0.0,0.2,0.30000000000000004,0.1,3.0503265897000005,0.3754963171,2.312084165,-1.42208583,0.5492610836999999,0.0698389938,2.7940682631000002,0.2883825302,1.3613077975,-1.2462657921,329.5,6.9,5.7,238.3333333333,4.3170624117,0.4824449536,2.9757929600999997,247.1666666667,228.1666666667,3.3776406168,0.3637358753,2.1493321617,-19.0,94.57813140450001,1.8389040052,0.33968338400000003,2.1126146942,-1.1602082864,6.0,5.5,3.5,2.0,5.0,41,-0.7174146748000001,-0.8385980791000001,1.6205237776,0.3615874177,1.9086744921,0.0344904969,0.285414404,3.4,2.7777777778,2.3333333333,2.2666666667,2304.3296296296,4,6,3800.1666666666997,-0.100521239,-0.7985076962000001,2.0,2.0,2.0833333333,2.0,2.0,0.15610668660000002,0.48247741909999997
s411,1.4270792078,0.011753701699999999,2.7309392764,2.7,48.1578947368,0.3666666667,878,31.8571428571,0.5333333333,416,-0.4022251804,-0.7898129401999999,4.9486136729000005,0.3173284461,3.0847990189,-1.2589031234999999,0.0005216656,0.0016459198,0.006865234400000001,2.7333333332999996,2.9285714286,3.3333333332999997,1.75,2.0,3.0,2.4285714286,55,4.6200552291,0.2611852294,2.2218636495,1.0,0.0,9.4166666667,0.0666666667,1,-0.0043333333000000005,-2.75,12.833333333299999,0.1906827881,3.0,-0.008352773800000001,-4.5881934566,1.0,1.0909090909,-0.0047912829999999995,1.1517239603,8.1,7.4,1.8528467765,0.4630115104,1.9178590706,-0.0534372561,0.22222222219999999,1.6666666666999999,2.6666666667000003,1.6666666666999999,4.3333333333,3.6666666667,5.3333333333,6.166666666699999,5.666666666699999,5.0,3.6666666667,1.6666666666999999,2.0,2.1666666667,1.3333333333,4.0,-2.0426499251,0.27804792640000003,-0.1448413667,3.3579238220999996,2.2986747575999997,0.1746849311,1.7946024770000002,38.8888888889,0.0,14.8148148148,5.666666666699999,4.0,4.875,3.875,3.5,3.1428571429,2.625,39,-0.8075379761,4.3503317988,32,283.0,7,1.0,1.2,0.8131072998000001,0.0017473117,0.9969726562,0.0022553843,0.6666666667000001,0.0015811388,0.0015811388,0.0038729833,3,-0.6652210316,2.0026385312,0.39364445840000006,2.2591526329,-0.6190486050999999,5.3333333333,259.3333333333,2.6460598907,0.2760204502,1.3883095294,-16.0,55.5,46,,,0.6848403713,16,1.7436938473,0.7546290181,1.9775818738,-0.29212896039999997,0.8333333333,0.4166666667,0.6666666667000001,0.9166666667,121.0,0.30000000000000004,0.6000000000000001,0.5,0.4,2.5876410541999997,0.3933949528,1.9235812227000002,-2.0783723424000002,0.5358024691000001,0.0731517854,3.5340520926999996,0.2975568075,1.6757984995,-0.4914460436,328.0,6.2,5.7,229.1666666667,4.3829464713999995,0.31810363610000003,2.1681003568,208.0,243.3333333333,2.4777803994,0.3495254324,1.1242079570999999,35.3333333333,-11.2087655675,2.777886755,0.35709187700000006,2.0235499654,-0.9675578743,6.0,6.0,6.5,6.0,5.5,58,-0.0232984346,-0.39307185,1.8670968537,0.364846648,1.5475529918000002,-0.5999379927,-0.036840412999999995,1.8,3.7777777778,2.3333333333,2.4666666666999997,1932.175,6,9,3711.0,,,1.7000000000000002,1.4545454544999998,1.4166666666999999,1.0,1.6666666666999999,0.6614423449,0.34980564159999994
s420,0.9518642136,0.061393368200000006,2.2440536059,2.25,29.695652173899997,0.23333333329999997,656,10.0,0.23333333329999997,220,-0.5656275515,-0.7592074531999999,3.3324934711000003,0.33681305770000003,2.1495402836,-0.518014972,3.776e-06,0.0010493927,0.0301083984,6.533333333300001,4.8928571429000005,6.033333333300001,3.25,3.75,4.0,3.5714285714000003,18,3.7323115373,0.3164887091,1.3557025930000002,1.0,0.0,7.833333333300001,0.0666666667,1,-0.0046666667000000005,-1.9166666666999999,14.708333333299999,0.031504065000000005,1.0,-0.0012390244,-2.6483739837,1.25,1.1818181818,0.2913645539,0.7438233669000001,9.2,6.9,1.6654828815,0.4415660936,1.9716539687,0.0361484168,0.7222222222,1.0,1.6666666666999999,1.0,4.3333333333,2.8333333332999997,5.0,6.333333333300001,5.833333333300001,4.3333333333,2.1666666667,1.1666666667,1.0,2.6666666667000003,5.3333333333,5.5,-1.2448603227,2.6281751751,0.0,5.320134937200001,3.4121823272000005,0.30223255720000003,1.7123004804000002,66.6666666667,44.4444444444,14.8148148148,5.0,2.5,2.25,1.75,1.875,1.8571428571000002,4.0,39,0.0,5.965407751,20,170.0,9,1.5625,1.6,0.7112888336000001,0.0012869834,0.8643798828,0.0015050557000000002,0.6666666667000001,0.0015811388,0.003935979300000001,0.009797959,2,-1.2098595031,2.0148097883,0.4688630036,1.7986785278,-0.1725300576,3.8,345.6666666667,3.9910645994,0.27403306180000003,1.9633843763999999,9.0,74.0,41,3.7260108862,-3.7666417298000003,0.5764527051,10,1.2845732557,0.4169408285,1.7952256673,-0.424499172,0.0833333333,0.25,,0.25,100.5,0.2,0.4,0.5,0.30000000000000004,,,,,0.44230769229999994,0.043158270199999994,4.0746035582,0.33597844810000005,1.3853498525,-1.0854595158,375.0,5.4,5.0,253.6666666667,3.4100831593,0.39636347689999996,2.3974225724,293.1666666667,278.5,3.2565457029,0.3334148853,1.9789175566,-14.666666666700001,27.1592705167,2.3812651388,0.33535101040000004,1.8509904999000002,-0.7163783881999999,3.0,4.0,2.0,2.5,4.0,41,-0.6361668366000001,-0.9248683143,1.5729651431,0.3636487183,1.4957169794999998,-0.0296403755,0.45883342509999997,4.4,2.3333333333,2.2222222222,3.8,2225.5316666667,-1,9,2729.2083333333,1.2009371455,0.4682660093,2.6,2.0,2.5,2.2857142857,2.75,0.9035151993000001,0.2917111564
s425,1.3562766147,0.30938507789999997,1.6954137841,2.9,23.304347826100003,0.23333333329999997,513,16.5833333333,0.2,380,-0.0139784596,-0.23256082879999998,4.0993614419,0.43304689409999997,1.6819071617,-0.30923604379999997,1.53184e-05,1.38431e-05,3.3386199999999996e-05,5.3333333333,2.9285714286,4.2333333333,2.5,3.5,3.4,3.7142857143,34,4.6081370185,0.35461067539999996,1.5624432496,0.5,0.33333333330000003,9.25,0.2,3,-0.014666666699999999,-3.1666666667000003,8.0,0.2260395365,3.0,-0.0117396046,-1.3203817314,1.0,1.0,0.0328147788,0.9367403986,8.8,5.8,2.9254319948000003,0.413496376,2.2529492323,-0.659107874,0.7777777778,3.0,3.3333333332999997,1.8333333333,2.5,3.6666666667,4.1666666667,3.8333333332999997,5.833333333300001,5.5,3.6666666667,2.6666666667000003,2.1666666667,2.6666666667000003,1.6666666666999999,4.6666666667,-1.2394282457999999,1.0194867898,0.0,5.320134937200001,3.7017541035000003,0.2082728157,2.4303661168,61.111111111099994,55.5555555556,25.925925925900003,4.3333333333,2.0,3.125,4.25,3.75,2.7142857143,4.375,43,-1.1652624446,3.6348828618,19,115.0,4,1.125,1.2,0.7898870468000001,0.0011568534,0.9989257812,0.0012355188,0.6388888889000001,0.0015811388,0.0015811388,0.0015811388,1,-0.4925493849,1.7800009821,0.6436611179999999,2.1067979992,-0.19352223899999998,3.6,240.0,2.7408138863,0.28775655180000004,1.8768152823,18.5,252.0,42,,,0.6205315846,12,2.3351763115,0.566514528,1.634203166,-0.44819545909999997,0.25,0.0833333333,0.0833333333,0.5,113.0,0.2,0.9,0.7000000000000001,0.0,4.1802464977,0.3892654733,2.5945632268,-1.8725994897,0.4702970297,0.08403533369999999,4.6178914856,0.31389842830000003,2.0183683285,-0.4956089332000001,322.0,7.0,5.9,251.5,4.5028539367,0.4077800315,2.9198718327999997,230.3333333333,220.6666666667,3.7777573287,0.3981325778,2.4995441521,-9.6666666667,89.3690922377,4.0485198638,0.3530055275,2.4781353344,-0.7882586170999999,6.0,4.5,2.0,5.5,6.5,53,0.052813624600000005,0.0805753163,1.7087364403999998,0.40799201119999995,1.3229055974,-0.9511389303,-0.3535669684,4.3,4.3333333333,2.8888888889,3.2,2538.7121212121,1,10,4452.25,-21.1062661774,23.214695256,2.1,1.1818181818,2.75,2.1428571429,1.8333333333,0.8712921404999999,0.4169467646
s427,1.3610916956,0.34801302380000004,1.5321201022,2.6,52.3125,0.4666666667,789,27.8421052632,0.3666666667,500,-0.7251026054999999,-1.6091536925999999,3.0565498595999996,0.4287245299,1.3148050531,-0.230091426,0.00018094830000000002,0.0002648382,0.0005079346,4.0,3.2142857143,4.0,3.0,2.0,3.6,2.4285714286,47,4.5080467488,0.231119789,1.8263742042,1.0,0.0,18.5416666667,0.054166666700000005,2,-0.0045000000000000005,-2.0416666667,15.833333333299999,0.0434143353,0.0,-0.0035662651,-0.2646518276,1.0833333333,1.8181818182,0.16791784280000002,0.6798390487,8.4,7.6,2.3358712594999997,0.4597572089,1.8006199192,-0.9176583579,0.8888888889000001,3.0,3.5,2.3333333333,3.5,3.6666666667,5.0,3.6666666667,3.8333333332999997,3.0,2.6666666667000003,1.8333333333,4.0,2.5,3.3333333332999997,3.6666666667,0.4868427271,0.2309280208,-0.9927888592,3.3345572188,2.5638658713,0.2486226268,1.4964360242,66.6666666667,33.3333333333,62.962962963,5.666666666699999,5.25,3.5,3.0,3.0,3.5714285714000003,2.125,42,-1.2890129855,3.38738178,30,178.0,6,1.0,1.2666666667,0.7865528106999999,0.0007102496,0.9581481934,0.0014388031,0.5,0.0006324555,0.0015811388,0.0015811388,5,-1.3260261508,1.7420089926,0.4359172273,1.5927948044,0.03356616,3.9333333333,341.6666666667,2.4059253365,0.3270900337,1.2623215799,23.0,24.5,46,19.0665720009,-9.954389795800001,0.44064295700000006,14,1.9383643769,0.5577931686000001,2.1663324025999997,-0.3407239575,1.0,0.33333333330000003,0.9166666667,0.8333333333,125.0,0.1,0.7000000000000001,0.4,0.4,2.159139147,0.4356030104,2.2904858734,-2.4232490504,0.5660847880000001,0.1020058615,3.3511797341000005,0.3034771985,1.1989904133,-1.8275787391999998,283.0,5.9,5.8,352.5,2.8918566477999996,0.31145282150000003,1.3581796751,218.8333333333,286.3333333333,2.5058941168,0.2902988056,1.1849454126999999,67.5,101.9436129481,2.3667368586,0.36773966469999997,1.5448171287999999,-1.6487740946,5.5,6.0,6.0,5.0,3.5,36,-0.3145772304,0.24097393109999998,1.8830397093,0.3306017357,1.8199646202000002,-0.142413911,-0.6237139123000001,2.3,3.7777777778,2.1111111111,2.6,2188.395,0,8,4235.1818181818,-0.4334611446,0.2588616339,1.7000000000000002,1.9090909091,2.0833333333,1.9285714286,2.25,0.8524613581,0.6024930231
s429,0.9566791037,0.09832012789999998,1.5012514169,1.6,16.888888888900002,0.1,406,27.681818181799997,0.2666666667,578,-0.4935041637,-1.2931783727,2.454677812,0.31139952670000004,1.5266577063,-0.324629665,0.0014353030000000002,0.0324077148,0.09387402339999999,3.5333333333,2.5714285714000003,2.4,3.5,3.0,4.0,3.1428571429,55,2.3446716855000003,0.2447818112,1.0626985787999998,0.0,0.8333333333,19.375,0.0208333333,0,-0.0008333333,-0.625,18.5416666667,-0.13529411759999999,1.0,-0.0025980392,-0.48284313729999995,1.0,1.5454545455000002,-0.0018621123999999999,0.6877310525,6.5,6.9,1.7822854509000001,0.4074608916,2.1833566527,-0.18647587420000003,0.027777777799999997,2.3333333333,5.0,1.6666666666999999,4.6666666667,3.5,4.8333333333,6.166666666699999,5.3333333333,4.6666666667,5.0,3.0,5.0,5.1666666667,5.1666666667,5.5,-5.095815873,-3.0439894202999995,0.6290409232999999,4.0620530907,2.3325760024,0.21753303289999998,1.3871313709,5.5555555556,88.8888888889,55.5555555556,5.833333333300001,5.0,4.875,3.625,2.125,4.4285714286,5.0,60,-0.30240432,0.8200774248,31,190.0,1,1.0,1.8666666666999998,,,,,,0.0256124969,0.06403124240000001,0.06403124240000001,1,-1.1701052067,2.0101557768,0.3313969355,1.370237813,-0.203210107,5.9333333333,260.5,2.2363800859,0.2764072655,0.978144307,47.0,48.5,45,4.2009831025999995,-4.2406786248,0.3756484354,12,1.0813398957,0.5534733397,2.1407954863,-0.0460839071,0.9166666667,1.0,0.9166666667,0.8333333333,137.0,0.30000000000000004,0.9,0.7000000000000001,1.0,2.6642061045,0.3594678557,1.7024464938,-1.8160518763999998,0.47236180899999997,0.0087239291,3.0777366093,0.2682554325,1.0787010275,-2.3072458384,274.5,5.5,4.0,205.5,3.7381821755,0.3168322228,2.4464241839,218.3333333333,181.0,2.251296698,0.33080169649999996,1.3649676336,-37.3333333333,142.5431080504,2.5471257131000002,0.2725312179,1.5472665602000002,-0.0424304896,4.5,6.5,6.5,4.0,5.0,32,-0.4177638178,-0.2207248006,1.0079993097,0.0635111084,2.406330768,-0.27126331870000003,0.345106054,4.1,4.3333333333,2.7777777778,3.4,2710.2981481481,1,5,6409.458333333299,0.5412162575,1.4759065197999999,1.0,1.0,1.4166666666999999,1.5,3.8333333332999997,0.6865096276,0.3257203909
s430,1.1563318025,0.1998343268,1.6916910024,2.3,29.090909090900002,0.2666666667,610,19.347826087,0.23333333329999997,430,-0.5205477304,-1.1224343709,2.4709468056,0.3591090953,1.7260676858000001,-1.0811412713,0.0013225796,1.0375527344,0.1290253906,3.6,3.3214285714000003,4.2666666667,3.0,2.25,3.4,3.4285714286,48,2.6918766904,0.266930206,1.4453863531,0.1666666667,0.6666666667000001,8.0,0.0666666667,1,-0.002,-2.75,16.1666666667,0.09080049009999999,1.0,-0.0021686747,-4.6101694915,1.0,1.0,0.3154680378,0.505265285,7.9,6.3,0.8023446779000001,0.3894561994,2.2313045125,-0.1730980557,0.19444444440000003,1.0,2.3333333333,1.1666666667,1.6666666666999999,3.5,5.833333333300001,5.833333333300001,5.666666666699999,4.5,3.3333333332999997,1.3333333333,1.6666666666999999,1.8333333333,2.8333333332999997,3.8333333332999997,-0.0418265034,-3.9335180026999996,,,1.3938243174,0.3549874095,1.2077386775,33.3333333333,0.0,29.6296296296,5.0,4.75,4.125,3.625,4.125,3.2857142857,2.5,50,-1.2083775268,3.5486526974,30,117.0,5,1.125,1.0666666667,0.7857666016,0.0016728677,0.999609375,0.0018542194,0.6666666667000001,0.1265219767,0.0256124969,0.06403124240000001,2,-0.7804923224,1.4620672502,0.4167379149,2.0803191387999997,-0.5538962708,6.0,491.6666666667,2.1658111775,0.3431661556,1.5922696119,-21.0,-22.5,45,,,0.6430235714,5,1.1696422464,0.5717535471999999,2.3630244987,0.1964612893,0.33333333330000003,0.9166666667,0.5833333333,0.8333333333,123.0,0.2,0.1,0.4,0.1,1.9560441416999998,0.4049363124,1.9922847691,-2.208441845,0.4296875,0.036936743,1.2814790781999998,0.304209077,1.3681774659,-0.8416686098,364.5,4.7,4.2,259.6666666667,2.2763670189,0.020066389,3.453126278,347.6666666667,323.1666666667,2.004786447,0.35979568980000004,1.4309233038999998,-24.5,-16.0906084656,2.1941546328,0.3458409744,2.1683196074,-0.3552316917,6.0,6.0,6.0,2.5,3.5,43,-0.6143136551,0.2365408437,1.2553167963,0.2448904368,1.9104572793,0.6348487039999999,-0.4088761104,2.5,4.5555555556,2.2222222222,3.0,2155.2894179894,14,2,3330.5833333333003,0.7696120669000001,-0.8649974375,1.3,1.4545454544999998,1.8333333333,1.2142857143,1.6666666666999999,0.8174712713000001,0.3280157393
s434,0.9211002021,0.5814191806,1.3397550597,1.8,37.0,0.33333333330000003,695,24.1666666667,0.4,410,-0.9124862816,-0.9665713529,3.8070078258,0.3099042647,2.4825094466,-1.4569876245,0.0001166017,0.000978241,0.028264648399999998,2.8666666667,3.75,3.8,2.0,2.5,3.2,3.2857142857,52,5.9852644741,0.3032153146,1.7679314240000001,0.8333333333,0.1666666667,13.958333333299999,-0.0208333333,2,-0.005833333299999999,-3.125,29.869565217399998,2.9143354399999997e-16,2.0,-1.110223025e-16,-1.0,1.0833333333,1.0909090909,0.1273562125,0.3435296565,7.3,6.2,2.3924093841,0.4880031358,1.9363400692,-0.18798005969999998,0.1666666667,3.3333333332999997,3.0,2.3333333333,3.1666666667000003,4.5,5.1666666667,5.666666666699999,4.8333333333,4.8333333333,2.5,2.0,2.0,3.0,2.0,5.666666666699999,-3.2574351719,-0.7333441279,0.0,5.320134937200001,4.179190748,0.1593848705,2.7427780763,50.0,55.5555555556,33.3333333333,5.1666666667,3.0,4.0,4.0,3.5,3.5714285714000003,3.375,49,-0.5402436899,4.8849203713,33,172.0,8,1.0,1.2666666667,0.8313476562000001,0.0016363106,1.0,0.0015258532,0.6388888889000001,0.009797959,0.009797959,0.0256124969,2,-0.9573542065999999,1.4813078351,0.6348912849,1.6927961315000002,-0.5773949087,4.2666666667,316.5,3.2065997881,0.34264651170000004,1.6546810347999998,-14.0,70.5,48,6.8145159266999995,-1.801373757,0.4189574061,10,1.9649178618,0.6516809283,1.7644991521000002,0.1546954989,,1.0,0.5833333333,0.9166666667,130.0,0.0,0.2,0.4,0.4,3.6296071667,0.4555794480000001,1.7804024699,-1.8517899493,0.5085995086,0.0791837974,3.308584609,0.2535057701,1.8942059155,-0.1751820214,326.0,5.3,4.9,280.5,4.4318464223000005,0.3123621874,1.8462479389,245.1666666667,286.3333333333,3.3213153989,0.33963578780000003,1.4571860622,41.1666666667,48.106508875699994,2.1005565021,0.32848481300000004,1.8110220776,-0.8965260281,6.0,6.0,5.0,3.5,5.5,36,-1.1999615467,-0.2532162515,2.1778374776,0.3328854418,2.093389759,0.3633805149,-0.3334217607,3.1,3.2222222222,2.3333333333,2.5333333333000003,2194.5583333332997,1,7,4624.6666666667,23.1327398637,1.1895840669,1.1,1.3636363636000002,1.4166666666999999,1.0714285714,2.0833333333,0.6682028853,0.42209625869999995
s441,0.6071494213,0.010937835,1.9010018762,1.55,29.35,0.33333333330000003,560,24.705882352899998,0.43333333329999996,391,-0.4264888681,-1.0812352756,3.442707225,0.3851555691,1.9181354522999998,-1.0013144038,0.000299325,0.0006684933,0.0039775391,5.9333333333,5.3571428570999995,5.1,3.75,4.0,4.0,3.0,24,3.4337765933999997,0.3438762842,1.7650589181,0.1666666667,0.6666666667000001,10.0,2.0816681709999999e-16,0,2.6020852140000003e-18,-1.110223025e-16,13.166666666700001,-0.0170212766,1.0,0.00017021280000000002,-4.4964539007,1.0833333333,2.0,-0.1576093857,0.7442672490000001,6.7,5.5,1.910151989,0.4285380706,2.264375363,0.0714020717,0.22222222219999999,2.1666666667,1.6666666666999999,1.6666666666999999,3.1666666667000003,3.8333333332999997,4.1666666667,4.6666666667,3.0,3.1666666667000003,1.5,1.5,2.0,3.6666666667,3.0,6.666666666699999,-2.6683150044999997,-2.2992362779,0.1954308362,4.9292732649,2.4123833807,0.35778659100000004,1.6580914384999998,38.8888888889,11.1111111111,33.3333333333,5.0,4.75,2.875,4.625,3.375,3.4285714286,4.0,50,-0.9437793146,3.5708010963,16,179.0,5,1.6875,1.7333333333,0.7985671997,0.0017424482999999998,0.988671875,0.0016435172,0.44444444439999997,0.0038729833,0.009797959,0.0256124969,1,-1.204456196,0.7364682220000001,0.0241319054,2.1890930654,-0.49520992729999996,3.8,372.3333333333,2.3050722593,0.3402691107,1.7923175483000002,43.0,60.5,42,,,0.7661515078000001,11,1.640012558,0.4893903081,2.4073926742,-0.708036477,0.6666666667000001,0.1666666667,1.0,0.5833333333,113.5,0.1,0.6000000000000001,0.7000000000000001,0.7000000000000001,2.3796327877000003,0.46891718509999997,1.8328034272,-0.3729983013,0.33333333330000003,0.0166330672,3.5607771952999996,0.2552515544,1.5914508817000002,-0.7512733726999999,325.0,5.1,5.5,330.3333333333,2.9946511043,0.0087598443,4.4206017199000005,269.8333333333,367.8333333333,2.5578739222,0.3394902389,1.7544891580000002,98.0,51.7946169772,2.8625162485000004,0.3365859711,2.8178508124,-0.9858747963,4.0,3.5,6.0,1.5,7.0,55,0.22981068899999998,0.2312762576,1.6201747776,0.2631034816,2.1225975339,-0.4971711314,-0.5666380193,4.8,2.7777777778,3.2222222222,3.3333333332999997,2517.875,-5,8,5299.0,-0.11143703140000001,0.0200407509,2.4,2.0,3.4166666667000003,3.1428571429,2.5833333333,0.2099747325,0.1588319678
s446,1.4736352887000002,0.3182288627,1.4319889234,2.85,28.25,0.6000000000000001,309,35.2380952381,0.30000000000000004,680,-0.6375157579,-0.1305693288,4.3673223529000005,0.3146530805,2.867083773,-0.6283107246,0.000220344,0.009334137,0.0175771484,2.7333333332999996,3.1785714286,3.2666666667000004,2.0,2.25,2.0,3.7142857143,49,4.4150898089999995,0.1593465311,2.4302604537,0.6666666667000001,0.1666666667,14.166666666700001,-0.0416666667,2,-0.006666666700000001,-3.3333333332999997,10.5833333333,0.0371428571,2.0,-0.007942857099999999,-2.7285714286,1.0,1.0909090909,-0.0515205725,0.9573345259,6.1,7.9,1.4491637758000002,0.6165814522999999,1.8575389188999998,-1.0041636637,0.33333333330000003,3.8333333332999997,2.6666666667000003,2.8333333332999997,3.0,3.6666666667,3.6666666667,5.3333333333,4.3333333333,3.6666666667,3.6666666667,3.8333333332999997,2.0,3.6666666667,4.3333333333,4.5,-3.0969236171,-1.0813779043,0.0,5.320134937200001,4.8495233330000005,0.051408543800000005,4.078790064,16.6666666667,0.0,25.925925925900003,4.0,6.25,3.875,2.75,3.25,2.4285714286,3.125,48,-0.5749801717,4.308399382,21,270.0,8,1.0,1.3333333333,0.7371804237,0.0009380799,0.8735153198000001,0.0017186378,0.4722222222,0.009797959,0.0250474647,0.0256124969,4,-0.8150097590000001,1.8108259813,0.4168000731,1.9135069130000002,-0.4297400266,4.5333333333,269.0,3.4790875655,0.31748754300000004,1.4902770399,9.0,68.0,45,11.318298362,-10.129872649500001,0.32805540489999996,18,1.124518101,0.5909143756,2.2310988381,-0.0722601251,,0.5833333333,0.9166666667,0.6666666667000001,124.0,0.4,0.2,0.4,0.6000000000000001,3.190025298,0.39957064929999997,2.114018787,-1.5528456029000002,0.5285359801,0.0328482607,3.7214231985,0.319716106,1.1311727067,-0.5695000894000001,319.5,7.3,6.0,292.5,4.4329550507999995,0.3014135539,1.6696203666,255.0,291.1666666667,3.3514977101,0.31108435019999997,1.5562490977,36.1666666667,-59.155857177799994,3.2461947688999997,0.3994090844,1.5223484978,-1.7124124806,2.0,6.0,4.0,1.0,4.0,59,-0.8047963858,-0.6944950947,2.0575067853,0.38313147909999995,1.6139844170000002,0.7602780218,0.26632573060000003,3.4,2.1111111111,1.3333333333,2.2,1646.6106060606,1,9,3307.8333333333003,,,2.2,1.0909090909,1.5833333333,1.0714285714,2.3333333333,0.3533319467,0.1831966041
s449,1.4254948035,0.3701124692,1.3139837062000002,3.8,53.35,0.33333333330000003,1016,21.4666666667,0.5,296,0.0185170492,-1.2722585697,2.8607064128,0.3632115398,1.5272607231,-1.0952916784,0.0005557255,0.0002720833,0.0142128906,3.4,3.4285714286,4.0666666667,2.75,2.5,2.8,3.7142857143,37,3.5866355305,0.2795942996,1.1368203996,1.0,0.0,4.5,0.05833333330000001,2,-0.0053333333000000005,-1.5,6.5,0.05755943910000001,2.0,-0.0085376956,-1.3529770372,1.0,1.0,-0.059401939699999996,0.794921875,7.8,4.7,1.5747653933,0.47373655049999996,1.7532914684,-0.3973605957,0.5555555556,2.5,3.0,2.3333333333,3.1666666667000003,4.6666666667,3.8333333332999997,4.8333333333,4.5,4.1666666667,3.0,2.1666666667,2.6666666667000003,2.8333333332999997,2.6666666667000003,6.0,-1.9614903578999998,0.371988701,-0.5629734621,4.194188013,2.7306784563999997,0.2396702189,1.4367410462,50.0,100.0,44.4444444444,4.0,3.75,4.0,3.625,2.75,2.2857142857,3.375,34,-1.0705413209999999,3.8243251091,25,246.0,6,1.0625,1.2666666667,0.7666687012000001,0.0017125010999999998,0.9,0.0021133988,0.6666666667000001,0.0015811388,0.009797959,0.009797959,4,-1.6443401025000002,1.9074474078,0.3054339808,1.6811133478,-0.160240185,3.4666666667,260.3333333333,2.4573522345,0.2486956935,1.7899013075,11.0,237.0,45,,,0.3918505786,15,1.7044938619999999,0.4999443525,1.9712220601,0.4153813924,0.8333333333,0.1666666667,0.8333333333,0.75,107.5,0.2,0.8,0.5,0.30000000000000004,2.9467506961,0.37276347509999996,1.6015371836,-1.5528680846,0.3449131514,0.07129320410000001,2.8545358041,0.2534072182,1.8595266949,-0.8468796930000001,321.0,5.8,5.0,240.5,3.781024129,0.2413820721,4.2972397949,234.5,234.6666666667,3.0471146318,0.3624689443,1.567006573,0.1666666667,65.8975402758,2.7988251787,0.43190578189999995,1.9802069200999999,-1.2571188848,4.0,6.0,2.5,2.5,5.5,55,-0.20608452649999998,-0.1441050842,1.6264251098,0.3378203638,1.3669296188,-0.3043802865,-0.7459160017,4.1,3.8888888889,3.0,2.2,1597.55,3,9,4259.9166666667,-0.4367176516,1.0340737675,1.8,1.2727272726999999,2.25,1.4285714286000002,2.0,0.8238883472,0.5082991130000001
s450,1.5631471075,0.3291571286,1.5892154316999998,3.15,31.9583333333,0.2,742,25.9545454545,0.2666666667,541,-0.131143758,-0.7773116843000001,5.421560775700001,0.41254272840000006,2.3050488658000003,-0.1991273806,0.010512208899999998,2.3063798828,0.2560898438,3.8666666667,2.75,4.0,3.0,2.75,3.8,3.5714285714000003,46,4.29459929,0.25825544,1.2608422404,0.8333333333,0.0,6.041666666699999,-0.0625,2,-0.0081666667,-2.7083333332999997,6.166666666699999,0.0079764903,2.0,-0.0080142737,-0.9363979848999999,1.0,1.4545454544999998,-0.1374406363,0.9550444665,7.2,6.8,2.1388299216,0.5237129336999999,2.2838523987,-0.6775031539,0.0,1.5,3.0,1.1666666667,2.1666666667,4.0,5.1666666667,6.0,6.333333333300001,5.5,5.0,1.6666666666999999,2.5,1.5,3.0,4.8333333333,-0.5098052644000001,6.1706788876,0.1910395678,4.9380558016,2.9526818624,0.19732990600000003,1.2323631590000002,27.7777777778,66.6666666667,40.740740740700005,5.0,2.25,4.25,3.625,3.25,2.7142857143,2.625,34,-0.8075379761,4.3503317988,30,148.0,8,1.0625,1.5333333333,0.888521862,0.0017309969,1.0,0.0018450159,0.7222222222,0.06403124240000001,0.06403124240000001,0.158113883,2,-0.7695608220000001,1.7685948008,0.3863943371,1.9701619549,-0.125599559,4.3333333333,357.0,3.1214003797000003,0.31912835300000003,1.5639007532,70.0,115.0,46,-15.597905351700001,21.3971561364,0.4424708494,16,1.4464825435,0.6065867042,1.8093869436,0.0213844844,0.9166666667,0.4166666667,0.75,0.8333333333,119.0,0.4,0.2,0.7000000000000001,0.7000000000000001,2.7520720426999996,0.4314535522,2.4910645341,-1.4697746682,0.5481481481,0.054713459299999996,3.7739741098,0.28522296010000003,1.2270735587000001,-0.6596216396,310.0,7.3,7.2,291.0,3.1918284172000004,0.3446958558,1.5829711804,284.8333333333,307.6666666667,3.4097513707,0.34391053320000003,1.5907576133,22.8333333333,-28.5246717627,2.562292872,0.3383693075,2.3238654736,-0.7287587906,4.0,6.0,3.5,2.0,5.5,50,-0.8844056187999999,-0.071837514,1.752755918,0.3635808492,1.7501742944999998,0.5350309195,-0.2014099451,4.4,4.0,1.8888888889,3.0,1531.8466666667002,9,8,3743.4166666666997,1.3862943611,-0.2513144283,1.7000000000000002,1.4545454544999998,2.4166666667,1.7857142857,2.9166666667000003,0.8126815854,0.3929136181
s451,1.1065864629,0.0964769885,1.9605354735,2.15,39.7368421053,0.3666666667,715,20.238095238099998,0.30000000000000004,400,-0.5252210267,-0.9694064909,2.7691753605,0.3866939733,1.6095473404,-0.9221438436,3.02162e-05,0.0017713318,0.0106191406,3.3333333332999997,2.7857142857,2.9,1.75,1.75,2.8,3.4285714286,53,5.2344480944,0.307094586,1.9353027153,0.8333333333,0.0,13.958333333299999,0.0625,1,-0.0028333333,-2.625,15.541666666700001,0.010476190500000001,1.0,-0.00015238100000000002,-3.9380952381,1.0,1.1818181818,-0.1580180448,0.7129976662999999,7.4,8.3,3.009522243,0.49020403079999997,2.1294123028,-0.6103215304,0.8055555556,2.0,2.3333333333,1.1666666667,1.0,5.5,3.5,3.3333333332999997,4.5,4.5,2.0,1.8333333333,1.6666666666999999,2.1666666667,1.0,6.0,4.9534261446,5.5654353458,0.0,5.320134937200001,3.4097517122000003,0.2197027938,3.4817177148000003,33.3333333333,11.1111111111,3.7037037037,5.1666666667,2.25,4.125,4.875,4.5,2.8571428571,4.0,40,-0.8893284576999999,4.1867508355,35,238.0,8,1.0625,1.0666666667,0.7293655396000001,0.0010473463,1.0,0.0010621789,0.6388888889000001,0.0015811388,0.0015811388,0.009797959,3,-0.9768183184,1.9949186491,0.4618898368,1.529903557,-0.6999635630000001,5.0,348.1666666667,3.3023233102000003,0.35371119079999996,2.208049618,6.5,99.0,46,-4.1590127806,11.566940189,0.6377633009,15,2.0372789435,0.46996575079999997,1.7279936615,-0.6218697208,0.75,0.8333333333,1.0,0.9166666667,133.5,0.1,0.30000000000000004,0.7000000000000001,0.0,4.0091161280000005,0.4766416303,2.2012315811,-1.0342824689,0.4362745098,0.08392892269999999,3.2899364527999997,0.31520591940000003,1.4051683031,-0.4208237491,337.0,4.9,6.1,320.3333333333,3.1566038554,0.1718756914,4.6933817851,302.1666666667,263.6666666667,3.4619599862,0.3331767765,2.3734197051,-38.5,28.350775009499998,2.5026663739,0.31571105380000003,1.9329152097,-0.835850685,6.0,6.0,6.5,2.5,6.0,27,-0.06886790200000001,-0.8474983804,2.4880207093,0.42173980299999997,2.1112316192,-0.33242759180000003,0.5599928825,1.8,3.2222222222,1.0,2.0,2855.9555555556,2,6,4804.6363636364,2.0951879931999997,0.2054439742,1.3,1.6363636363999998,1.5,1.0,1.0833333333,0.51847973,0.176661702
s453,1.3239074058,0.15227663619999998,2.1168462287,2.35,39.0909090909,0.2666666667,820,30.526315789499996,0.3666666667,570,-0.19670678379999998,-1.0377641837,3.1199198623,0.4674803385,1.9513332652,-0.18458541579999999,0.1484696896,0.0704035645,0.2560898438,3.4666666667,3.8928571429,4.7333333333,3.25,3.5,3.8,1.1428571429,46,3.8190448361000002,0.33472438649999997,1.6912767293000002,0.33333333330000003,0.0,10.0,2.7755575619999997e-16,1,-6.938893904000001e-18,4.440892099e-16,24.2083333333,-0.1130550622,0.0,-0.0026394315999999996,-0.9915630551,1.25,1.5454545455000002,-0.24045093469999998,0.3458355135,8.9,8.9,1.5536897985,0.4426622054,2.0624314403,-0.055457882900000005,0.055555555599999994,1.0,3.8333333332999997,1.8333333333,3.1666666667000003,3.6666666667,5.1666666667,6.0,2.0,3.6666666667,1.8333333333,1.3333333333,2.1666666667,3.8333333332999997,2.6666666667000003,4.0,-1.0137254269,-0.5648653893000001,-0.5720779213,2.493135343,1.9669006631,0.26920420700000003,1.4867834305,61.111111111099994,22.2222222222,25.925925925900003,4.6666666667,3.0,3.5,3.0,4.0,3.2857142857,2.875,51,-0.8742787237,3.2356769612000003,27,113.0,10,1.0625,1.7333333333,0.7586198807000001,0.0009973241,1.0,0.0016370173999999999,0.4722222222,0.06403124240000001,0.06403124240000001,0.06403124240000001,2,-2.1807618064,1.5904548266,0.48539579409999994,1.4404822303,-0.0195789731,4.0666666667,,,,,,,40,-5.2974742799,6.0056123623,0.6477011979999999,6,1.06541616,0.6031331178,2.0217232766,-0.2159400211,0.6666666667000001,0.5,,1.0,111.0,0.5,0.8,0.6000000000000001,0.9,2.8495333615,0.42887356020000006,1.7616590372999998,-1.5918139178,0.4154228856,0.0534652054,3.2641286715,0.33201187039999996,1.4465977186,-0.2233624153,380.0,5.9,4.9,485.5,1.8068188114,0.3440887076,1.2524734573,237.1666666667,309.8333333333,3.4644848594,0.3624680351,1.6910473254,72.6666666667,64.1228822005,2.1824484209,0.4937459706,1.7813830759,-1.6174707051,5.5,6.0,6.5,2.5,6.0,38,-0.2936180122,-0.23584184449999998,0.7420043566000001,0.239011566,1.8356768735,-0.5726742849,-0.42982056009999997,4.0,3.5555555556,2.7777777778,3.0,1612.4242424242002,2,11,5918.083333333299,0.5165984029,0.4054651081,1.8,1.8181818182,1.25,1.2142857143,2.9166666667000003,0.9166965387,0.1534768705
s456,0.6767608906999999,0.0229483208,1.5493072755000001,1.3,25.0,0.30000000000000004,500,26.5789473684,0.3666666667,475,-0.0672151374,-1.0495009752,4.0197866212,0.3823741474,2.3080426539,-1.1878644658,0.0016009205,0.002521286,0.0014824219,4.1333333332999995,4.3214285714,4.8333333333,3.25,3.25,3.4,2.1428571429,39,2.0143221361,0.2613476428,1.3000928844,0.6666666667000001,0.1666666667,19.2916666667,0.2291666667,2,-0.0148333333,-7.125,6.416666666699999,-0.0016949153,0.0,-0.0024096385999999997,-0.2838472534,1.3333333333,1.2727272726999999,0.0290088098,0.5355575654,6.7,7.0,,,,,0.2777777778,2.6666666667000003,4.1666666667,2.1666666667,4.3333333333,3.1666666667000003,5.0,4.3333333333,5.5,4.6666666667,2.6666666667000003,2.5,4.1666666667,2.0,4.5,4.1666666667,,,,,,,,72.2222222222,66.6666666667,55.5555555556,4.3333333333,6.0,2.625,3.5,3.0,4.0,4.0,54,-1.2890129855,3.38738178,24,113.0,9,1.625,1.6666666666999999,0.7262480736,0.0007537971000000001,0.7526407838,0.0008973645000000002,0.4722222222,0.009797959,0.06403124240000001,0.158113883,6,-1.1485774381,1.5235424861000002,0.4642104561,1.4234209034,-0.5419091247,4.1333333332999995,251.6666666667,2.1544352213,0.23799791469999998,1.516013013,-16.5,125.5,43,,,0.45057689729999995,10,1.3565913622,0.5262364196,2.1359268999000003,-0.6483607779,0.25,0.5833333333,0.8333333333,0.5,118.0,0.4,0.6000000000000001,0.6000000000000001,0.9,1.8680710659,0.4442189417,1.8411453107,-0.4485020057,0.4746192893,0.10191747710000001,1.68029032,0.2385177378,1.5498478062,-0.6521440453,335.0,5.7,5.1,312.8333333333,2.8008622531,0.30099474519999997,1.7468976517,214.8333333333,249.0,1.9005155771,0.2196577228,1.8347716382,34.1666666667,178.472783738,2.1344152287,0.3761543878,1.9274721844,-0.6726982077,5.5,5.5,6.0,3.5,6.5,47,-0.4397840203,-0.5132971814,1.2244646959,0.3736777214,1.6764240627000002,-0.0536491637,0.32798929190000004,2.6,3.6666666667,3.0,3.8666666667,3664.1520833333,2,7,4006.6666666666997,,,1.1,1.5454545455000002,1.5,1.7142857143,3.5,0.8060803131000001,0.3561214143
s459,1.0086109404,0.25950692870000003,1.6248458609,1.95,6.2692307692,0.1333333333,158,5.1785714286,0.0666666667,140,-0.6636266660000001,-1.2950534187,3.1761218223000003,0.3142684025,2.2147448559000003,-0.6419806162,0.0074909089,0.0111574707,0.1528662109,5.666666666699999,5.2142857143,5.1333333332999995,2.5,2.25,3.6,3.4285714286,26,2.9816160656,0.2996001914,1.4434917875,0.6666666667000001,0.33333333330000003,12.333333333299999,-0.0166666667,1,-0.001,-3.75,8.7916666667,0.0587697423,0.0,-0.0014139651,-0.7406483790999999,1.3333333333,1.6363636363999998,-0.17879878219999998,0.5867699972,7.8,7.0,1.6423315928000002,0.5049092363000001,1.7127909288999998,-0.1527352854,0.0,2.3333333333,4.3333333333,2.1666666667,3.0,4.3333333333,4.5,3.5,4.3333333333,5.1666666667,2.3333333333,2.6666666667000003,2.1666666667,3.0,1.6666666666999999,5.833333333300001,-0.0035577524,-0.7321171219,-0.7848481348999999,2.4311508684,2.1134887259,0.30705758969999997,1.6424057133,27.7777777778,100.0,62.962962963,4.8333333333,1.5,2.875,4.5,3.25,2.2857142857,2.75,48,-1.3273158840000001,3.310775983,17,123.0,5,1.1875,1.2,0.7500877380000001,0.0016015729,0.7776842117,0.0014468801999999998,0.5833333333,0.06403124240000001,0.06403124240000001,0.06403124240000001,2,-1.3736373378,1.6874701709000002,0.33686029799999995,1.9559826634,0.1550357082,4.2666666667,312.6666666667,2.7549854455,0.2802856246,1.4140009181,48.5,85.0,43,2.2389600125999998,3.3358788511,0.5782953093000001,12,1.1999847858,0.5621147127,1.4380507429,-0.6367603682,0.8333333333,0.1666666667,0.8333333333,0.25,113.0,0.1,0.6000000000000001,0.30000000000000004,0.0,2.2556292749,0.3525523414,2.2359004878,-1.455260391,0.5098522167,0.0640730763,2.674361298,0.296148206,1.2912364222,-0.5579043610000001,327.0,6.3,7.9,324.3333333333,2.8016059342000004,0.31569060179999997,1.3739878406000001,243.0,254.6666666667,2.9470845557999996,0.3163963602,1.5861698012999998,11.666666666700001,5.1707858517,1.9476502381,0.37640475729999995,1.6385291302,-2.1582562472999998,6.5,2.5,5.5,6.0,5.0,56,-0.853023297,-0.1971992067,1.5424096128,0.3847378697,1.4440139986000002,-0.1922708932,-0.225326018,4.0,2.5555555556,1.5555555556,3.5333333333,2126.7016666667,4,8,4656.4166666667,-0.0430417513,-2.7755575619999997e-16,2.8,2.2727272727,3.3333333332999997,2.2142857143,1.9166666666999999,0.4377562331,0.7594474231999999
s461,0.9445785058,0.21644169010000003,1.4184650102,1.8,18.8461538462,0.1333333333,470,9.318181818200001,0.2666666667,200,-1.0326344549,-0.36156138909999996,5.0121852297,0.42450032509999996,3.2956866197,-0.0926580173,0.0021575573,0.006274719200000001,0.0079033203,5.1333333332999995,3.7857142857,4.3,3.0,3.5,3.6,2.5714285714000003,44,5.6238847365,0.2748011328,2.1257552538,0.5,0.1666666667,7.625,0.0041666667,1,-0.0018333332999999998,-1.875,7.833333333300001,-0.0757683215,2.0,-0.0043687943,-1.9089834515,1.0,1.7272727273,0.1079307456,0.886428372,6.9,6.5,1.6494632058,0.452238244,1.6413467813999998,-0.4938633247,0.75,1.0,3.1666666667000003,1.8333333333,6.333333333300001,5.833333333300001,5.5,5.1666666667,4.5,3.3333333332999997,2.1666666667,1.5,3.1666666667000003,4.1666666667,6.166666666699999,6.666666666699999,-1.7547882943000002,-1.1936552956,-0.7548590440999999,3.8104168489999997,2.7060423693,0.1674154978,2.2930653232,61.111111111099994,33.3333333333,25.925925925900003,6.166666666699999,3.75,3.5,3.875,3.0,3.2857142857,3.5,46,-0.5402436899,4.8849203713,27,153.0,6,1.25,1.9333333333000002,0.7385105133000001,0.0011846006,0.9598880768000001,0.0012976711,0.5833333333,0.0038729833,0.009797959,0.0256124969,4,-0.5536461513000001,0.9719033047,0.5244716574,1.8539872771,-0.6609253451,4.5333333333,392.1666666667,3.966850346,0.28313331210000003,1.8702694767,47.5,32.0,39,-18.1175353574,24.5654662541,0.5854811429,10,1.7238133749000002,0.5626226806,1.560516501,-0.1620606328,0.5833333333,0.5,0.6666666667000001,0.75,120.0,0.30000000000000004,0.8,0.9,1.0,2.4960774373,0.5106824086999999,2.0938995708,-0.2834385124,0.5260545906,0.1134917998,4.9306029938,0.3654473786,2.4609565808,-0.0136865478,291.0,6.2,5.0,304.8333333333,4.0013592979000006,0.34085987840000004,1.6231191969,244.3333333333,242.1666666667,4.2623025885,0.2960722632,2.2137851674,-2.1666666667,8.9477177235,3.2426567972000004,0.5148827372,1.9568434387,-1.9886325515999999,5.5,4.0,5.0,3.0,6.5,37,0.3333821455,-0.4823546904,2.1459287989,0.31298047090000003,2.4241497939,-0.5033810799,0.4304636690000001,2.8,3.3333333332999997,2.1111111111,3.4,2338.3375,15,6,2331.4166666667,-0.1940376502,0.8266785731999999,2.0,2.4545454545,2.5,2.0714285714,3.3333333332999997,0.532143099,0.2399847399
s462,0.718701668,0.0444090846,1.7246212691,1.55,21.125,0.2,487,8.3703703704,0.1,220,,,,,,,7.800649999999999e-05,0.0029641876000000003,0.0241005859,4.6,3.0357142857,5.0,2.5,3.0,3.6,3.7142857143,35,2.4751498822,0.284718093,1.5817499846,0.1666666667,0.33333333330000003,14.5,0.05,1,-0.0043333333000000005,-5.0833333333,16.0833333333,0.0498483316,0.0,8.61476e-05,-1.121536906,1.1666666667,1.1818181818,0.0278288156,0.9562267319,6.3,6.4,0.22006944969999997,0.2139988248,2.1852910309999998,0.1135803213,0.055555555599999994,2.1666666667,2.6666666667000003,3.0,5.0,4.8333333333,4.5,5.3333333333,4.8333333333,4.3333333333,2.8333333332999997,2.3333333333,1.8333333333,3.0,3.3333333332999997,5.3333333333,-0.4675251211,-0.7016535787999999,-0.7148277373,2.5615531184,1.7675562237,0.0291557784,2.4344823884,22.2222222222,100.0,74.0740740741,6.166666666699999,4.25,3.5,3.875,2.875,3.1428571429,2.75,55,-0.915317409,2.6399906271,20,168.0,10,1.1875,1.4666666667,0.6388552904,0.0013530346,0.7451288223,0.001863902,0.5555555556,0.009797959,0.1265219767,0.25,2,,,,,,4.9333333333,,,,,,,42,,,0.8624257218000001,10,0.8129989507000001,0.4302849417,2.2805219743,-0.32632714500000004,0.25,0.5833333333,0.6666666667000001,0.6666666667000001,111.5,0.30000000000000004,0.7000000000000001,0.9,0.8,1.7573600101,0.056222926400000005,2.7665726358,-0.7097488299,0.4162436548,0.07366598320000001,1.5628432204,0.2613582962,1.4425057572,-0.4180641472,306.0,4.8,4.4,256.8333333333,3.3726299254,0.2319811315,4.2891865467,,,,,,,,1.6910483900000002,0.37246771759999997,1.8341119531,-1.3272203041,5.5,5.5,2.5,2.0,5.5,53,-0.026034787700000003,-0.1472450784,0.7888860143,0.152159743,1.8141173552,-0.2553103271,-0.2428583966,3.1,4.1111111111000005,2.7777777778,3.2,2648.8666666667,1,7,4602.5,,,2.0,1.1818181818,3.1666666667000003,1.9285714286,2.9166666667000003,0.6542605562,0.1995555068
s467,1.0295790062999999,0.33488445,1.483782071,2.0,16.2,0.1666666667,387,17.875,0.2,412,-0.5189091035,-0.6487234945,4.0143924883999995,0.4063227251,2.068241186,-1.2219148671,0.15734846500000002,20.8790830078,0.18335546879999998,2.4,3.8214285714,4.9666666667,2.25,2.0,3.0,2.0,54,3.5653482224,0.3404733528,1.3539048102000002,0.0,0.8333333333,12.041666666700001,-0.0291666667,1,0.0031666666999999996,-1.2916666667,7.291666666699999,0.0951041443,2.0,-0.0015069787,-2.028022332,1.0,1.3636363636000002,0.1787792867,0.7385464856,5.6,3.3,2.4294375715000003,0.33278532800000005,2.0346885163,-0.8027052466,0.027777777799999997,1.0,2.6666666667000003,1.0,2.3333333333,3.5,4.8333333333,5.0,5.5,4.6666666667,3.0,1.5,1.0,1.0,2.0,2.1666666667,-2.4126933799,-1.4440962543,-0.5629734621,4.194188013,2.6735080654,0.256542011,2.5535882559000003,22.2222222222,33.3333333333,37.037037037,5.0,4.75,4.25,4.0,4.375,4.0,4.125,45,-0.5402436899,4.8849203713,38,181.0,7,1.0625,1.2,0.6438240050999999,0.0008910011,0.65,0.0017257695000000002,0.5833333333,0.25,0.25,0.25,1,-1.8753332406999998,1.3232250368,0.4365739789,1.5821730653,-0.4318404854,5.8666666667000005,249.8333333333,3.0425950361000003,0.3709224915,1.6156307074,32.5,150.5,47,-3.1941004024,5.1069855326999996,0.42769500950000006,2,1.8319834172999998,0.5561571197,1.9779904484,0.0225415918,0.4166666667,0.5833333333,0.5,0.6666666667000001,140.0,0.2,0.0,0.2,0.4,2.8746240489,0.4358860671,1.6681120896,-2.9085610907,0.4183168317,0.040202439900000005,3.8573708091000003,0.34615175859999997,1.7989300214,-0.6439671399,286.5,5.5,5.4,294.8333333333,1.6859057174,0.412364468,1.5785925686000002,228.8333333333,249.0,3.6565399965,0.4079035758,2.1055708178,20.1666666667,-21.572964034699996,2.8223690884,0.358615185,1.9449675294,-1.3789731980000002,6.5,6.0,6.5,2.0,1.5,36,-0.35085442079999996,0.5731915643000001,0.5565701076,0.0626431694,1.8581748225999999,0.1188239126,-1.1203178383,2.5,4.0,2.3333333333,2.2666666667,3424.3761904762,1,6,5546.0,-0.16158565830000002,1.2527629685,1.9,2.0,2.0,2.0,1.9166666666999999,0.5636077225,0.6444832007
s468,1.1597755109999999,0.2273815926,1.0874612515000002,1.1,39.3333333333,0.30000000000000004,777,25.8823529412,0.43333333329999996,417,0.2133395093,-1.3961549813,2.0875858166,0.34989006580000004,1.4645566789,-0.9164156709000001,4.3599e-06,4.2168e-06,0.0006933594,3.2,3.7142857143,2.8,3.75,2.75,3.4,2.0,53,2.4308603966,0.2217727442,1.081584229,0.6666666667000001,0.1666666667,11.625,0.1041666667,2,-0.0241666667,-6.041666666699999,6.125,0.0906862745,0.0,-0.0021666667,-0.9901960784,1.0833333333,1.5454545455000002,-0.2105410317,0.3604082203,7.7,4.9,0.5611810076,0.0653352722,1.6329933753,-0.2114120546,0.8611111111,3.3333333332999997,2.8333333332999997,1.3333333333,3.3333333332999997,5.1666666667,5.1666666667,5.5,5.5,4.1666666667,3.0,2.1666666667,1.5,1.3333333333,1.5,4.3333333333,,,,,,,,66.6666666667,0.0,11.1111111111,4.8333333333,3.5,3.75,4.0,3.75,3.2857142857,4.0,48,-1.0820225484000001,2.8201893119,34,130.0,9,1.0625,1.3333333333,0.6772982836,0.0012811597,0.6381545067000001,0.0015206618,0.5277777778,0.0002011893,0.0002011893,0.0008898748000000002,3,-1.3270458715,1.126001978,0.382774347,1.7825595713999998,-0.3696487021,5.4,,,,,,,46,-6.8757261775,8.0384128492,0.7496762737999999,6,0.7636421795,0.2296594787,1.6209165005000001,-0.0430199491,0.75,0.75,0.5,0.8333333333,138.0,0.7000000000000001,0.30000000000000004,0.8,0.30000000000000004,1.8842375596,0.1792242887,2.1231789674,-0.8012988912000001,0.3290816327,-0.004571389699999999,1.8095511037,0.3135230814,1.5011742994,-0.1194363865,282.0,7.1,6.0,410.8333333333,2.8969742972000003,0.2886608879,1.4125758152,,,,,,,,2.1941676865,0.2777739214,2.0642050998,-0.8116348809,6.0,6.0,7.0,2.0,6.5,25,-0.4149116427,-0.1437992382,1.0452771035,0.0914148841,2.0504383553,-0.053258579900000005,0.0560595309,3.0,4.0,3.0,2.9333333333,1846.0277777777999,12,7,3889.6666666666997,,,1.3,1.8181818182,1.3333333333,1.3571428571000002,1.5,0.8641007274,0.3005941055
s469,0.8308945541,0.2927968884,1.3568585518,1.7000000000000002,25.8333333333,0.2,585,13.695652173900001,0.23333333329999997,300,-0.9687607755,-0.6706254363,4.0531259276,0.4373618877,2.1372084033000003,-0.5425665722,0.0019628162,0.1178544922,0.3255136719,2.7333333332999996,3.7142857143,4.5,1.75,2.0,3.6,3.0,49,5.9485738791,0.27478368410000004,2.0335849769,0.1666666667,0.5,17.0833333333,0.125,1,-0.0016666667,-2.5,17.875,0.0467735348,0.0,0.0054302633999999995,-1.7771084337,1.0,1.8181818182,-0.0313445314,1.1247700844,6.3,5.4,2.6879489658,0.4422061072,1.8068950958,-0.5682213904,0.0,2.8333333332999997,2.3333333333,1.3333333333,3.5,4.3333333333,3.5,5.0,4.1666666667,4.3333333333,3.3333333332999997,2.8333333332999997,1.6666666666999999,2.0,2.3333333333,4.8333333333,-0.050602025599999996,1.0177919649,0.0,5.320134937200001,3.3200080291000003,0.2815268466,2.3583708718,38.8888888889,11.1111111111,22.2222222222,5.833333333300001,3.75,3.875,4.375,4.375,3.5714285714000003,2.875,43,-0.8893284576999999,4.1867508355,38,222.0,8,1.0625,1.4666666667,0.7259790421,0.0012726102,0.8725616454999999,0.0017990564000000002,0.5833333333,0.158113883,0.158113883,0.158113883,2,-0.9253720915000001,1.9795749328,0.39637110259999997,2.0644377618000003,-0.6667116458,4.6666666667,296.5,3.8463716,0.2969816361,1.9169670199000002,-25.0,116.5,44,9.5935780524,-6.969720336699999,0.5117351171,14,1.7151012071,0.4350578797,1.5877105572,-0.4346266959,0.75,0.33333333330000003,0.4166666667,0.9166666667,128.0,0.30000000000000004,0.30000000000000004,0.6000000000000001,0.6000000000000001,3.4181201912,0.4323168425,1.5831299840000002,-1.7469001838,0.5465686275,0.0824397399,3.1729315974000003,0.29672775170000004,1.2593341919,-0.6828959692000001,309.5,6.1,6.0,365.6666666667,2.8373532076,0.3298198578,1.4453423799,262.6666666667,253.8333333333,3.6768866388999997,0.327012917,1.6428903027,-8.8333333333,23.7904761905,2.937490216,0.4068407101,2.066032089,-1.6106592386,5.0,4.5,6.0,3.0,6.0,30,-0.3939165984,-0.0217131488,1.9325128081999998,0.325609925,1.7375477570000002,-0.039004506099999996,-0.4650054363,2.8,4.2222222222,2.8888888889,3.1333333333,2439.3642857143,12,5,5099.6666666667,-1.0764903716,0.8266785731999999,1.4,2.0909090909,1.9166666666999999,1.2142857143,2.75,0.8324493087,0.5012340848
s471,0.7213439428,0.0358789071,1.5136559018,1.9,30.0,0.33333333330000003,579,24.470588235300003,0.43333333329999996,394,-0.32157802010000003,-1.4239514432,3.2491054857,0.3283954369,2.2760577173,-0.7146618399,0.006017352100000001,5.5678173827999995,0.4368291016,3.0,4.0357142857,3.6333333333,2.5,3.25,3.2,3.1428571429,34,3.2318194293,0.27891961130000004,1.5478365724,0.0,0.6666666667000001,14.75,0.075,1,-0.006,-0.75,17.7916666667,0.0085714286,1.0,-0.0022761904999999997,-3.5857142857,1.0,1.4545454544999998,0.1695965364,-0.15421938570000002,6.8,5.0,1.213200186,0.4616010639,1.6470203506,-0.7559468893000001,0.1666666667,3.3333333332999997,4.0,1.3333333333,2.6666666667000003,3.6666666667,4.3333333333,4.3333333333,4.3333333333,3.3333333332999997,2.5,2.1666666667,3.1666666667000003,2.3333333333,2.8333333332999997,5.0,-3.6181676083,-3.1554943268,-0.9927888592,3.3345572188,2.0445661359000002,0.0720555645,2.2606412989,44.4444444444,33.3333333333,40.740740740700005,5.666666666699999,4.0,3.375,3.625,3.875,3.1428571429,3.125,47,-0.2211906058,4.2468142033,26,100.0,4,1.125,1.4,0.7242507935,0.00150287,0.7269584656,0.0014840076,0.5555555556,0.0256124969,0.06403124240000001,0.0636371852,4,-2.5395126006,1.0187764247,0.3567108899,1.4589532822,0.297199535,4.4,259.8333333333,2.2535726633,0.12092406609999999,2.3062323838,-14.0,7.0,42,8.7765643621,-6.7913798165,0.7428714658000001,7,0.7500373295,0.5265127885,1.7652742888,-0.5500683793,0.75,0.75,0.33333333330000003,0.9166666667,117.0,0.6000000000000001,1.0,0.7000000000000001,0.5,2.9828113293,0.49586032329999996,1.9182251738,-1.6847762424000001,0.4143920596,0.0228259692,3.0906179917000003,0.2839359141,1.8658639494999998,-0.5585963899,375.5,5.7,5.3,294.5,4.7005463370000005,0.32490578610000004,2.001290133,164.5833333333,242.8333333333,3.6158080776,0.3681464059,1.8355145919,78.25,23.591379310300002,2.0396725775,0.4397295552,1.9453169658000002,-2.1474123352000003,5.5,6.0,6.5,4.0,6.5,56,-0.5561574252,-0.1622791204,1.5192530802000002,0.3275647599,1.5602578495,-0.2505703003,-0.15455928800000002,2.5,3.8888888889,1.5555555556,3.4,2789.8866666667,6,8,4624.1666666667,-1.2878542883,1.9810014689,2.0,1.9090909091,1.75,1.8571428571000002,3.25,0.8348524595,0.6225294788
s473,1.0296512267,0.3153461359,1.5702958631,2.65,54.2352941176,0.43333333329999996,871,30.45,0.33333333330000003,578,-0.5707041204000001,-1.3063566288,3.5947412829000003,0.3701529809,2.1359252227,0.145432624,2.26777e-05,0.0003146534,0.0013295898,3.6,3.3214285714000003,3.8,3.0,2.0,3.4,3.1428571429,50,3.7292253144,0.2734526027,1.9224005119999998,1.0,0.0,10.0,0.0666666667,3,-0.0026666666999999996,-1.9166666666999999,10.0,-0.0373674912,1.0,-0.0004946996,-0.7517667845,1.0833333333,1.1818181818,0.0465345484,0.7328926021000001,8.0,7.1,2.4855703253,0.38075565479999995,1.8169432325,-0.9496482708,0.8333333333,2.0,3.0,1.5,2.6666666667000003,3.3333333332999997,3.8333333332999997,3.3333333332999997,4.5,4.0,3.3333333332999997,3.5,3.1666666667000003,2.1666666667,3.0,4.0,-2.6709911693,-6.3043015637,-1.4345616293999999,1.6232718124,1.911297669,0.1509404281,1.5058449024,44.4444444444,22.2222222222,51.851851851899994,5.3333333333,4.75,3.625,3.125,3.375,3.5714285714000003,3.375,49,-0.8075379761,4.3503317988,30,207.0,5,1.0625,1.3333333333,0.8496757506999999,0.00199196,1.0,0.0022297972,0.6388888889000001,0.0002011893,0.0002011893,0.0006324555,2,-0.8060559376,1.8872693119,0.37012010219999997,2.0168299444,-0.3256841211,4.6666666667,345.5,3.4526714676999997,0.2809462846,1.2296891087000001,34.0,13.5,47,-44.578454747100004,57.3141210198,0.3376973789,18,1.7630561059,0.4284699792,1.9473610713999998,-0.1807045748,0.75,0.6666666667000001,1.0,0.9166666667,122.0,0.0,0.30000000000000004,0.2,0.1,3.0227971552999997,0.38431161799999997,1.6073040644,-1.6832914866,0.4863523573,0.0661135686,4.1707023550999995,0.3066902469,1.5426345682,0.05821577309999999,358.0,7.1,6.6,315.6666666667,3.5012869304,0.3056081485,1.7078351151,224.1666666667,214.0,4.3276568699,0.2653381969,1.9429405266,-10.1666666667,39.9401001541,2.9767513251,0.2907868873,2.3729145416,-1.2603423504,5.5,5.5,6.5,4.0,4.0,39,-0.29584726850000004,0.15427646009999998,2.0226123399,0.36319136469999996,1.6370995261,-0.3304700767,-0.3605493741,3.4,3.7777777778,2.3333333333,3.1333333333,1759.9833333333,15,6,2541.0833333333,3.2139059401999996,-1.2481440226,1.7000000000000002,1.4545454544999998,1.8333333333,1.5714285713999998,2.3333333333,0.2029161739,0.5657648364
s475,0.8731194137,0.093596145,1.6877197648000002,1.75,19.2222222222,0.1,508,14.96,0.1666666667,357,-0.41113289159999994,-0.9161434131999999,3.081821024,0.3911241124,1.5934194016,0.16567623199999998,0.0005159858,0.0004863071,3.5467216797,3.8666666667,3.5,3.6333333333,3.75,2.75,3.2,2.8571428571,39,3.1867310577,0.29367179379999997,1.3540356231,0.0,0.8333333333,5.791666666699999,0.0125,2,-0.0041666667,-1.2083333333,5.375,0.024264705900000003,0.0,-0.0009705882,0.0416666667,1.0833333333,1.1818181818,-0.20392955899999998,-0.09189346529999999,8.5,7.3,1.6629613983000002,0.46271439049999996,1.8079887084000001,-0.6808501556000001,0.0,3.8333333332999997,4.0,2.8333333332999997,2.8333333332999997,3.0,3.1666666667000003,3.5,3.5,3.6666666667,3.5,3.0,4.0,4.8333333333,3.5,3.3333333332999997,-1.6068788047999998,0.3641488756,-0.23315151239999998,3.5345441135000004,2.1737717358,0.0079787709,2.0022898656,33.3333333333,88.8888888889,81.4814814815,5.0,5.5,2.5,3.25,3.375,3.0,3.625,58,-0.8075379761,4.3503317988,24,143.0,9,1.0625,1.6,0.6336494684,0.0017115589,0.6910768509,0.0016652069,0.5,0.06403124240000001,0.0256124969,0.25,2,-0.4011801342,1.4524710549000002,0.40993376950000004,1.7401675046,0.25618221420000004,2.5333333333000003,,,,,,,46,,,0.4464076571,2,1.5616125859,0.5389712720000001,1.7275295794,-0.120682465,0.75,0.25,0.8333333333,0.75,102.0,0.2,0.4,,0.8,,,,,,,2.994675447,0.3394308585,1.1385184378,-1.6795126250999999,299.5,5.3,5.2,,,,,360.25,310.5,3.8392776451999997,0.38244204810000004,1.1397579261,-49.75,0.4966563529,2.0286751612000002,0.4023785333,1.7654452597,-1.0244376123999999,6.0,5.0,5.5,4.0,5.5,45,-0.0632215143,-0.1909401047,1.1293365539,0.08610740480000001,1.9921137431,-0.7746955430000001,0.1809248532,3.3,4.1111111111000005,2.5555555556,3.6,2585.34375,6,6,3986.75,-0.0501497837,0.1823215568,1.8,1.0,2.6666666667000003,3.5,3.5,0.1750609719,0.1520313703
s477,0.9070482216,0.0477495532,1.2567505569,1.45,30.4782608696,0.23333333329999997,664,36.1666666667,0.4,615,0.1163566628,-0.7925745271,3.5606101775,0.33270682560000003,2.2592406572,-0.33260672750000003,3.23192e-05,0.0001618938,0.0011523438,5.533333333300001,4.8214285714,6.3,2.25,2.75,3.2,3.8571428571,27,4.0864651425,0.25351098829999996,1.31416795,0.33333333330000003,0.5,13.291666666700001,-0.0791666667,0,-0.0015,-0.4583333333,19.6956521739,0.0691791045,1.0,-0.0012910448,-2.572761194,1.3333333333,1.0,0.0715559752,0.7987094743,6.1,4.2,,,,,0.7777777778,2.6666666667000003,1.8333333333,1.3333333333,1.6666666666999999,4.0,5.833333333300001,6.0,5.833333333300001,5.3333333333,4.5,3.1666666667000003,2.0,4.6666666667,3.3333333332999997,6.333333333300001,-3.7479715074,0.0737814477,0.0,5.320134937200001,2.4707573999,0.1472395796,1.4662164382,5.5555555556,22.2222222222,33.3333333333,1.8333333333,5.75,2.0,1.0,1.875,1.5714285713999998,3.375,31,0.0,5.965407751,23,192.0,6,1.3125,1.2666666667,0.7196039200000001,0.0018328192,0.8773010254000001,0.0020847071,0.0833333333,0.0006324555,0.0015811388,0.0015811388,3,-1.4174504825999998,1.7486755934,0.3832483442,1.2831586887,-0.6445780603,2.4,277.8333333333,2.9176316432,0.2812517919,1.5941243137999999,-8.0,183.5,38,8.730179766100001,-7.1082636327,0.6027511185000001,7,,,,,0.6666666667000001,0.5,0.8333333333,0.5833333333,60.0,0.4,0.7000000000000001,0.6000000000000001,0.4,2.3990102221000003,0.3612160537,1.2963549005,-1.9723789585,0.3970588235,0.040073445,2.7890691097,0.31146750830000003,1.3278212570999999,-0.6661891592,303.0,4.0,4.4,342.5,2.8247519287,0.3352467357,1.0476435905,253.8333333333,267.6666666667,2.9417701286,0.2288723086,2.0692416771,13.833333333299999,32.7860244059,3.9822324014999997,0.27008051,2.2250480344,-0.7915169563000001,4.0,4.0,1.5,1.0,2.5,60,-0.3402275249,0.2432020568,0.482653306,0.055573925100000005,1.4692282386000002,-0.3476656333,-0.6193916947,4.9,3.1111111111,3.7777777778,3.2666666667000004,1954.8788888889,16,5,2314.25,-0.5180310075,0.5725191928000001,2.3,1.9090909091,3.5,2.4285714286,2.25,0.13977585609999998,0.1232259717
s481,1.2509932376000001,0.26710601,1.4020580544999999,2.0,25.2,0.1666666667,605,16.6666666667,0.30000000000000004,330,-0.15987211810000002,-0.8556856713000001,4.458479000400001,0.3218302328,3.4804201341,-1.0975301420999999,0.00027727599999999997,0.0006215324,6.375120000000001e-05,4.0,4.0714285714,5.1333333332999995,2.0,2.0,3.2,3.7142857143,33,2.4167646165,0.23317650760000003,1.7761990128999998,0.6666666667000001,0.1666666667,10.791666666700001,0.0125,2,-0.006500000000000001,-4.875,11.125,-0.058988212199999994,2.0,-0.0076345776,-2.855108055,1.25,1.0,-0.2478926272,-0.0932588364,8.6,6.5,2.3532764215,0.5086590671,2.264542565,0.3951928634,0.6111111111,3.6666666667,5.3333333333,1.5,3.3333333332999997,4.1666666667,4.0,4.6666666667,5.0,4.6666666667,3.0,4.6666666667,1.8333333333,3.6666666667,3.8333333332999997,4.6666666667,0.2615121606,1.6359003403999999,0.1932209246,4.933693088,2.8805847433999996,0.17851469350000002,2.0965940169,38.8888888889,88.8888888889,51.851851851899994,2.8333333332999997,4.5,3.125,2.375,3.625,2.4285714286,2.5,38,-0.8893284576999999,4.1867508355,20,204.0,5,1.3125,1.2,0.7845558166000001,0.0018107403,0.8862304688,0.001956,0.6111111111,0.0015811388,0.0015811388,0.009797959,3,-1.8381210107,2.0362629593,0.37747538259999996,1.5386623139,-0.2007476991,3.4,296.5,2.1601960367,0.3100741993,1.137650399,36.0,-10.0,44,14.091922323499999,-7.5197074784,0.4855158743,8,1.7138886562,0.4891752042,2.0138711564,-0.5197381899,0.25,0.75,0.6666666667000001,0.33333333330000003,81.0,0.6000000000000001,0.6000000000000001,0.6000000000000001,0.4,2.4430110595,0.3881394599,2.2728986065,-0.9772698778,0.5346534653,0.026010912999999997,2.744975508,0.2688940711,1.4909221009,-0.7250063309,305.0,5.6,6.1,348.6666666667,3.3634181895,0.31542174430000003,1.4494058338999998,217.8333333333,252.6666666667,2.3356735455,0.2087377027,1.4786748930000002,34.8333333333,98.3790029016,1.8920818137,0.3789858085,1.740682991,-0.6292004773000001,3.0,5.0,2.0,2.0,4.0,52,-0.8029105959,0.5166756694,1.8545008022999998,0.3161675913,2.0634973491,0.4292083856,-0.3910015079,3.6,2.5555555556,2.7777777778,2.4666666666999997,2028.7777777777999,8,8,3697.4166666666997,-21.081184502,23.297384980700002,3.1,1.6363636363999998,2.9166666667000003,1.5714285713999998,2.0833333333,0.6305592315,0.2387538907
s483,0.9274421870999999,0.2153663996,1.1493376852,1.05,44.7777777778,0.4,784,34.0526315789,0.3666666667,607,-0.24267106489999998,-1.1033476961,2.7642636298000003,0.3238492148,1.5084031949,-0.5615046842,0.0014183627999999999,0.0084420776,0.027747070300000003,3.2,3.0,4.1,1.0,1.5,2.0,4.0,51,4.2140826235,0.2614203794,1.6744639494999998,0.1666666667,0.33333333330000003,12.166666666700001,-0.033333333300000004,2,-0.0186666667,-6.75,21.9583333333,-0.0432926829,1.0,-0.0014552845999999998,-5.802845528500001,1.0,1.0,0.6453917824000001,0.5278465606,11.1,8.3,1.1029984598,0.3742662418,1.5898375527000002,-0.2975456826,0.4166666667,1.6666666666999999,3.8333333332999997,1.0,1.1666666667,2.3333333333,5.0,7.0,5.0,2.5,1.6666666666999999,1.3333333333,1.0,1.5,1.5,3.3333333332999997,-0.43200395259999996,1.3108190909,-0.2282999586,3.5248410059,2.6929785444,0.024916625100000003,2.2563537674000003,72.2222222222,22.2222222222,11.1111111111,5.0,4.75,4.375,3.625,4.875,3.1428571429,4.125,27,-1.0170844173,3.9312389163,32,181.0,4,1.0,1.0666666667,0.9,0.0017792651000000002,0.874609375,0.0014897655999999999,0.8055555556,0.06403124240000001,0.06403124240000001,0.0256124969,4,-2.4609900713,1.3060781393,0.41014881020000005,1.3351032012000001,-0.919188849,5.4,316.1666666667,2.4705003158000003,0.3655635868,1.8342552881999998,-11.5,51.5,46,10.2050741975,-9.103050102100001,0.44876929740000004,12,1.7945820072,0.4445518578,2.0545149701,-0.9031362209,0.5833333333,0.8333333333,0.6666666667000001,0.75,129.0,0.0,0.1,0.5,0.0,1.682172971,0.06569671469999999,2.4828233576,-0.6904623028,0.5135802468999999,0.0301193635,3.471476506,0.3210634865,0.842595337,-2.2479257865999998,329.5,6.5,5.1,275.0,2.7365084473000003,0.3824346913,2.6616537312,278.8333333333,287.8333333333,2.3493917115,0.335722385,1.7400063701,9.0,157.992451848,1.9513828029,0.32603202719999996,1.4217621518,-0.6905862622000001,6.0,6.5,1.5,1.0,2.0,46,-0.430194175,-0.4572630364,1.4633359427,0.32767553200000005,1.4438316674,-0.2826548383,0.2235180456,4.2,3.2222222222,3.1111111111,2.0,2998.545,0,7,3355.2727272727,-0.4058763769,0.0571584138,2.1,1.1818181818,1.1666666667,1.0,1.0833333333,0.7823611926,0.2003722487
s484,0.8623059321000001,0.3717970166,1.3939551771,1.1,17.75,0.2,406,10.6296296296,0.1,276,-0.36506468659999997,-0.9902176841,5.3664681007,0.3896104729,2.9958701623,0.5163623126,8.506790000000001e-05,0.0005692291,0.0155283203,6.8,7.25,3.7,2.75,1.25,3.2,3.7142857143,56,3.5552482781,0.2883566573,1.7844356619,0.0,0.33333333330000003,3.4166666667000003,0.008333333299999999,1,-0.0006666667,-1.4166666666999999,9.125,0.0029303655,0.0,0.0007796610000000001,-0.21686746989999997,1.0,1.0909090909,0.0983877635,-0.0961140967,8.1,7.0,1.4276190932,0.6235334483,1.6206800281,-0.46279207829999996,0.22222222219999999,1.5,2.3333333333,1.1666666667,1.3333333333,3.0,6.166666666699999,5.0,6.333333333300001,6.5,4.0,1.1666666667,2.3333333333,1.1666666667,1.1666666667,3.8333333332999997,-3.5596755513,-1.7801711703999998,-0.2602683052,3.4510041958999995,1.7951462461,0.1838290456,2.0879164544,50.0,33.3333333333,29.6296296296,5.0,2.75,4.0,4.0,3.125,3.1428571429,3.625,40,-1.0170844173,3.9312389163,29,112.0,6,1.0,1.1333333333,0.6356148243,0.0007519225999999999,0.7659990311,0.0009971358,0.33333333330000003,0.0015811388,0.009797959,0.0256124969,4,,,,,,4.8666666667000005,,,,,,,45,-47.709798998800004,51.0258708641,0.7511492304,1,1.5962626733,0.7762392287000001,1.963954903,-0.3523417193,0.9166666667,0.5,0.4166666667,1.0,142.0,0.1,0.1,0.2,0.1,2.5651529467,0.4713367606,1.77888333,-0.5267549809000001,0.43382352939999996,0.08701787350000001,3.0044628489,0.32687214270000003,1.269841044,-0.9977989629,360.5,5.4,5.4,327.0,2.5599244713,0.42659026159999996,1.2292757348,378.75,446.5,2.320069889,0.39493490909999995,1.1308823569,67.75,19.6176647427,1.7029991603,0.4064760727,1.690287282,-0.6007089269,6.5,6.5,6.0,4.0,5.5,36,-0.45010570340000006,-0.5138698478,0.8637608760000001,0.0680390574,1.9168118171,0.2137289223,0.3577294996,3.1,3.8888888889,2.0,2.6,5473.0,-3,1,7316.166666666701,-0.0771991647,0.26479777860000003,2.8,3.4545454545,1.3333333333,1.0,1.1666666667,0.17954101890000002,0.48016331289999997
s488,0.8688327214,0.2040836516,1.6246224771000002,1.5,37.9090909091,0.2666666667,782,14.2608695652,0.23333333329999997,317,-0.2555557705,-0.532395032,2.3601890518,0.015111779799999999,3.5239712984,0.1647321642,0.006054364400000001,0.0004907951000000001,0.0035546875,5.7333333333,3.75,5.666666666699999,2.75,2.75,3.2,2.5714285714000003,30,1.2911506168,0.26656126129999996,1.355715724,0.1666666667,0.6666666667000001,15.291666666700001,0.1041666667,0,0.0055000000000000005,-0.625,9.5416666667,0.29285136500000003,0.0,-0.0012032356,-0.4714863498,1.4166666666999999,1.1818181818,-0.024884916899999998,0.9283306689,7.4,5.2,,,,,0.0,1.8333333333,2.1666666667,2.3333333333,2.1666666667,3.0,4.0,4.6666666667,4.8333333333,4.8333333333,3.8333333332999997,2.8333333332999997,3.1666666667000003,3.8333333332999997,3.0,3.6666666667,,,,,,,,55.5555555556,44.4444444444,51.851851851899994,3.1666666667000003,3.0,3.5,3.0,3.0,2.5714285714000003,2.375,50,-0.06048076910000001,1.6080810519000002,26,164.0,6,1.3125,1.5333333333,0.9405670166,0.0006916981000000001,0.772342968,0.0015181103,0.6388888889000001,0.0256124969,0.0256124969,0.158113883,1,-1.7964969354,1.1058760272,0.3269569471,1.6300383851,-0.5997866116,4.0666666667,,,,,,,43,9.2958764144,-6.2103159839,0.4677504711,2,1.0130377006,0.5657992195,1.8568259937,-0.0560863242,0.5,0.33333333330000003,0.6666666667000001,0.5833333333,97.0,0.4,0.6000000000000001,0.5,0.5,2.7087884613,0.14800339810000002,4.1200836742,-1.0787977714,0.3851132686,0.0064340121999999994,3.2635874997000003,0.2938287988,2.1132787712,-1.2154913029,346.0,5.7,5.0,,,,,,,,,,,,1.2879390022,0.33061460579999996,2.1437935286000003,-0.4879037793,2.5,3.5,3.0,2.5,5.0,41,-0.1604121434,-0.28788929399999996,0.8630796096000001,0.16025963510000002,1.9040011787,-0.0975826297,-0.2192764286,3.5,3.3333333332999997,2.7777777778,3.1333333333,2717.2716666667,8,7,3784.4166666666997,0.1012123892,0.1053605157,1.7000000000000002,2.0909090909,3.0833333332999997,2.5,2.6666666667000003,0.8454161012000001,0.125539208
s489,1.1952416471,0.323016662,1.6816870168,1.6,12.9285714286,0.0666666667,349,11.84,0.1666666667,283,-0.1475599026,-1.0827879742,3.664555675,0.428028084,2.2872325404,-0.0121220433,0.00046618239999999996,0.0013914375,0.0626962891,5.4,3.8928571429,4.4333333333,3.75,3.0,3.8,4.0,55,4.2896557627,0.3097140724,1.3606333500999999,0.5,0.33333333330000003,9.5,-0.05833333330000001,0,-0.006666666700000001,-2.75,8.9583333333,0.0378895815,0.0,0.0021175423,-0.6391362422,1.0,1.0,0.0515384615,0.9411965812,8.5,6.9,0.8066968788000001,0.5598488682,1.4421519369999998,,0.1388888889,1.6666666666999999,2.1666666667,1.0,2.0,3.8333333332999997,5.833333333300001,6.0,7.0,6.666666666699999,4.1666666667,1.5,1.1666666667,1.0,1.0,2.5,-5.4369125365999995,-2.8698297514999997,-0.2472591752,3.4966902425999997,1.2661780344,0.0177551383,2.3833593619,94.4444444444,22.2222222222,62.962962963,5.1666666667,1.75,4.125,3.875,2.875,2.4285714286,4.375,44,-1.1652624446,3.6348828618,24,180.0,9,1.1875,1.2666666667,0.8810729979999999,0.0013821334000000002,0.9473144531,0.0017275794,0.6388888889000001,0.009797959,0.009797959,0.25,3,-1.2074602244,1.5160920552,0.45313562869999996,1.7853713065999999,0.0984767341,4.6,285.8333333333,2.7424480608999997,0.30685124150000004,1.8787761424,49.0,186.0,46,,,0.5571275451000001,5,1.4219303358000002,0.4712486243,2.5522324794,-0.6442476761,0.9166666667,0.6666666667000001,0.8333333333,0.8333333333,123.0,0.30000000000000004,0.5,0.30000000000000004,0.30000000000000004,2.4678990078,0.5035613071,1.969485666,-2.0765274011000003,0.41336633659999994,0.0109694546,3.9052903764,0.2958554364,1.8734735618,-1.5434178991999998,384.5,6.0,3.6,295.0,2.8482099345,0.34311771049999995,1.9209873919999998,290.0,282.1666666667,2.7940361331,0.3630575148,1.7561628228,-7.833333333300001,95.20463519309999,2.3956650082,0.42975621979999995,2.5278848873,-0.35738555050000004,6.5,6.0,2.5,2.0,5.5,41,-0.37042593619999997,-0.5721833492,1.6741545551,0.3954118715,1.7447463832,-0.24130868949999998,-0.004779691599999999,4.5,2.7777777778,2.5555555556,3.3333333332999997,2746.93,-4,4,6689.9090909091,0.3651972837,0.2519639898,1.7000000000000002,1.0909090909,2.1666666667,1.1428571429,2.0,0.8593645247,0.3763216695
s490,1.1772250971,0.2535383975,1.2451311014,1.95,15.083333333299999,0.2,343,11.791666666700001,0.2,270,-0.5549813413,-0.6370526452,3.3262713602,0.33543906030000004,1.7458140829,-0.4688979172,0.0009915385,0.0035614928999999997,0.0069716796999999995,4.2,4.0,4.7,3.0,2.75,4.0,3.7142857143,57,1.6991407459999999,0.2228826877,1.184343401,0.6666666667000001,0.0,15.958333333299999,0.0125,2,-0.0148333333,-3.375,13.625,0.0254237288,2.0,-0.0104819277,-2.2516847049,1.0833333333,1.2727272726999999,-0.1571246792,1.0313988787000001,8.2,6.6,2.6167286789,0.3382123584,2.2250323821,0.1102323726,0.4166666667,2.1666666667,2.5,1.5,4.0,4.1666666667,3.8333333332999997,3.5,5.0,2.8333333332999997,2.5,2.3333333333,1.0,3.6666666667,4.5,5.0,1.3832582466,2.2319021966,0.1976700244,4.9247948884,3.530675366,0.0365588673,3.841842273,88.8888888889,88.8888888889,59.2592592593,6.5,3.75,4.75,5.0,3.375,4.5714285714,4.25,48,-1.2083775268,3.5486526974,28,181.0,8,1.125,1.2666666667,0.7580966950000001,0.0009994266,0.8355087280000001,0.0013369329999999998,0.7222222222,0.0038729833,0.009797959,0.009797959,3,-0.2257998098,1.6228159693000002,0.4872788428,1.9665521746,-0.704817974,5.466666666699999,,,,,,,47,0.6898332912,1.0964325784,0.488760564,11,1.5986729051,0.3078652478,2.4660462031,-0.0630025149,0.25,0.4166666667,0.8333333333,,137.0,0.1,0.2,0.5,0.30000000000000004,3.0968802016000003,0.3970148448,1.9001023283,-1.9519715699000002,0.3611793612,0.0017780984,3.588579639,0.2793468202,1.9470255561,-0.4955427678,309.5,5.2,4.2,266.8333333333,5.4565663251,0.2618726444,2.4521546981,231.8333333333,266.0,3.5674001356000002,0.216457719,2.3977826252,34.1666666667,51.8668256808,2.8704398397000004,0.3869203161,2.009937617,-0.8762728643000001,7.0,7.0,4.0,3.5,4.0,24,-0.8800947895000001,-0.0689316211,2.0458131601,0.3189290314,1.6150272029,-0.2055496822,-0.7043334974000001,2.0,2.4444444444,1.8888888889,2.5333333333000003,3712.2142857143,-3,7,5353.0833333333,0.7282385004,-0.6931471806,1.0,1.0,1.75,1.1428571429,2.1666666667,0.16753844939999998,0.3166153661
s491,0.6855456123,0.1186605842,2.074713585,2.0,10.7407407407,0.1,280,8.75,0.2,200,0.114622749,-1.9017939511,2.3441883236,0.3839791632,1.6861749588,-0.2991664322,0.0006660949000000001,0.0045435790999999994,0.0307197266,2.0,2.9285714286,4.1666666667,2.5,1.5,2.8,3.7142857143,35,3.2995014691000004,0.35706274660000004,1.4827906237,0.33333333330000003,0.33333333330000003,5.2916666667,0.0625,0,0.0018333332999999998,-0.2916666667,11.416666666700001,0.0230440967,0.0,-0.0021918309,-1.2347083926,1.0833333333,1.9090909091,0.0241254206,0.7679166082000001,7.2,3.7,,,,,0.1388888889,1.0,1.0,1.0,1.0,3.0,5.0,6.166666666699999,7.0,6.166666666699999,2.8333333332999997,1.3333333333,2.6666666667000003,1.0,1.0,3.6666666667,-1.4492204294,1.3028854114,0.42332495,4.473485037300001,1.8434274041999998,0.032157721,2.0733403045,55.5555555556,33.3333333333,62.962962963,6.0,4.75,5.0,3.625,5.0,2.2857142857,2.125,42,-1.1227206548,3.2129184158,34,107.0,10,1.125,1.2,0.6930587530000001,0.0014906276999999998,0.6457630157,0.0013796379999999999,0.30555555560000003,0.158113883,0.0250474647,0.0256124969,4,-0.8832894648,0.4879851149,0.0368183562,1.8200637568,0.3976085551,4.1333333332999995,250.0,1.7391541942000002,0.3963007682,1.309524995,-25.5,-2.0,45,,,0.421813152,4,1.0866380221,0.6588784916,2.3698371106000002,-0.0409553557,0.6666666667000001,0.5833333333,0.4166666667,0.9166666667,123.0,0.1,0.4,0.5,0.1,2.7452625349,0.46621873659999996,1.5131199144,-0.6199807358,,,2.0509640609,0.33995322619999996,1.8158026234,0.2499674303,657.0,4.7,3.8,398.8333333333,3.0898243518,0.35523545770000003,1.5372650952000002,257.0,392.3333333333,2.3418454626000003,0.3321299553,1.5468779832,135.3333333333,0.6941558442,2.3787619524,0.4787106674,1.9829698394,-0.16275852740000002,7.0,5.0,4.5,5.5,7.0,32,-0.4507274847,-0.0242901875,0.5981441399,0.0906120897,1.9721372489,0.35962188869999995,-0.0495798245,4.3,4.0,3.5555555556,3.6,2993.1527777778,10,3,3037.8333333333003,,,1.3,1.2727272726999999,2.25,1.1428571429,1.9166666666999999,0.8256218483000001,0.32002450520000003
s492,0.5336843294,0.08479529529999999,1.5977947494999998,1.4,8.6296296296,0.1,223,13.0714285714,0.0666666667,347,-0.1840271793,-0.2741794587,2.8390826220000003,0.3318366505,2.068627664,-1.1030918453,3.7145830077999995,27.1665507813,0.0023017578,3.0,2.7857142857,4.3666666667000005,2.25,3.0,4.0,2.8571428571,57,3.8707863524,0.2840668985,1.7800889513,0.5,0.1666666667,5.3333333333,0.033333333300000004,1,-1.7347234760000003e-18,-1.3333333333,9.0,0.1,1.0,-0.0020588235,-2.9117647058999996,1.0,1.4545454544999998,-0.2946720799,0.7685083226999999,9.5,6.7,1.4039877965,0.4490811839,1.7200702447,-0.987651192,0.1388888889,2.3333333333,1.1666666667,1.3333333333,2.5,3.6666666667,4.6666666667,5.5,3.5,4.8333333333,1.8333333333,2.5,1.3333333333,4.1666666667,3.3333333332999997,4.3333333333,0.9131129203,2.6770562680000003,0.4181320954,4.4838707464,1.8094592877000002,0.010037993299999999,2.6075679777,44.4444444444,66.6666666667,33.3333333333,4.1666666667,3.25,4.625,4.25,4.125,3.8571428571,3.875,51,-1.2083775268,3.5486526974,38,143.0,5,1.1875,1.4666666667,0.9522460937999999,0.0007349572,1.0,0.0016732632999999998,0.5,0.25,0.1265219767,0.25,2,-1.33075519,1.5123196885,0.49218874619999997,1.3785400078999999,-0.9945650764,4.6,369.8333333333,3.2014113524,0.3686952112,1.2340402728,13.0,68.5,44,,,0.5146171273,12,1.8916678593,0.4842439403,2.0133750199000002,-0.7275065866,0.5,0.4166666667,,0.8333333333,132.0,0.8,0.5,0.4,0.4,3.1323097632,0.4452265684,2.5979181668,-1.4650777877,0.4949748744,-0.0031626440999999996,2.1449881447,0.2690503211,1.2291466293000002,-0.6343311528000001,340.5,5.3,5.1,306.1666666667,4.4463770508,0.36720979189999997,1.6294600602,282.0,290.8333333333,2.4553468278999997,0.2568565719,1.7874936475999998,8.8333333333,90.05352657,2.573119296,0.3627159586,1.7800538365,-0.6847165644000001,4.5,4.0,4.0,5.5,6.5,36,,,,,,,,4.0,3.6666666667,2.6666666667000003,3.2,2273.4583333333,-2,8,5499.416666666701,-1.2680175566,0.43355684299999997,1.3,1.5454545455000002,2.0833333333,1.2142857143,2.5833333333,0.8140297282000001,0.3243236957
s500,0.9946088727,0.0831248071,1.8477873215,2.3,33.0,0.4,588,20.5,0.33333333330000003,397,0.0675576153,-0.6108736159,4.626452968,0.4147763444,2.1465335687000002,0.17214840129999998,0.0001688719,0.0008741074000000001,0.0010332031,3.8,3.75,3.6333333333,2.5,3.0,3.0,3.1428571429,40,4.407485107099999,0.3056130989,1.1232560747,0.6666666667000001,0.1666666667,7.083333333300001,0.025,2,-0.008,-3.5,10.7083333333,-0.0534704904,1.0,-0.0041546134999999994,-5.1319617623000005,1.1666666667,1.5454545455000002,-0.0036913564,1.0278583375,7.5,6.7,0.7674955809999999,0.49442999039999996,1.5191585322,-1.3520670916,0.4722222222,1.3333333333,3.6666666667,1.1666666667,3.0,3.8333333332999997,4.6666666667,3.0,5.5,4.6666666667,3.3333333332999997,2.0,4.6666666667,2.1666666667,3.0,5.0,0.0612328746,1.7766095448,0.4847229195,4.3506890982,2.1978167322,0.09757660789999999,2.3251896914,44.4444444444,22.2222222222,29.6296296296,3.3333333332999997,3.0,3.75,3.25,3.125,3.4285714286,3.5,37,-1.3646783862,3.2360509786000002,23,180.0,7,1.1875,1.6,0.6633827209000001,0.0007012180000000001,0.9786376953,0.0011742963,0.5555555556,0.0038729833,0.0038729833,0.0038729833,4,-0.7926884443000001,1.4292057177000002,0.5701878629,1.9190894925,-0.3834311707,3.9333333333,310.6666666667,2.9306828615,0.3552874471,1.0802675064,58.0,14.0,43,,,0.3548918861,8,1.2822765508,0.49107210409999996,2.0939499161,-0.6877624673,0.5833333333,0.1666666667,0.9166666667,,103.5,0.5,0.4,0.5,0.8,2.3733037032,0.371855585,1.8281626841,-1.2837868792,0.47073170729999997,0.0270542918,3.0407302435,0.3111974541,1.1637400594,-0.6547346313,342.0,7.4,5.1,364.0,3.8703916014999997,0.3384843495,0.9551614764,,,,,,,,2.7165854548,0.4140078617,1.7169186184,-0.6413243652,3.5,6.0,6.0,4.0,6.0,41,-0.3960562070000001,0.1212175086,2.0965173856,0.4037717106,1.5444371856999999,0.1738219191,-0.4275425357,3.1,4.1111111111000005,2.0,3.0,4664.8333333333,-14,4,7825.583333333299,,,1.9,1.8181818182,2.5,1.7857142857,3.1666666667000003,0.8484439474000001,0.8580945027
s501,0.4842275306,0.027901565899999998,1.7452256104,1.7000000000000002,18.16,0.1666666667,438,14.434782608699999,0.23333333329999997,319,-0.3102194392,-2.2998948227000002,1.916781319,0.4636431424,1.4597174236000001,0.0188138347,4.731260000000001e-05,0.0023712310999999997,0.0011113281,4.4666666667,4.0357142857,3.8,3.5,3.5,4.0,3.8571428571,50,3.6081325445999997,0.3369846535,1.3888273312000001,0.33333333330000003,0.6666666667000001,20.75,-0.008333333299999999,1,-0.001,-2.0,18.75,-0.0945626478,0.0,0.0026099291,-0.028959810899999997,1.0,1.1818181818,0.0155376777,0.8596605235,7.3,6.3,1.6984712516999998,0.4108164186,1.6668083887,0.2386219603,0.75,2.1666666667,3.0,1.3333333333,2.1666666667,5.0,4.6666666667,5.5,5.5,4.8333333333,2.0,2.3333333333,1.5,2.1666666667,2.0,4.3333333333,-3.8658187759,-3.0277002904000003,-0.8231400365,2.8921315195,1.5220132799000001,0.1203619588,1.6688566759999999,27.7777777778,66.6666666667,55.5555555556,6.666666666699999,1.75,4.375,4.375,4.0,3.5714285714000003,3.0,52,-0.8893284576999999,4.1867508355,29,127.0,10,1.3125,1.3333333333,0.6412649155,0.0011374752,0.998046875,0.0017049243,0.7777777778,0.0015811388,0.0004,0.0015811388,3,-1.0597043356,1.5881948896,0.41651006840000004,1.9201542251,-0.36319880159999995,4.7333333333,394.1666666667,2.4602186443000003,0.3924111676,1.2709005174,20.0,72.5,47,,,0.4483228156,12,1.4067941080000002,0.5014277824,1.6393971504,0.4155500742,0.75,,0.5833333333,0.9166666667,122.0,0.1,0.7000000000000001,0.5,0.2,2.7476841227999995,0.44593607469999996,1.6224944222,-1.5696618373,0.3606965174,0.0255208215,4.0175786396,0.29559844150000003,2.3557386009,-1.3934152076,384.0,5.9,5.8,383.1666666667,4.3925993882,0.32764433330000003,2.4089922377,309.0,289.1666666667,2.8658498685000002,0.3015558714,1.9629996341999998,-19.8333333333,73.6318019625,2.7206904587,0.39573897539999997,1.6255035094999999,-0.7431294494,7.0,6.5,7.0,5.5,6.5,54,-0.3091670542,0.8846148908,1.4126062654,0.1933389448,1.9912551643,-0.1811234547,-0.993720038,2.4,4.6666666667,3.1111111111,3.4,2920.8958333333003,8,5,4727.0,0.1157607903,0.980829253,1.5,1.0909090909,2.9166666667000003,2.6428571429,1.9166666666999999,0.8539848128,0.2028503813
s502,1.0371205825,0.0669262288,1.9340746168,2.35,25.4166666667,0.2,588,12.0,0.1666666667,289,-0.03250728,-1.0874474083,4.6066612224000005,0.32636040120000004,2.8805104248,-0.7740265068000001,0.08026794429999999,0.0157124023,0.12282617189999999,2.4,4.0,5.2666666667,3.5,3.75,4.0,3.1428571429,33,4.0364650107,0.26878643469999997,1.3569440334,0.33333333330000003,0.5,13.375,0.0208333333,1,-0.0008333333,-5.2916666667,25.6666666667,-0.056579925700000006,1.0,-0.0012973977999999999,-2.030669145,1.3333333333,1.2727272726999999,0.3097832098,0.9787910629,7.3,7.9,2.5426878191999998,0.6414639127,2.7193680645,-0.26838408210000003,0.25,1.5,1.5,1.5,2.5,4.3333333333,4.1666666667,6.666666666699999,4.1666666667,4.0,2.8333333332999997,2.5,1.6666666666999999,3.0,3.1666666667000003,5.0,-5.706384530599999,-9.5959888644,,,1.5665069258000002,0.2423804296,1.0270845901,16.6666666667,0.0,59.2592592593,4.6666666667,4.0,3.5,2.5,4.625,3.1428571429,2.125,54,-0.8893284576999999,4.1867508355,23,228.0,5,1.625,1.5333333333,,,,,,0.0015811388,0.0038729833,0.0099597577,1,-0.6910277873999999,1.7122430535,0.4353567737,1.9721125248,-0.22422767829999998,4.2,,,,,,,40,,,0.6930733876999999,11,1.8873838072,0.4448223768,1.5834837732,-0.7699022328,0.4166666667,0.5,0.6666666667000001,0.5833333333,95.0,0.5,0.9,0.7000000000000001,0.8,3.3116519191000005,0.4046455352,1.8244171071000002,-0.8311816006,0.4689826303,0.0833827543,3.9568536577999995,0.2633148858,1.6226603659,-1.3291620264,341.0,5.9,6.8,,,,,,,,,,,,3.4846859222,0.279331642,2.61781247,-1.3341353646,6.0,4.0,5.0,5.0,5.5,48,-0.5981140690000001,-0.4483559372,1.8204267833,0.3004309421,1.7476273783,-0.1121538143,0.2173267088,3.2,3.0,3.5555555556,4.1333333332999995,2397.6604166667003,1,7,6029.583333333299,0.2607454614,-0.2200618848,2.3,2.0909090909,2.4166666667,3.0,2.6666666667000003,0.8204108773000001,0.4380570137
s503,1.1548668404,0.2263420243,1.9963537236000002,2.25,33.8260869565,0.23333333329999997,741,27.7272727273,0.2666666667,576,-0.27696323030000003,-0.8199881003,4.7343879785,0.3837844108,2.961099002,-1.4097381886000002,0.0005160178000000001,0.032443115200000004,1.0603144531,4.3333333333,2.6785714286,3.0333333333,3.0,2.75,3.6,3.5714285714000003,55,3.5390567057999998,0.28665871449999997,1.7963293832,0.6666666667000001,0.33333333330000003,20.25,7.771561172e-16,2,-0.012,-2.3333333333,23.2916666667,0.1587004405,2.0,-0.0049162996,-2.0011013215999998,1.0,1.1818181818,0.0707390589,1.3651325403,7.2,6.0,2.3620212816,0.5483263531,1.7240936479000002,0.055432640899999996,0.30555555560000003,1.1666666667,2.1666666667,1.1666666667,2.6666666667000003,3.8333333332999997,5.833333333300001,4.0,6.0,4.8333333333,3.0,1.3333333333,1.6666666666999999,1.3333333333,1.6666666666999999,4.5,2.2842850815999998,2.3852586829,0.0,5.320134937200001,3.2162629267000002,0.09545832539999999,4.424216755,11.1111111111,22.2222222222,11.1111111111,6.0,3.25,4.375,3.625,4.0,3.2857142857,3.875,48,-0.9575666758,4.0502743994,31,149.0,6,1.125,1.6,0.6687150002000001,0.0009702431,0.7122373581,0.0013903592000000002,0.5555555556,0.0256124969,0.009797959,0.009797959,3,-0.5050189056000001,1.9416475691,0.3899532818,2.7495325879,-0.0052173817,5.2666666667,317.8333333333,3.5569842975,0.2642953287,2.0110353132,5.0,26.5,47,-11.1909728478,19.9282874703,0.6204803124,10,1.5974591986000002,0.5406649962,1.8158206468,-0.6329098631,1.0,0.5833333333,0.4166666667,0.8333333333,144.0,0.0,0.7000000000000001,0.5,0.6000000000000001,2.7545178810000004,0.3672061574,2.1522192006,-2.0101850957,0.5839598997000001,0.017196624299999998,3.0230212146,0.3402611746,1.8036631624000001,-0.09986605859999999,296.0,6.7,5.4,353.5,5.6115807535,0.1980120435,3.0666305449,252.3333333333,268.8333333333,3.5278415526,0.3197679217,1.7170668496,16.5,-15.280844155799999,3.2614479679,0.4227106727,2.5716883333,-1.5397434906999998,6.5,6.0,3.5,3.5,6.5,40,-0.2480260436,0.0113944618,1.2403417426999999,0.30315519900000004,1.8396357533,-0.12922959779999998,-0.4093461325,2.6,3.0,1.2222222222,2.7333333332999996,1399.8181818182002,0,10,4266.1666666667,0.1896208593,0.5035263213000001,1.4,1.2727272726999999,1.9166666666999999,1.5,2.4166666667,0.9096090058,0.2542437709
s504,1.2889931484000001,0.0096746034,2.5099828422,3.1,50.0,0.6000000000000001,575,50.0,0.5,700,-0.8888828623,-1.4929703288999998,3.6758398626999997,0.34045625890000003,2.4081922425999998,-1.2441762815000001,0.000931951,0.0002767525,0.0015634766,3.4,3.8928571429,3.6,2.75,2.75,3.0,2.7142857143,42,4.0660468519999995,0.2814119082,1.3480148851,1.0,0.0,14.791666666700001,0.25416666670000004,3,-0.0111666667,-4.2916666667,14.5,-0.0651334045,2.0,-0.0064354322000000005,-3.6990394877,1.0,1.8181818182,0.0732046821,0.1629547612,7.4,7.0,2.2508729025,0.3488389243,2.2611299421,-0.0361578524,0.6944444444,1.1666666667,2.6666666667000003,1.1666666667,1.5,3.6666666667,5.833333333300001,5.5,5.666666666699999,6.0,4.3333333333,1.1666666667,2.8333333332999997,2.0,1.5,3.6666666667,-0.20299338309999998,6.2019768363,0.4847229195,4.3506890982,2.564369874,0.1937298163,1.4342960619,27.7777777778,22.2222222222,33.3333333333,5.1666666667,3.75,4.25,3.0,3.625,3.5714285714000003,2.375,45,-0.6440351222,3.6961641644,31,161.0,6,1.0625,1.1333333333,0.9930419922,0.0008678426000000001,1.0,0.0010084777,0.4166666667,0.0006324555,0.0002011893,0.0015811388,5,-0.7728013284999999,1.6624818799,0.5931725179999999,1.847246601,-0.4235026133,5.0666666667,418.6666666667,3.3964203772,0.3501540168,1.2202626487000001,44.0,57.5,45,-9.9234381901,14.497690016400002,0.4352878652,17,1.66962738,0.4919255339,1.8469445063999999,-0.49376758649999997,0.9166666667,0.4166666667,0.5833333333,0.9166666667,126.0,0.1,0.1,0.5,0.0,2.5923559037,0.4157384546,1.6448313963,-1.6067669989,0.4665012407,0.0792947735,3.7857590219999997,0.310252232,1.3015403352,-1.7604123096000002,282.0,7.0,5.6,346.3333333333,3.9696745148000003,0.3260656155,1.2846712343,304.6666666667,294.6666666667,3.0338868238,0.3399557577,1.5980581042000002,-10.0,37.1976744186,2.2899041955,0.2928233335,1.5271089688,-0.5048757986,4.5,6.5,7.0,2.0,4.0,33,-1.3722069944,-0.9751443953,1.8437967747,0.3361489044,1.7158180495000002,0.3284640856,-0.11627533,2.8,3.8888888889,2.2222222222,2.8,2060.7083333333,-4,10,7160.818181818199,0.8554279865000001,0.43078291609999997,1.4,2.0,2.0833333333,2.0,2.0,0.5651407679,0.32366704290000003
s505,1.5511346252,0.2387417619,1.3077284317,2.3,27.56,0.1666666667,638,12.95,0.33333333330000003,247,-0.2510800747,-1.0049960873000001,4.1970128486,0.3336494453,1.9768003573,-1.1642260762999999,0.0004075421,0.0139550171,11.0199453125,5.3333333333,4.5714285714,5.5,2.75,2.75,3.4,3.8571428571,27,3.1163989544999997,0.23923504559999997,1.706816016,0.33333333330000003,0.6666666667000001,7.083333333300001,0.075,2,-0.0016666667,-1.1666666667,8.0416666667,0.0576683292,1.0,-0.0017855362,-1.258312552,1.25,1.0,-0.0239799121,0.7154425612,7.7,6.6,1.5476388599000002,0.235389051,2.0779326441,-0.5774004060000001,0.1388888889,2.0,2.1666666667,1.0,1.5,3.0,4.5,4.0,5.1666666667,4.6666666667,3.6666666667,3.1666666667000003,4.0,2.8333333332999997,1.6666666666999999,4.5,-2.8499354295,-2.8396604659,-0.4016305517,1.4405398313999997,1.1696746727,0.10526719849999999,1.4374854763,44.4444444444,55.5555555556,66.6666666667,4.8333333333,5.0,1.75,1.625,2.5,3.5714285714000003,4.125,56,-0.9630841912,3.0580660263,17,108.0,3,1.375,1.1333333333,0.6686310053,0.0016607631,0.9328613281,0.0020960234,0.3888888889,0.009797959,0.06403124240000001,0.0256124969,2,-1.2648301811,1.4519910084999998,0.3345428157,1.3199884867,-0.46573222159999994,3.5333333333,225.6666666667,2.333067434,0.29267392270000003,1.1216631888,17.5,34.5,39,,,,6,1.3101061431,0.41932410090000005,2.0637871782,-0.5614085699,0.4166666667,0.5833333333,0.6666666667000001,,83.0,0.2,0.4,0.4,0.30000000000000004,2.8384521091000003,0.3881660257,1.5676179080000001,-1.1880348165,0.41298701299999996,0.017586225,1.8782250661,0.2575128822,1.9438905834,-0.0661264231,309.5,6.8,5.9,215.8333333333,3.1651451968,0.2801843396,1.5578898119,271.1666666667,260.1666666667,2.8573051130000002,0.3261859828,1.2775062557999999,-11.0,60.016245535799996,2.1723159065,0.3562641674,1.8534090971,-1.2641778631,5.0,4.5,4.0,2.0,4.5,62,0.43523527149999996,0.6690342810000001,1.5863615768000001,0.2454292084,1.7291770669000002,-1.0037771814,-0.7118716392000001,4.2,4.1111111111000005,3.6666666667,3.6,1712.9821428571,33,3,2945.1666666666997,0.47606115479999994,-0.8050650968,3.0,1.4545454544999998,3.0,3.0714285714,1.5833333333,0.7977451038000001,0.5412144408
s506,1.0323065474,0.46583618619999995,1.6692094735,2.3,35.4210526316,0.3666666667,641,33.0666666667,0.5,464,-0.1806920129,-0.7464502201000001,2.5013375284,0.31991110100000003,1.9627671965,0.0785838826,0.0002457791,0.0025709457,0.0278535156,3.4666666667,3.3214285714000003,3.5666666667,3.25,2.5,4.0,2.7142857143,40,2.5246846183,0.26857394160000003,1.5778229785,0.5,0.5,7.416666666699999,0.0166666667,1,0.0013333332999999998,-2.3333333333,14.041666666700001,-0.0098214286,1.0,-0.0029642857,-1.625,1.0833333333,1.0,-0.202599663,-0.5088266982999999,8.4,5.8,,,,,0.2777777778,2.5,3.0,2.0,2.5,3.5,5.1666666667,6.166666666699999,5.0,4.1666666667,3.3333333332999997,2.5,1.0,2.6666666667000003,2.3333333333,3.1666666667000003,-4.1341013512,-2.9150372675,-0.5616381195,3.4239749998,2.0622071144,0.1510413561,2.1286465405,72.2222222222,66.6666666667,59.2592592593,5.3333333333,5.5,3.375,3.125,2.75,2.4285714286,3.0,48,-0.9575666758,4.0502743994,29,225.0,9,1.0,1.4666666667,0.5456039429,0.0011617274,0.9,0.0024092999,0.5277777778,0.0015811388,0.0015811388,0.003935979300000001,4,-1.08505468,1.4507507329,0.5496758746,1.8832495972999999,0.1006103486,4.8,,,,,,,47,,,0.4284445239,3,,,,,0.8333333333,0.8333333333,0.5,0.75,131.0,0.0,0.7000000000000001,0.6000000000000001,0.4,0.8690477895000001,0.0290983119,2.4429236819,-0.2214363509,0.6010101010000001,0.09996887550000001,2.6764426347,0.3125246392,2.2774969653,-0.3577348656,362.0,5.5,5.7,365.8333333333,3.2811207001,0.3286575814,1.1021974775,255.5,296.5,2.5850491355000003,0.29283059710000003,1.7393191518000002,41.0,37.9318667014,1.6217084768,0.42577637079999997,1.9910173247,-0.9758770901,6.0,7.0,5.5,3.0,3.0,55,-0.5441210238,-0.1673526626,1.1009311781,0.3213975912,1.9121776602,-0.1725318103,-0.095092938,3.7,4.3333333333,2.0,2.8,1592.3576388889,4,11,3203.4166666666997,,,1.5,1.4545454544999998,2.3333333333,2.2142857143,3.25,0.5107807436,0.3695944579
s507,1.3866378924,0.32321580990000004,1.6964051665,2.55,40.0,0.4,687,30.4,0.33333333330000003,573,-0.6463744373,-1.4237102519,3.9574731535,0.36869200939999996,2.4837881693,-0.4610794673,0.0018251985,0.0039563751,0.028583007799999997,3.6666666667,3.8214285714,5.1666666667,2.25,2.25,3.2,3.5714285714000003,37,4.79533869,0.28379888600000003,1.6205458571,0.1666666667,0.1666666667,10.0416666667,0.2125,3,-0.0155,-3.125,7.083333333300001,0.2007512521,3.0,-0.0122470785,-2.9666110183999996,1.1666666667,1.1818181818,-0.2523173423,0.7301893367000001,8.2,5.8,2.420038302,0.3597519028,2.0053059778,-0.4043505312,0.5833333333,2.5,2.1666666667,1.1666666667,2.8333333332999997,3.5,5.0,4.3333333333,5.666666666699999,4.0,2.1666666667,2.0,1.6666666666999999,1.5,2.1666666667,4.6666666667,-2.4642785363999997,-0.9187831601,-0.5629734621,4.194188013,3.3104316135,0.2652897738,1.5723186432,38.8888888889,88.8888888889,51.851851851899994,4.5,3.5,2.75,2.5,3.75,2.8571428571,2.375,40,-0.5402436899,4.8849203713,19,151.0,9,1.0,1.2,0.8876098633,0.0014169088,1.0,0.0013522868,0.6666666667000001,0.009797959,0.009797959,0.0256124969,3,-0.8681421964,1.4998261956,0.3837046263,1.9241622186000003,-0.3331246886,3.5333333333,465.3333333333,2.8331903666,0.0940628959,2.8593215813,4.5,127.0,47,8.0292781297,-4.7475159379,0.4572231946,9,1.2991862605,0.4086089352,1.5892491179,-0.430526496,0.25,0.33333333330000003,0.8333333333,0.33333333330000003,108.0,0.4,0.2,0.4,0.1,3.1029433285000003,0.4732993426,1.6002896696000002,-0.8502992275,0.44691358020000005,0.0748270874,3.283966349,0.27665636520000003,1.8901660309,-0.23191103710000002,383.5,5.8,6.2,393.6666666667,3.6056469425,0.3200613765,1.5048791127,305.8333333333,312.8333333333,3.4210749012,0.2823855651,1.8423544987,7.0,48.941651597299995,2.8917757385000002,0.27903345949999997,2.277988698,-1.499650076,4.0,5.5,4.5,1.0,3.5,53,-0.7182290681,-0.5962758545,1.4284232429,0.2879179268,1.685385858,-0.2369749969,-0.0972502257,3.3,3.7777777778,2.0,2.3333333333,2890.1875,0,8,4600.5833333333,0.3958538502,-0.0198026273,2.4,1.5454545455000002,2.5,1.4285714286000002,1.9166666666999999,0.8780913148,0.6712601920000001
s508,1.1648658387000002,0.1972673961,1.3999853311000001,1.9,23.0,0.2,530,13.75,0.2,318,-0.43123375090000005,-1.2711052168,2.8904755976,0.3639284542,1.1717753185,-0.9675418424,0.0016380877,0.038338622999999995,0.1320664063,3.9333333333,3.25,2.7666666667000004,4.0,3.75,3.6,2.2857142857,51,4.0975949269,0.27375352940000003,1.3517843963999998,0.33333333330000003,0.33333333330000003,6.0,0.2416666667,3,-0.015333333300000002,-2.75,11.416666666700001,0.5478124999999999,3.0,-0.0072875,-5.553125,1.0833333333,1.4545454544999998,0.2406459295,1.0294389045999999,8.9,9.1,1.6020104106000002,0.3913559986,1.8099774066,-0.34264875689999996,0.22222222219999999,4.0,3.3333333332999997,1.5,5.833333333300001,5.3333333333,5.0,6.166666666699999,5.666666666699999,5.833333333300001,3.6666666667,3.5,3.3333333332999997,4.5,4.1666666667,6.166666666699999,-6.6281602069000005,-4.6735647977,0.0,5.320134937200001,2.8283746001999996,0.2281128107,1.4969970322,0.0,0.0,11.1111111111,5.5,1.0,3.625,5.0,3.125,3.0,4.5,39,-1.1652624446,3.6348828618,38,199.0,7,1.125,1.7333333333,0.7611515045,0.0014810795,0.8661010742,0.0016224492999999999,0.5833333333,0.009797959,0.009797959,0.009797959,2,-0.3520745078,1.1525622726,0.40228756229999996,1.5547059775999998,-0.4604174076,3.4666666667,301.8333333333,3.4429780351,0.29657488930000003,1.9044823874,1.5,120.5,44,26.1313525702,-21.8874835302,0.6062847056,10,1.5923999228,0.3627778634,1.9928231991999998,-0.4668307683,0.6666666667000001,0.6666666667000001,0.8333333333,0.75,145.0,0.7000000000000001,0.5,0.6000000000000001,0.8,3.4997645238999997,0.39543322659999997,1.527020661,-2.2462711637,0.4756097561,0.0380398469,3.0895458692,0.2666949467,1.3078603951999999,-0.8393974863,295.0,5.4,5.2,181.3333333333,3.7070766647,0.27920862739999996,2.9495994902,283.8333333333,266.3333333333,3.8338307008999997,0.2857092859,1.8146034904,-17.5,64.1475168608,2.1304721572,0.45681742630000005,1.9016969262,-0.31934726410000003,4.0,7.0,1.5,5.0,6.5,42,-0.2100802444,-0.7155746551000001,1.6919160762999998,0.30545216940000003,1.7648644672,-0.0929657986,0.5172993999000001,3.8,4.3333333333,2.7777777778,3.6666666667,2390.25,5,5,4104.3636363636,0.43363598509999995,0.5108256238000001,1.0,1.4545454544999998,3.1666666667000003,2.9285714286,3.6666666667,0.20192863379999998,0.2079933587
s509,0.9225250461,0.3089971211,1.4478233795,1.75,41.55,0.33333333330000003,805,18.5454545455,0.2666666667,382,-0.6310249484,-0.9650402472,3.8705982423000003,0.3418997435,2.4418871027,-0.4112073765,0.00028788070000000004,0.0008902817000000002,0.0786572266,5.2,2.9285714286,3.8333333332999997,3.0,3.0,4.0,3.5714285714000003,48,3.8040225114,0.2723849315,1.5768084899,0.5,0.33333333330000003,17.5416666667,-0.12916666670000002,1,0.005833333299999999,-3.0416666667000003,27.0833333333,0.006024096400000001,1.0,-0.0047457627,-1.5199101491,1.0,1.0,-0.2261968941,0.8070706168,7.6,6.8,1.4052333781000002,0.31788408360000003,2.0412706163,-0.7851831541000001,0.5833333333,1.0,2.5,1.0,1.5,4.5,6.0,5.666666666699999,7.0,6.5,3.3333333332999997,2.0,2.0,2.6666666667000003,1.5,5.5,0.9589107687,1.5497669629000002,-0.7746479260000001,3.7708390852999996,2.6937318465,0.2667280834,1.6996176341,33.3333333333,66.6666666667,66.6666666667,4.6666666667,4.25,3.0,2.0,3.0,2.8571428571,2.25,51,-1.0385004381999998,3.3813588491,27,121.0,9,1.25,1.2666666667,0.6454257965,0.0011296165,0.7699863434,0.0013620992,0.6388888889000001,0.0015811388,0.0006324555,0.009797959,2,-2.0109735908,1.9242744880000002,0.432362491,1.3761691588,0.2058466807,3.0,481.0,2.9266820964999996,0.2459269967,1.7576691434,39.0,115.5,45,-38.987596218,44.0495078165,0.6425266755,16,1.5135387615,0.5207081884,1.7874455965,-0.6979710396000001,0.75,0.0,0.6666666667000001,1.0,106.0,0.30000000000000004,0.6000000000000001,0.8,0.4,2.7600628382,0.458471606,1.7388004455000001,-1.7389851402,0.375308642,0.0509229013,4.2600368881,0.2884950381,2.6454716074,-0.7082029125,286.5,5.7,5.1,245.8333333333,3.3308827161,0.2531743158,3.7772715211000003,335.25,294.1666666667,3.3446556624,0.2555492041,1.666684482,-41.0833333333,4.3317748918,2.8219472424000003,0.35052508549999994,1.8692829643,-1.3255552284,5.5,6.0,4.5,3.0,5.5,41,-0.051832095099999996,-0.43880961539999996,1.9364631673,0.3765421005,1.5270699987,-0.5263620501,0.300364956,3.0,3.8888888889,2.5555555556,3.2,1846.3611111111,9,8,3740.9166666666997,-0.2306268887,0.5834482633,1.8,1.6363636363999998,1.8333333333,1.2857142857,1.6666666666999999,0.20878528989999998,0.7579937325
s510,1.3326903795,0.2387882905,1.4313308846000001,2.25,25.0,0.23333333329999997,550,15.3703703704,0.1,390,-0.4105706643,-1.3749696263,2.8343799648,0.3697522812,2.2746840444,-0.8004080882,0.00027152729999999997,8.04877e-05,0.0038271484000000004,3.5333333333,3.75,3.3,2.0,3.0,3.6,3.0,37,4.3268795433000005,0.3242699036,1.2851422634,0.1666666667,0.6666666667000001,5.833333333300001,0.0166666667,2,-0.003,-3.75,9.9166666667,0.0621158392,2.0,0.0001513002,-3.7878250591,1.3333333333,1.5454545455000002,0.9032854045,0.3349064182,7.9,5.7,2.069665553,0.4025916307,1.5896539818000002,-0.2771374862,0.7777777778,1.6666666666999999,1.0,1.5,5.3333333333,4.8333333333,4.3333333333,6.0,5.3333333333,4.6666666667,3.0,2.1666666667,1.1666666667,5.1666666667,2.5,6.333333333300001,,,0.3298219498,4.6604910377,3.4365919763,0.19132818059999998,1.4509919733,77.7777777778,44.4444444444,37.037037037,4.8333333333,1.75,3.625,4.875,2.5,3.0,3.375,41,-0.8075379761,4.3503317988,22,190.0,6,1.5,1.6666666666999999,0.7037647247000001,0.0012900464,0.7263732909999999,0.0018256287,0.6666666667000001,0.0006324555,0.0006324555,0.0015811388,5,-1.2955588381,1.7136232065,0.4393056742,1.6501448988,-0.09069779119999999,4.2,,,,,,,38,46.2959069646,-44.9740385717,0.3162816173,14,1.6154095485000002,0.5058448559000001,1.9524184629,-0.17257641469999999,0.8333333333,0.5,0.8333333333,0.75,121.0,0.2,0.9,0.8,0.5,3.7794252512,0.4334098955,1.8362763952,-1.4917668334999998,0.578817734,0.072211042,2.8214553177,0.3162305762,1.4119503314,-0.9853967995,277.0,6.0,5.9,284.8333333333,4.2242687192,0.2706973122,3.6736855925,252.8333333333,255.3333333333,3.64755737,0.318541925,1.5589732705,2.5,40.7604369879,2.9623609660000003,0.3655822082,1.6583654261,-1.5735129212,5.0,4.0,3.0,7.0,7.0,34,-0.1258068986,-0.0599588535,2.1041837581,0.33389063760000004,1.5251487937,-0.5154249382,-0.447814187,3.4,3.6666666667,2.3333333333,3.5333333333,1497.9166666667002,8,9,2515.5833333333,1.088327018,1.3530083835,2.1,2.0909090909,2.5833333333,1.9285714286,2.5833333333,0.8413403583,0.3079435494
s511,0.5989194214,0.1558361718,1.6518042469,1.45,30.05,0.33333333330000003,571,21.9166666667,0.2,504,-0.4303114009,-1.0849588264,3.9895676070999997,0.3033448667,2.2042796108,-1.6004356095,0.0011887988,0.0080505981,26.4196445313,4.0,3.7142857143,3.8,2.75,2.25,3.0,2.8571428571,38,2.7549383919999997,0.2570919202,1.7246367237,0.1666666667,0.6666666667000001,6.833333333300001,-0.0166666667,2,-0.0173333333,-0.75,1.9583333333,-0.0271186441,2.0,-0.0047686339,-1.0536042475,1.0,1.1818181818,0.08039763080000001,0.4051926846,9.1,6.7,2.0939475728,0.5634849471,1.8204220328999998,-1.0298542981999999,0.11111111109999999,1.5,2.6666666667000003,2.0,1.5,5.5,5.3333333333,5.666666666699999,4.8333333333,4.8333333333,2.5,2.1666666667,1.6666666666999999,3.0,2.3333333333,5.833333333300001,,,-0.4661756487,1.2469726666,1.1128223808,0.19148800170000002,1.476983261,0.0,22.2222222222,25.925925925900003,4.3333333333,5.75,3.625,2.125,2.625,2.8571428571,3.0,50,-1.0820225484000001,2.8201893119,24,147.0,7,1.1875,1.5333333333,0.7419845581000001,0.0009004451000000002,0.7535644531,0.0010349704,0.6111111111,0.0002011893,0.0002011893,0.0002011893,3,-0.6271592529000001,1.3341502297,0.5452096963,1.9096076196,-0.5947734606,3.9333333333,281.5,2.8691674088,0.27941261840000003,1.4285542699,8.5,36.0,44,,,0.6605382235,14,0.7440957631999999,0.49963721229999997,2.0275614700999998,-0.2103955376,,0.1666666667,0.5833333333,1.0,110.5,0.1,0.30000000000000004,0.6000000000000001,0.5,2.3281215221,0.42509409649999996,1.9924224875999998,-0.2862496194,0.5198019802,0.0798169366,1.6194853646,0.2792055847,1.6892057195,-0.7662505829999999,315.5,5.2,5.7,,,,,,,,,,,,2.1771245831,0.3463556772,1.7031572987,-1.5729184140999999,5.0,5.0,4.0,2.0,5.0,43,-0.08104340780000001,0.2804328511,1.2608172040999999,0.22889329649999998,1.6029354608000002,-0.33636506130000005,-0.6149104504,4.2,2.4444444444,2.0,2.7333333332999996,2089.3083333332997,-3,7,5293.5833333333,0.6746960062999999,0.4137639109,2.0,1.9090909091,2.5833333333,2.4285714286,2.4166666667,0.8558813952000001,0.5682754086
s001,,,,,24.25,0.33333333330000003,446,17.0909090909,0.2666666667,357,-0.8086162588,-0.5955615497,2.6288672035,0.3484738355,1.856226161,-0.7262157345999999,0.0017730443,0.1365273438,0.1463964844,2.5333333333000003,2.6785714286,3.3,2.5,2.75,3.6,1.8571428571000002,53,2.5120910726,0.2890647503,1.954966409,0.1666666667,0.1666666667,17.9166666667,0.15,0,0.0033333333,0.1666666667,8.1666666667,0.1357052897,1.0,-0.011360201499999998,-1.260495382,1.0833333333,2.0,0.08847345940000001,0.8013012034999999,6.3,5.9,1.5387530721,0.4871518794,1.6910741666,-1.5935326522,0.055555555599999994,2.5,3.0,1.6666666666999999,4.0,4.1666666667,4.1666666667,4.5,4.8333333333,4.6666666667,2.8333333332999997,2.8333333332999997,3.6666666667,2.8333333332999997,5.0,4.5,-2.329269639,-2.8861835363,-0.6596704795,2.2968937812,1.5917236849,0.043417325400000005,2.094458894,5.5555555556,0.0,18.5185185185,4.0,4.0,4.125,4.125,3.25,2.5714285714000003,4.125,52,-0.6331575077,2.7534345291,38,216.0,7,1.1875,1.5333333333,,,,,,0.25,0.06403124240000001,0.158113883,3,-0.4562905637,0.510323096,0.1884522161,1.8766974171000002,0.1178592795,6.0,,,,,,,44,,,0.5881390185,2,0.7009421268000001,0.08964236689999999,2.2938984788,-0.00014831070000000002,,,,,101.5,0.0,0.6000000000000001,0.8,1.0,1.3524497045,0.033728263700000004,2.4376226187,-1.0584051127,0.4,0.0217595581,2.4585848944,0.2651078343,1.6803762847,-0.2457573213,338.0,3.6,4.4,337.8333333333,1.790327758,0.1141434375,2.2431195621,284.8333333333,271.5,2.1181371834,0.38687316759999996,1.734037885,-13.333333333299999,91.99084148729999,1.6145172019,0.34278572399999996,1.6879309392,-0.8458539082000001,4.5,5.5,6.0,3.5,6.0,37,0.41806451590000004,-0.4863048402,0.4587397432,0.028915719000000006,1.8230800603,-0.1834644861,0.6190822402,2.7,3.7777777778,2.1111111111,3.3333333332999997,2824.1761904761997,24,4,3134.4166666666997,,,1.5,1.9090909091,1.5833333333,2.1428571429,3.4166666667000003,0.2017943997,0.1896494268
s003,0.7534772987,0.0140914008,1.4223686602,1.45,13.08,0.1666666667,319,10.0869565217,0.23333333329999997,217,-0.8802825242000001,-0.9031634261,2.1399533676,0.32553165700000003,1.5876559872999998,-0.34276447050000003,0.0002216143,0.0007892875999999999,0.0018320313,4.2666666667,3.5714285714000003,4.7666666667,3.0,2.75,3.2,2.2857142857,40,3.1755890023,0.1990665057,1.6737634426,0.6666666667000001,0.33333333330000003,16.25,-0.0166666667,1,-0.0003333333,-1.5833333333,5.3333333333,0.031863979800000004,1.0,-0.0031998321,-3.1404282116,1.3333333333,1.5454545455000002,0.4673459605,-0.046718460100000005,6.9,3.1,0.5942520072,0.0382732898,1.8352147344999998,0.5518742670000001,0.8888888889000001,4.1666666667,3.1666666667000003,1.8333333333,3.5,3.8333333332999997,4.3333333333,4.0,4.6666666667,3.5,3.8333333332999997,3.8333333332999997,2.1666666667,2.6666666667000003,2.8333333332999997,4.8333333333,,,,,0.5782389072,0.0054864811,1.3631248921,50.0,11.1111111111,14.8148148148,3.6666666667,4.75,3.0,2.75,2.75,2.5714285714000003,2.875,52,-0.5132470021000001,1.8358498131999998,23,105.0,4,1.625,1.4,0.5886491417999999,0.0013858486999999999,0.8592735290000001,0.0019867858,0.4166666667,0.0002011893,0.0002011893,0.0002011893,6,-2.0203343978,1.7408320373,0.3266148357,1.1266675181,-0.0330516551,3.3333333332999997,332.6666666667,2.6980071251999997,0.3028602064,1.1796610771,29.0,46.5,45,,,0.3953975333,3,0.6346604935,0.22421126649999998,1.8899815731,0.40730417979999994,0.1666666667,0.5833333333,0.5,0.5833333333,102.5,0.6000000000000001,0.5,1.0,0.7000000000000001,1.7376880004,0.3306002471,1.4959697224000001,-1.5019839894,0.31940298510000004,0.0199135456,1.5906922219,0.25060060100000003,1.2369352069,0.2334238712,396.5,6.6,5.2,402.1666666667,2.810064153,0.2855619957,1.4176629834999999,,,,,,,,2.6167222932,0.26360405870000003,1.9494670387000002,-0.8961367432999999,5.5,5.5,5.0,4.5,5.0,37,-0.34468407500000003,-0.4418973432,0.821539915,0.1034994818,1.9043855678,-0.19775005629999998,0.182657656,3.4,3.5555555556,3.1111111111,3.2,1718.2111904762,12,5,3925.5454545455,,,2.4,2.3636363636,3.0,2.7857142857,2.8333333332999997,0.4123381903,0.2319574599
s004,0.9849954715000001,0.027961368599999998,1.9550659934,2.35,13.4642857143,0.0666666667,366,8.9285714286,0.0666666667,239,-0.4223513647,-0.7830728043,4.8433001575,0.3623680928,3.4999956477999996,-1.0923129399,0.00033947169999999996,0.0020826111,0.0805605469,2.3333333333,2.9285714286,4.4666666667,2.75,2.25,3.6,1.7142857143,64,6.7398573552,0.319117492,1.8408401582,0.6666666667000001,0.1666666667,5.375,0.0375,2,-0.0055000000000000005,-1.2083333333,8.2916666667,0.0354738155,2.0,-0.006064837900000001,-2.2755610973,1.0,1.5454545455000002,-0.33844394409999995,0.30778027950000003,8.7,6.9,2.8106352970999997,0.4605178788,2.0549703719,-0.7458704069000001,0.055555555599999994,2.0,2.8333333332999997,1.0,1.6666666666999999,3.0,4.1666666667,2.8333333332999997,3.6666666667,3.3333333332999997,1.1666666667,1.3333333333,3.6666666667,2.0,2.0,5.0,0.6592348284,2.3198901175,0.0,5.320134937200001,3.4724962907,0.191799795,2.4268584134,66.6666666667,0.0,25.925925925900003,5.3333333333,3.5,5.0,4.25,4.875,3.7142857143,3.75,38,-0.5402436899,4.8849203713,34,185.0,7,1.0,1.2666666667,0.86980896,0.0019608739,0.8949951172,0.0023698618000000003,0.7222222222,0.009797959,0.06403124240000001,0.06403124240000001,3,-0.5322831691000001,1.8514624568,0.4840062044,2.1201955433,-0.2492364085,5.6,231.8333333333,2.7170682400999997,0.2682825699,2.1149200776,-8.5,343.0,47,7.2530358813,-4.9340587202999995,0.49854901380000005,9,1.9542067097,0.5538516706000001,2.2081387243,-0.5745525243,0.5,0.8333333333,1.0,0.9166666667,133.0,0.1,0.5,0.2,0.0,3.2799358498,0.4776573859,1.9340604637,-2.8010319347,0.4170731707,-0.0257901547,4.9509323157,0.2987973198,1.5621386806,-2.1224184866,304.0,6.4,5.6,282.0,4.3224495333999995,0.24305509200000006,4.2485060611000005,248.0,281.5,5.0056874512,0.3084660058,4.2364307353,33.5,85.3694095769,3.8909084733999997,0.37712964340000005,3.0718388489999997,-0.9007125545999999,6.5,7.0,7.0,3.0,4.0,38,-0.4318642321,-0.9185934666,2.1830414266,0.3332175236,1.6146116661,-0.0455862138,0.895182378,2.1,4.1111111111000005,2.0,2.6666666667000003,2051.79375,8,7,3805.75,-0.0735280267,0.19415601440000002,1.5,1.6363636363999998,1.5833333333,1.1428571429,1.9166666666999999,0.8881223547,0.2568828541
s008,0.9655721795,0.0760933473,1.3796783943000002,1.4,27.2916666667,0.2,628,17.5,0.0666666667,470,-0.2301630017,-1.0776065297,2.8745343224,0.4007248570000001,1.4331063041999998,-0.7244010353,0.0005160178000000001,0.0046499634,0.051495117199999996,3.9333333333,3.8571428571,5.8666666667000005,2.0,1.5,3.4,3.4285714286,32,1.8949309909999998,0.21742212809999997,1.2426451938,0.6666666667000001,0.1666666667,16.7083333333,0.2375,3,-0.0048333333,-2.625,15.0,0.3832153691,3.0,-0.007389282099999999,-3.0165824065,1.25,1.4545454544999998,0.0509474165,0.050034244000000005,7.9,7.4,0.7456946932999999,0.135007372,1.9794002804,-0.205051729,0.25,3.3333333332999997,2.5,2.3333333333,1.3333333333,4.6666666667,4.1666666667,4.6666666667,4.6666666667,4.3333333333,2.5,4.0,1.8333333333,4.5,1.3333333333,5.833333333300001,-1.4208538668000001,0.5552806319,0.1954308362,4.9292732649,2.4443222,0.0621108329,2.4715208341,0.0,100.0,77.7777777778,3.6666666667,4.25,2.75,2.625,3.0,2.0,2.0,22,-0.5306698657,2.9584098130000003,28,230.0,7,1.1875,1.0,0.6793907165999999,0.0020733036,0.8077308655000001,0.001848518,0.5555555556,0.009797959,0.009797959,0.0256124969,2,-1.6909160852,1.2904023046,0.3362501933,1.2822653829000001,0.22366516379999998,2.8666666667,314.1666666667,1.4021489371,0.2404088277,1.153103906,-39.5,-39.0,45,,,0.2881595819,10,1.1079263712,0.4093570754,1.6431722097,0.9495070109999999,0.4166666667,0.6666666667000001,0.6666666667000001,0.6666666667000001,78.0,0.30000000000000004,0.2,0.2,0.2,2.7061730674,0.3892065492,1.3120543699,-2.0033505023,0.34526854220000003,0.0551701192,2.5107529271,0.2660004219,1.2940822177,-0.7188565253,351.0,7.5,5.5,361.1666666667,2.1668065321000003,0.32022968500000004,1.1253642347,309.8333333333,362.6666666667,1.6132100613999998,0.2823615839,1.2087471336,52.8333333333,91.42600795370001,1.6341277381,0.3073241084,1.6243390236000002,-1.3166042583,2.0,4.5,1.5,3.0,3.5,48,-0.4752059471,-0.036583405,0.7407104724,0.0317453528,1.8067458586000003,0.03284986,-0.16860793219999998,3.8,2.5555555556,3.1111111111,2.7333333332999996,1888.6402777778,9,10,3792.25,0.4608152032,-0.8554279865000001,2.6,2.1818181818,2.6666666667000003,2.2142857143,1.9166666666999999,0.1564823131,0.15071143369999998
s010,1.3694442722,0.0948424671,1.7023933405,3.75,43.1578947368,0.3666666667,769,23.1111111111,0.4,394,-0.42535150979999997,-0.7190586184000001,3.9112164882,0.3172324945,2.5139769737,-0.8495968284000001,0.0024217908,0.0040831299,0.030631835899999998,4.1333333332999995,4.0,3.8,3.0,2.75,3.8,2.2857142857,39,3.0178284327,0.022681424900000004,3.4773154111,0.8333333333,0.1666666667,8.625,0.1375,3,-0.0098333333,-2.375,7.5,0.1920833333,3.0,-0.0077833333,-2.6541666666999997,1.0,1.9090909091,-0.0795726653,0.5786209861,7.3,4.9,1.8455004338,0.4374708367,1.7975334994,-0.9946621709,0.1388888889,3.0,5.1666666667,2.5,3.8333333332999997,4.6666666667,4.0,5.0,5.0,4.8333333333,3.3333333332999997,3.6666666667,6.5,3.8333333332999997,3.8333333332999997,5.0,-1.1348912787999998,-0.9297362376,-0.3719338943,3.8121088774,2.4843304301,0.1083631742,2.7833000573000004,66.6666666667,33.3333333333,22.2222222222,5.5,4.75,3.625,3.5,3.25,3.1428571429,3.25,46,-1.0437196498999999,2.8967951088999997,26,129.0,10,1.0,1.5333333333,0.6569755554000001,0.001814584,0.948046875,0.0022854762,0.4722222222,0.0636371852,0.06403124240000001,0.06403124240000001,1,-1.1754542088,1.9893935719,0.3625748171,1.8635526985,-0.3215423155,3.2666666667000004,402.5,3.3332894542,0.1992630996,2.4038556554,76.0,12.0,47,77.0936888722,-65.0831765259,0.6504249145000001,13,1.46748075,0.2985990989,2.6013182121000002,-0.2617076537,0.33333333330000003,0.9166666667,0.75,1.0,123.0,0.30000000000000004,0.7000000000000001,0.2,0.8,2.5925178354,0.42412743799999997,2.2603591827,-0.7720142704999999,0.4074074074,0.024761780499999997,3.1258066244,0.2028337564,1.9980292264,-0.2200611685,334.0,7.8,6.3,333.1666666667,3.6127918296,0.3032299562,3.0613388694,,,,,,,,2.4459090183,0.378532617,1.6211803071000002,-1.9865578456,5.0,6.0,6.5,4.5,3.5,36,-0.4978652313,0.008661336,1.1666009388,0.07990030520000001,2.3208566312,0.5481554036,-0.08398429210000001,3.0,4.0,2.0,3.4666666667,1588.0909090909,7,10,2708.75,,,1.8,2.0909090909,1.9166666666999999,2.4285714286,2.75,0.9126913795,0.1322771081
s013,1.360410339,0.1524450204,1.5342939768000001,2.15,22.407407407399997,0.1,586,23.473684210500004,0.3666666667,424,-0.0666062176,-0.8426885909,5.2043928806,0.36804386219999996,3.0369165407,-0.7874590476000001,0.0005160178000000001,0.0025000534,0.0058095703000000005,2.5333333333000003,3.4642857143,3.6333333333,1.75,1.75,3.2,2.5714285714000003,50,5.7366014429,0.2995033137,1.6126064381999998,0.5,0.5,9.2083333333,0.3625,3,-0.0248333333,-1.7083333333,4.9166666667,0.0283316481,2.0,-0.0127332659,-2.2335692619,1.0,1.7272727273,0.7785107695,0.36017186970000004,9.0,9.3,2.4035678289,0.5216719933,1.669780768,-0.34389496810000003,0.7777777778,2.3333333333,6.0,1.6666666666999999,1.5,5.0,3.8333333332999997,5.1666666667,4.1666666667,3.0,1.6666666666999999,1.1666666667,1.5,2.1666666667,1.1666666667,5.3333333333,-0.9950802878,0.8458222087999999,0.0,5.320134937200001,3.7221947287,0.25475070980000003,2.1171191428,44.4444444444,55.5555555556,25.925925925900003,4.6666666667,3.5,4.0,3.625,4.25,4.0,3.375,45,-0.7017421781000001,4.5619233948,30,218.0,8,1.0,1.2,0.7021778107000001,0.0011535233,0.7785831451,0.0013447607,0.5833333333,0.0015811388,0.009797959,0.009797959,4,-0.7427379120000001,2.0318306091,0.5685125454000001,1.8002964142,-0.2569276934,5.0666666667,288.8333333333,2.9853112895,0.28287437309999997,1.4584056188999999,65.0,-51.0,45,1.3199854212,-0.9613955142,0.5857221139000001,13,2.0798351804,0.5239445722,2.0011093815,-1.1008457059999999,,0.5,,,125.0,0.1,0.2,,,4.6051210738,0.441447245,1.8143146945,-2.407951031,0.4232673267,0.0747514269,4.441994233,0.3718957702,1.7833864144999998,-1.184806545,316.5,5.6,6.5,294.8333333333,4.9130465964,0.3299378571,2.348814767,266.1666666667,308.6666666667,4.9199925637,0.29169364410000004,2.3274560288,42.5,44.2660994367,2.3052539785,0.3996668856,2.0908481944,-2.0574671284,6.5,7.0,7.0,3.0,4.0,39,-0.4265976835,-0.3905627338,2.6664382586,0.3668121495,1.6354824019,-0.13206345960000002,-0.2427314779,2.6,3.4444444444,2.0,2.6666666667000003,2806.9880952381,5,7,4206.1666666667,-0.7841303970000001,1.1438299999999999e-05,1.6,2.0909090909,1.5,1.1428571429,2.1666666667,0.8504350937999999,0.35243257969999997
s014,0.7844718875000001,0.043132580100000005,1.4063488327000002,1.5,16.1481481481,0.1,426,12.153846153800002,0.1333333333,303,0.2853227793,-1.7308752526000002,0.7690573071,0.1221345307,1.9110684006,0.0327223475,0.0012615439999999999,0.0085062256,0.3257021484,3.3333333332999997,3.8571428571,4.6333333333,3.0,3.0,3.0,2.8571428571,45,2.1567137061,0.0675951934,2.510419657,0.33333333330000003,0.5,8.0416666667,0.0291666667,1,-0.0078333333,-3.125,4.25,0.1512254902,3.0,-0.0077058824,-2.6666666667000003,1.0833333333,1.1818181818,-0.11409928039999999,0.7487803391000001,7.2,5.7,1.6337313616999998,0.33870710979999996,1.8859516405,-1.0424217239,0.0,2.8333333332999997,3.3333333332999997,3.5,3.0,3.5,5.1666666667,4.5,4.6666666667,4.5,4.0,3.0,2.6666666667000003,3.8333333332999997,3.1666666667000003,4.0,-1.330882082,-0.7508625389,-0.3446865999,2.6242163319,1.6500285384,0.06592501860000001,1.9808961137,44.4444444444,33.3333333333,44.4444444444,4.3333333333,3.75,3.625,3.0,3.75,3.0,3.125,37,-0.3258414813,3.0597768826999996,29,168.0,10,1.125,1.2666666667,0.7172293185999999,0.0011741687,0.5847579479,0.0008385867999999999,0.5277777778,0.158113883,0.25,0.25,1,-1.1178096245,1.2328985196,0.35436736,1.5710010520000002,-0.2942570426,5.2,348.1666666667,2.1459736085,0.2262288002,1.3942586062,46.5,24.0,45,,,0.2956460299,6,1.0205080362,0.3989316,2.0276644338,-0.48271023979999994,0.5,0.9166666667,0.4166666667,0.6666666667000001,107.5,0.30000000000000004,0.1,0.2,0.2,0.8915223911,0.030576252,2.4891938278,-0.5075630444,0.3282828283,-0.02260803,1.8390754703,0.31984205600000004,1.7245522440999999,-0.9126469856,315.5,6.0,4.7,,,,,224.8333333333,250.5,2.9095636414999997,0.2738942462,2.0338132513,25.6666666667,15.6246753247,2.3486657401,0.33797714570000004,1.8739904546000001,-1.0735787633,5.5,5.0,4.5,3.5,4.0,42,-0.41269287299999996,0.3537911636,0.7185719186,0.08529249300000001,2.0114902624,0.155635816,-0.9333836859,2.6,3.0,2.7777777778,2.8666666667,2810.0145833333004,9,5,4402.6666666667,0.10285738539999999,-0.1541506798,2.1,2.0909090909,2.3333333333,2.0,2.0,0.7998899836000001,0.3405855003
s015,1.691984486,0.2161986295,1.2880839401000002,2.55,44.0666666667,0.5,624,24.5,0.33333333330000003,460,-0.8486716921999999,-0.7814894374,3.9869373294,0.3104047455,2.2618069571,-1.3625325416999998,0.0011576639999999999,0.008427215600000001,0.0292744141,3.4,2.9285714286,3.4666666667,2.75,3.0,3.6,1.7142857143,65,3.4965202001,0.2845772634,1.4152035446,0.5,0.33333333330000003,8.375,0.1625,2,-0.0025,-7.208333333300001,6.25,0.13857142860000002,1.0,-0.0017428570999999998,-3.6142857143,1.0,2.0,0.07950538110000001,0.7646721156999999,6.0,5.5,1.3940569497,0.3895484951,1.7761618604,0.0900775809,0.11111111109999999,1.6666666666999999,1.0,1.1666666667,3.1666666667000003,4.5,6.5,6.666666666699999,6.333333333300001,4.3333333333,2.8333333332999997,1.3333333333,1.0,1.1666666667,4.1666666667,5.5,-1.1579689621,-0.4386820118,-0.6385366708,4.0430615957,2.8133518001,0.0251809373,2.7255196338000003,50.0,11.1111111111,11.1111111111,5.833333333300001,4.25,4.125,3.875,4.125,3.5714285714000003,2.75,44,-0.9928100529,3.4727396196,39,218.0,7,1.0625,1.7333333333,0.6677876473000001,0.0014048019,0.9998046875,0.0016761451,0.5833333333,0.06403124240000001,0.1265219767,0.158113883,4,-1.3139946618,1.7955503109,0.3769742894,1.541545214,-0.4713296934,5.2,298.0,3.4747072061,0.31548333770000003,1.4338697233000002,0.0,84.0,47,,,0.5386307889,8,1.2560571303,0.4497811799,1.9847011563,0.054625579900000006,0.5833333333,0.8333333333,0.6666666667000001,0.75,144.0,0.0,0.1,0.7000000000000001,0.8,2.9447456643,0.41341263409999995,1.5117613283000002,-1.3958597686,0.512254902,0.06085366580000001,1.7366899375,0.2755402998,1.3262914611,-0.596143127,288.5,6.8,6.6,287.5,3.1897642419,0.3592782618,1.0778668177,230.6666666667,242.1666666667,3.3401504712,0.3218647288,1.4359750788999999,11.5,34.7606433777,2.0193086314,0.31579241210000003,1.9085497471000001,-0.7117308765000001,7.0,6.5,7.0,6.0,6.5,34,-0.3738469674,-0.0575979587,1.2251232178,0.3265004342,1.4782354752000002,-0.5571127163,-0.1564674237,2.1,3.7777777778,2.3333333333,3.2666666667000004,1979.0006172839999,21,7,3214.75,0.7544180060000001,1.4663370688,1.1,2.1818181818,1.4166666666999999,1.2142857143,3.1666666667000003,0.185847204,0.34868715570000003
s016,1.1755425866,0.153689085,1.3509232012,1.65,18.565217391300003,0.23333333329999997,407,18.3913043478,0.23333333329999997,398,-0.0373779448,-1.4046716109000001,2.3277624544999997,0.38194170340000005,1.2423607051,-1.4932426338999998,2.2842000000000006e-05,0.0002564468,0.0016552734,2.8666666667,3.2142857143,2.5666666667,4.0,1.25,3.8,3.8571428571,55,3.4070299267000004,0.2381821684,1.5250231807,0.5,0.1666666667,13.333333333299999,0.0416666667,1,-0.0016666667,-3.3333333332999997,10.5833333333,-0.026056338,0.0,0.0023943662000000003,-0.2746478873,1.0,1.0909090909,0.0018743410999999999,0.978093639,8.1,4.7,2.6604177399,0.41541253,1.3376148131999999,-0.292816318,0.9166666667,1.8333333333,1.5,1.0,1.0,1.6666666666999999,6.0,6.166666666699999,7.0,6.833333333300001,6.166666666699999,2.0,1.6666666666999999,1.0,1.0,1.6666666666999999,-0.9555260072,-0.0915626676,0.1910395678,4.9380558016,2.7218266307,0.0199516756,3.0092932588999997,50.0,0.0,22.2222222222,5.833333333300001,5.75,3.25,3.25,3.0,3.4285714286,3.75,50,-1.4013457528,3.1627162452999995,22,120.0,9,1.0,1.0,0.6846951008000001,0.0017568476000000002,0.6621181488,0.0013839845000000002,0.5833333333,0.0006324555,0.0004,0.0006324555,4,-1.5630692469,1.7141852292,0.3965402769,1.4069582459999999,-0.9393901534,3.3333333332999997,332.8333333333,2.7617577495999996,0.2632615821,1.4970732528,-10.5,-11.0,47,,,0.3657674092,6,1.2225624182,0.5539664075,1.3062435096,-0.32742639360000003,0.5,0.1666666667,0.75,0.5833333333,134.0,0.0,0.1,0.30000000000000004,0.30000000000000004,2.5158384708000003,0.37214922219999996,1.6405185977,-1.2086384801,0.4414634146,0.05669645640000001,2.4100595697,0.2368318255,1.0144201682,-1.3661049018,348.0,6.0,5.7,350.1666666667,2.7733796743,0.324708131,1.6017354069999998,315.6666666667,337.5,2.6210734082,0.3094986654,1.2527388179999999,21.8333333333,49.078951679,2.1874139495,0.3457626835,1.6245701005000002,-1.4859117981,4.0,7.0,4.0,1.0,4.0,66,-0.4172271502,-0.3271138069,1.3079919054,0.29211780390000003,1.4752309762,-0.045757339400000006,-0.2304140599,2.8,4.5555555556,2.1111111111,1.7333333333,1743.3083333333,10,9,3615.0,,,1.2,1.0,1.9166666666999999,1.0,1.0833333333,0.8220265439000001,0.20137568809999998
s018,1.5833203012,0.1121351114,1.6281736193,2.5,28.125,0.2,650,16.8421052632,0.3666666667,310,-0.2579140194,-1.2528618319,2.6729580400999997,0.3846397039,1.7956816670000002,-0.3517928211,0.0039904876,0.0065501709,0.052202148399999995,2.0,2.9285714286,3.5666666667,2.5,1.75,3.0,2.4285714286,49,2.9065543341000004,0.2665676605,1.6004269863999998,0.6666666667000001,0.33333333330000003,13.833333333299999,0.20833333329999998,3,-0.008333333299999999,-3.3333333332999997,13.958333333299999,0.2622332859,3.0,-0.016727088,-4.9679943101,1.0833333333,1.0909090909,0.48201696509999997,0.3721206409,9.3,5.7,2.2119870622,0.4254161878,1.9731970568,-0.7318041481,0.0,3.3333333332999997,2.8333333332999997,2.0,2.5,3.8333333332999997,3.5,5.0,4.6666666667,4.6666666667,3.5,4.3333333333,2.1666666667,4.1666666667,1.5,4.1666666667,-0.49533683869999995,-0.5271442403000001,-0.5542288687,2.8827508555000003,2.1425909692,0.27258989079999996,1.8829708685,22.2222222222,66.6666666667,59.2592592593,4.8333333333,3.75,3.5,3.375,4.875,2.0,1.625,42,-0.8742787237,3.2356769612000003,30,,10,1.0,1.2,0.6659279822999999,0.001905883,0.7882110595999999,0.0027078689000000003,0.5833333333,0.158113883,0.06403124240000001,0.06403124240000001,1,-1.2535046681,1.9302991315,0.38502206549999995,1.7408932507,-0.1414278735,4.0666666667,350.0,2.6404357826,0.3392007703,1.5045509168,18.5,21.0,47,,,0.5681403456,14,1.3219803108,0.4303703248,2.1727042818999998,-0.1617202384,0.0833333333,0.4166666667,0.75,0.6666666667000001,114.0,0.2,0.4,0.30000000000000004,0.30000000000000004,2.9945063336,0.3878753014,1.4826980494,-1.2608865183,0.2634146341,-0.0066916454000000005,3.6063777435000004,0.297474418,1.587011965,-0.9039119986,399.0,6.9,7.3,352.3333333333,3.1121760995999996,0.3501981501,1.4205386353,323.3333333333,427.8333333333,2.8209346033999996,0.22024667239999998,1.9922983309,104.5,58.9768217054,2.5965029045,0.2856076303,1.9022333512,-1.2802660313,5.0,6.5,6.0,2.0,2.0,47,-0.2761867739,-0.4504217808,1.7210199166999998,0.3544816851,1.6039679437999999,0.0669638884,0.08606449810000001,3.3,3.7777777778,2.7777777778,2.4,1919.09375,12,6,3500.5833333333003,0.025533302,-0.0487901642,1.9,1.9090909091,2.0,2.0,2.1666666667,0.3565769224,0.15480139539999999
s019,1.1323610028,0.21072329739999998,1.4395038340000001,1.85,36.35,0.33333333330000003,679,22.5714285714,0.30000000000000004,434,-0.5447366929999999,-0.3120706232,3.6163888668,0.33845369840000006,1.5862983550999998,-2.1400117906,0.0027439678,0.0301599121,0.0554257813,3.6,3.0714285714,3.5333333333,3.0,2.25,3.8,2.8571428571,58,4.0689275894,0.2691549662,1.1440610118,0.1666666667,0.6666666667000001,8.8333333333,-0.025,1,0.0006666667,-2.1666666667,16.375,0.1503861004,1.0,-0.0054440154,-1.8243243243,1.0,1.1818181818,0.0109983284,1.1656895757999999,8.1,6.4,1.676478965,0.39021609240000005,1.6914736021,-0.4457867323,0.027777777799999997,2.0,3.8333333332999997,1.3333333333,3.8333333332999997,3.8333333332999997,5.3333333333,4.3333333333,4.3333333333,4.3333333333,2.8333333332999997,1.1666666667,1.1666666667,2.8333333332999997,1.8333333333,4.1666666667,-1.4105933646000002,0.1175608209,-0.5629734621,4.194188013,2.4702769968,0.1986139807,1.5047968575,27.7777777778,11.1111111111,22.2222222222,6.0,3.5,4.0,3.125,3.5,4.0,2.625,49,-0.9437793146,3.5708010963,30,175.0,6,1.0,1.0666666667,0.7385317802,0.0014053336,0.8894531250000001,0.0017720488,0.5555555556,0.158113883,0.25,0.25,3,-1.5242397552000002,0.8995798612,0.38961745729999997,1.129181704,-0.4655048165,4.6,273.8333333333,2.624029621,0.26174044890000003,1.674886944,6.0,65.5,46,8.0015597358,-2.2601786806,0.5934771002,7,,,,,0.75,0.6666666667000001,0.5833333333,0.8333333333,133.0,0.0,0.30000000000000004,0.30000000000000004,0.1,3.1850393701999997,0.446995256,1.3548907630000002,-0.6616704146,0.2975,0.0312496677,2.7258793097000003,0.2459196794,1.1790803906,-1.3944780047999998,261.0,5.7,5.0,292.8333333333,4.0557490439,0.32365095790000004,1.3093559114,211.1666666667,272.0,2.8164029497000005,0.28684707730000003,1.4147279915000002,60.8333333333,67.5252268982,1.3600046962999999,0.37961591520000004,1.4841470091,-1.7954376991999998,6.5,6.0,6.5,2.5,3.5,42,-0.2491054304,-0.1493630861,1.3386731053,0.2784651978,1.3578453494999998,-0.3730451002,-0.0016680755000000002,2.4,4.2222222222,2.4444444444,2.6,2078.775,1,9,3395.25,-0.3949337507,1.1874915781,1.3,1.3636363636000002,1.5,1.2142857143,2.3333333333,0.7690950804000001,0.41290678490000005
s021,,,,,38.75,0.33333333330000003,725,12.909090909100001,0.2666666667,259,-0.1598408171,-4.4521395816,0.6072775968999999,0.4696446263,1.3131895174,-0.3872313837,25.691345703099998,0.1993457031,0.30275195309999997,4.4,3.6428571429,6.5666666667,3.0,2.75,3.4,2.8571428571,51,3.0213579926,0.052679348499999994,3.3793152825,0.5,0.33333333330000003,11.375,-0.1125,1,-0.0035,-1.7916666666999999,11.25,-0.0091478697,0.0,-0.0009674185,0.0977443609,1.6666666666999999,1.9090909091,0.0989943017,0.15561908,5.7,4.1,,,,,0.0,1.3333333333,2.0,1.1666666667,3.3333333332999997,2.6666666667000003,5.666666666699999,6.5,4.1666666667,4.1666666667,2.0,1.0,1.1666666667,3.3333333332999997,4.8333333333,5.1666666667,-2.6103691712,-1.8020835384,-0.7296435444,3.0425643042000003,2.3680548331,0.27824057280000003,1.3730665525999999,44.4444444444,77.7777777778,44.4444444444,6.166666666699999,2.0,3.125,4.125,3.25,3.1428571429,2.75,50,-0.6807759697,4.096807786,29,99.0,9,1.3125,1.6666666666999999,0.8289733887,0.001120118,1.0,0.0014837069,0.6111111111,0.158113883,0.25,0.158113883,4,-1.4183625862,0.8115676405000001,0.3726274686,1.7593045137999999,-0.5509493838,3.8666666667,419.8333333333,1.5983522068,0.2172986155,1.8915511644,-34.0,26.5,38,,,0.8909232088,11,0.6457867406000001,0.3270027432,2.0986905597,-0.8391265309,0.75,0.4166666667,0.8333333333,0.75,111.0,0.0,0.0,0.4,0.8,0.6650892151000001,0.0481363258,2.2320384536,-0.9483126462,0.3218085106,-0.016245838999999998,3.3269930704000004,0.3265942551,2.3620014132,-0.5212946692,365.5,5.3,4.2,410.5,2.4384302651,0.31884973380000003,2.2391557293,,,,,,,,1.6466863658000002,0.5335518463000001,1.9475251771,-1.2496002469,7.0,4.5,5.5,2.0,5.0,27,-0.2435648339,-0.6524097627000001,0.6642130747999999,0.085667486,2.0254407531,-0.1335090258,0.4347719459,4.3,3.0,3.2222222222,3.2,3556.8148148148,-2,8,3939.9583333333003,,,2.3,1.8181818182,2.25,1.5714285713999998,2.6666666667000003,0.7989184684,0.2013172304
s023,1.3795443893000001,0.3109052811,1.5374688031000001,2.5,25.318181818200003,0.2666666667,533,11.1363636364,0.2666666667,227,-0.6461433135,-0.5039828665999999,3.2294615145,0.4147096865,1.5517559455,-1.4444524234,0.00027422080000000004,0.0059315947999999995,0.0229199219,3.6666666667,3.5714285714000003,5.1666666667,2.5,2.25,2.8,2.8571428571,45,3.8627346337,0.3111313461,1.4898005294,0.5,0.33333333330000003,7.208333333300001,0.0458333333,2,-0.0108333333,-0.9583333333,6.875,0.0481595092,1.0,-0.0002494888,-1.4038854806,1.0,1.2727272726999999,0.1983822269,1.3135460543000002,6.5,5.0,2.1285291528,0.4905312765,1.9417616969,-1.0787437870999999,0.1666666667,3.1666666667000003,3.1666666667000003,1.6666666666999999,4.5,3.8333333332999997,4.3333333333,4.5,4.3333333333,4.8333333333,3.6666666667,3.0,2.1666666667,4.8333333333,4.0,6.333333333300001,-3.8627853780000003,2.0746144752,0.4847229195,4.3506890982,2.1000250683000004,0.29285804120000003,1.1317723916,22.2222222222,11.1111111111,18.5185185185,6.5,4.75,4.25,4.25,3.375,4.1428571429000005,3.625,45,-1.0385004381999998,3.3813588491,27,168.0,8,1.0,1.4,0.7074542999,0.0010255102,0.7729003906,0.0014884655,0.5555555556,0.009797959,0.009797959,0.009797959,3,-0.5621993096,1.6190996815,0.5335245286,1.6207442768,-0.5496381483,4.3333333333,391.6666666667,3.7818291141,0.3642501277,1.7669108915,-8.0,62.5,47,-3.1434958554000003,7.761384741900001,0.6243523893,9,1.0028795659,0.0949522658,2.7174292986,-0.049502297599999995,0.75,0.5,0.8333333333,0.8333333333,126.0,0.2,0.4,0.8,0.5,3.2134300648000003,0.4430312832,1.83708947,-1.211284594,0.5780487805,0.0385593892,2.8937577752999997,0.346043726,1.3913663998,-1.2464497718,351.0,6.3,7.1,316.1666666667,5.345158494800001,0.35901294980000004,3.4395702623,321.3333333333,341.6666666667,3.1332393258999995,0.415853816,2.0604225611,20.3333333333,-14.1275912895,3.1201822255000002,0.3687244628,1.8367083866999998,-0.8884021534000001,6.5,3.0,7.0,2.0,5.0,29,-0.36905200299999996,-0.07963034440000001,1.6205954972999999,0.0975790729,2.5770036961,-0.6580539281000001,-0.2041753402,2.7,3.6666666667,2.8888888889,2.3333333333,2381.6041666667,3,8,4947.5,0.7955245276,1.2909841813,1.5,1.3636363636000002,2.0,1.3571428571000002,2.1666666667,0.6234459873,0.1383743663
s025,1.0860710889,0.2410151226,1.1469569022,1.75,37.0,0.33333333330000003,705,29.761904761900002,0.30000000000000004,595,-0.3187333666,-1.2432945681,3.5100713948,0.385488992,1.7201068101,-1.4083471586,0.0013148535,0.006474243199999999,0.0148300781,4.8,4.2142857143,6.0666666667,2.0,1.75,3.0,3.7142857143,27,4.1831205151,0.2869090345,1.2261541617,0.6666666667000001,0.33333333330000003,8.375,-0.0125,2,-0.0115,-2.0416666667,16.25,0.1594047619,1.0,-0.0062571429,-2.1773809524,1.4166666666999999,1.0,-0.0832420458,0.9419198374,7.9,5.8,2.1598788433,0.4401221389,2.2755640336000003,-0.39968267259999996,0.1666666667,2.5,3.1666666667000003,2.0,3.5,4.6666666667,4.6666666667,4.5,5.833333333300001,4.6666666667,3.8333333332999997,3.3333333332999997,1.5,2.8333333332999997,2.6666666667000003,4.6666666667,-0.7004270937,0.9003649848,0.0,5.320134937200001,2.5499642736,0.0699880864,3.1251331908999997,27.7777777778,77.7777777778,59.2592592593,2.8333333332999997,3.25,3.125,2.125,3.25,2.5714285714000003,3.5,31,-1.1652624446,3.6348828618,22,163.0,8,1.4375,1.5333333333,0.7785339354999999,0.0016058792000000002,0.9140380859999999,0.0018835972,0.6111111111,0.009797959,0.009797959,0.0256124969,2,-2.3201165024,1.7567481207000002,0.4270761065,1.4594665828,0.0929642531,3.9333333333,291.3333333333,3.3408872342,0.33682416810000004,1.4102165714,25.5,111.0,41,38.738515224299995,-30.0512665906,0.5586869703,13,1.9272501059,0.473162416,1.9746637743,-0.2839044823,,0.6666666667000001,0.8333333333,0.0833333333,76.0,0.1,0.4,0.4,0.6000000000000001,2.84771717,0.4337481735,1.5883919676,-1.2029332718999999,0.4004975124,0.024790677599999998,3.6882549512,0.2920089805,1.3581039819999998,-0.9288170486,309.5,6.7,5.7,348.3333333333,3.6612985868,0.28866848230000003,1.5384802625999998,264.3333333333,268.3333333333,2.8403180069,0.33841608030000003,1.3991411753,4.0,33.079631832,2.2953675392,0.3078252882,2.4163033986,-1.4918228988999997,4.0,3.5,2.0,1.0,3.5,66,-0.5221518974,-0.135697068,0.6056577913000001,0.1431962483,1.8909893786,-0.1386535635,-0.45499509270000005,3.8,1.8888888889,3.0,2.2,2549.1439393939,1,9,5743.583333333299,0.1909185407,0.9916401691,2.8,1.8181818182,2.9166666667000003,2.4285714286,2.0,0.8269507293,0.2705963705
s030,1.1754756239,0.1965641294,1.6197532094,2.1,43.8571428571,0.5333333333,579,34.7692307692,0.5666666667,416,-0.2764351823,-0.378584005,3.784145025,0.2453809718,2.2293994776,-0.833492914,6.98187e-05,0.00052248,0.0017607422,4.1333333332999995,4.3928571429000005,4.9,3.0,3.0,2.8,2.4285714286,42,2.7831342938,0.21514793989999997,1.4497305991,0.33333333330000003,0.33333333330000003,14.25,-0.033333333300000004,2,-0.0076666667000000015,-3.75,5.458333333300001,0.22388211379999998,3.0,-0.0085317073,-3.7670731707,1.25,1.8181818182,-0.1030590545,0.4874038933,6.6,4.9,1.8982819538999998,0.3447710019,1.6205566443,-0.5271119749000001,0.9166666667,4.1666666667,4.8333333333,3.0,3.8333333332999997,4.5,4.1666666667,3.6666666667,4.6666666667,4.0,3.8333333332999997,3.5,3.3333333332999997,3.3333333332999997,3.5,4.1666666667,-2.1849170368,-1.7133517842,-0.7548590440999999,3.8104168489999997,2.3033023019,0.129182559,2.2887413997,33.3333333333,33.3333333333,40.740740740700005,4.3333333333,4.0,3.5,3.125,3.875,2.2857142857,2.75,43,-0.9575666758,4.0502743994,26,286.0,4,1.1875,1.6,0.6456154823,0.0015567217,0.749813652,0.0022531579000000003,0.5833333333,0.0006324555,0.0015811388,0.0038729833,5,-1.4212243041,1.2669425917000001,0.208789645,2.0953264076,-0.1009874376,4.4666666667,188.3333333333,2.4646179036,0.2269019214,1.978900368,1.0,91.5,43,8.9697694742,13.0448607427,0.3844656944,4,0.6396250409,0.06584876,2.2327646372,-0.5988143259,0.5833333333,0.9166666667,,0.9166666667,104.5,0.4,1.0,0.6000000000000001,0.8,2.6315967069,0.3276989077,2.2743840585,-1.5460925319,0.6025,0.0907461746,2.8359004113,0.2185457555,1.698196793,0.055650625,481.5,6.6,5.1,284.8333333333,2.11452392,0.3607241248,1.7375426611000002,201.6666666667,207.6666666667,3.1112787638999997,0.2918211311,2.2148918721,6.0,9.4124369748,3.0493652377,0.2253924895,2.7980485531,-0.9727556299,5.0,4.5,4.0,4.0,4.5,43,-0.20661846469999998,-0.2070861236,0.7499964974000001,0.29109499769999997,1.7929054072,-0.7771775106000001,-0.3401647879,3.2,3.4444444444,2.6666666667000003,3.4666666667,1533.7351851852,9,8,3075.6666666666997,4.0042515187,-2.2349649053,2.1,2.1818181818,2.1666666667,2.1428571429,2.8333333332999997,0.834014357,0.18010587670000003
s031,0.7690913144,0.1563345596,1.6766655346,1.85,47.1875,0.4666666667,704,38.6428571429,0.5333333333,519,-0.38885939259999996,-0.5985527599,3.4511056288,0.39801548509999995,2.0174135729,-0.025326252,0.00153224,0.0112095947,0.0139755859,2.8666666667,3.25,4.4,3.0,3.5,3.0,1.7142857143,43,2.7533127992,0.3100289064,1.5439893756,1.0,0.0,19.125,0.054166666700000005,2,-0.0091666667,-2.9583333332999997,23.375,0.1101317957,1.0,0.0028632619,-3.6209696399,1.0,1.7272727273,0.0225796216,0.916400844,7.9,6.7,2.1747384737999997,0.4289991725,1.6997342169,-0.25152456700000003,0.1388888889,2.3333333333,3.3333333332999997,2.8333333332999997,3.3333333332999997,4.0,3.8333333332999997,4.5,3.3333333332999997,4.0,2.1666666667,1.1666666667,2.3333333333,2.1666666667,3.0,4.8333333333,-1.8193239694999999,-1.0135406654999999,-0.169560331,2.6398194227,1.8251437628,0.1115765931,1.8118051802000001,33.3333333333,33.3333333333,40.740740740700005,6.0,2.75,4.125,3.25,4.125,3.2857142857,3.125,49,-0.7625664513,3.9332268227,29,155.0,6,1.125,1.6666666666999999,0.7945484161,0.0018326542,0.9748168945,0.0023070138,0.5277777778,0.0636371852,0.0256124969,0.06403124240000001,3,-1.0288129029000002,1.4675241078,0.5473649161999999,1.4955471018000002,-0.5267277176,4.8666666667000005,377.0,2.9459788161,0.35411948270000004,1.3757194276,37.0,35.5,41,-16.9975826331,19.0724705535,0.6383586799000001,14,1.1129475531,0.4103209896,1.8522831799,-0.5586550714,0.8333333333,0.4166666667,0.4166666667,1.0,134.0,0.0,0.7000000000000001,0.7000000000000001,0.4,2.3206209515,0.46719650149999997,1.510164642,-1.4538142606,0.54,0.049632022500000005,3.2665324449,0.3048914265,1.5121850762,-1.6121178131,389.0,7.0,6.3,279.8333333333,3.2647569274,0.3799044285,1.2858321372,268.8333333333,266.8333333333,3.8937625532999998,0.3636590472,1.5581602936,-2.0,15.3023366714,2.0509976978999997,0.3836086247,1.6941441602,-1.1888744422,6.5,7.0,6.5,5.5,6.0,44,0.1096242713,-0.7598658663000001,1.3086100205,0.33600299570000003,1.4145990991,-0.6595612272,0.131317806,2.3,3.8888888889,2.0,3.6,2009.9666666667001,8,7,4162.4166666667,0.6192964431,0.1805839369,2.1,2.2727272727,2.1666666667,2.0714285714,2.9166666667000003,0.8490224729000001,0.34746065979999996
s033,0.6561649195,0.0098447959,2.2296908474,1.6,30.0,0.30000000000000004,590,32.8571428571,0.30000000000000004,665,-0.4699048084,-1.1265606681,3.5616044211,0.4431168665,2.7074506987,-1.1962579817,0.0256860909,0.035282836899999996,0.018597656299999998,3.4,3.1785714286,4.3333333333,2.25,2.0,3.2,2.4285714286,48,2.9131632733,0.2695304568,2.7259315457,0.1666666667,0.5,8.25,0.2666666667,2,-0.015,-0.25,10.916666666700001,-0.0171914358,1.0,-0.0032267003000000004,-1.3362720403,1.0,1.0,0.0996397797,0.9379135789,7.5,7.5,1.8670574971,0.8645805524,1.8358471523,-0.0907819697,0.1388888889,2.0,2.6666666667000003,2.3333333333,4.6666666667,4.5,4.1666666667,5.3333333333,5.3333333333,4.3333333333,2.6666666667000003,2.5,2.0,4.6666666667,3.6666666667,4.8333333333,-1.9955779578,-0.2175990377,-0.2129217201,3.4940845288999998,1.2854969954000002,0.0417874602,2.8680955501,27.7777777778,22.2222222222,29.6296296296,4.1666666667,4.0,3.875,3.125,3.5,3.8571428571,3.875,43,-0.2558244977,2.6467900431999998,32,,4,1.125,1.4,0.6918145179999999,0.0004782392,0.7513082504,0.0004857569,0.4166666667,0.158113883,0.25,0.158113883,4,-0.3641180919,1.0422264321999999,0.1270697309,2.8872510864999996,-0.3048293918,4.7333333333,425.6666666667,2.5779714561,0.39968259359999997,1.7560684016,69.0,109.5,45,33.6704681512,-29.9019265081,0.7664951845,8,1.7102048291,0.8417912416000001,1.7463159628,-0.6010307697999999,0.8333333333,0.9166666667,0.75,0.9166666667,100.0,0.30000000000000004,0.4,0.7000000000000001,,2.5759574486,0.5881153828,2.5077416416,-1.8654950519,,,3.0031178826,0.31301591830000003,3.1179279452,-0.38800110090000006,494.0,4.9,5.0,331.6666666667,2.9924686045,0.4406740439,2.2494637375,290.3333333333,303.0,3.1587972969,0.44259662899999996,2.1788607666,12.666666666700001,41.3443480328,2.3423607547,0.5799927894,1.8994494838,-0.9188769204,5.5,6.0,6.0,1.0,4.0,39,-0.3079346076,-0.5230528888,0.9071766207999999,0.0323729819,2.7911500745,-0.26075389600000004,-0.0576267788,3.1,4.0,2.1111111111,2.3333333333,2917.0625,5,6,3593.4166666666997,-1.1809961701,1.3322271398,1.8,1.6363636363999998,1.6666666666999999,1.6428571428999998,2.3333333333,0.8178026431000001,0.4720971074
s035,0.9689099183,0.1740239805,1.5670971922,1.95,24.55,0.33333333330000003,460,26.45,0.33333333330000003,504,-0.5801233766,-1.1931317946,4.0764950176,0.3071124765,2.0473023282,-1.9071330643000002,4.9652200000000005e-05,0.001326355,0.0137675781,5.1333333332999995,4.2142857143,3.8,2.75,2.25,3.2,3.4285714286,48,3.2926261146,0.30943425350000003,1.9083913376,1.0,0.0,6.625,0.1041666667,3,-0.0031666666999999996,-0.7916666667000001,7.166666666699999,0.051515817199999994,1.0,-0.0003769772,-0.8963093146000001,1.0833333333,1.0909090909,0.2623399321,0.6095734189,8.3,7.3,2.9592592075999997,0.3873261039,2.5776473421,-0.3854149209,0.6666666667000001,3.3333333332999997,4.1666666667,1.1666666667,2.1666666667,4.3333333333,4.1666666667,4.8333333333,5.833333333300001,5.666666666699999,3.0,3.3333333332999997,2.5,3.0,1.5,5.833333333300001,-1.2122492176000002,2.449381893,0.1910395678,4.9380558016,3.0949757265,0.056824922699999995,2.7022869144,55.5555555556,22.2222222222,25.925925925900003,4.6666666667,4.0,2.75,3.375,2.25,1.2857142857,3.125,43,-0.7017421781000001,4.5619233948,23,202.0,3,1.0625,1.2666666667,0.9299072265999999,0.0018393807,0.925,0.0020224520999999997,0.8055555556,0.0006324555,0.0015811388,0.0038729833,3,-1.7308681611,1.5649326769999998,0.4496519912,1.4354388608000002,-0.5302331803,3.8666666667,417.5,3.5648926401,0.31373181580000004,2.019648622,18.5,135.5,41,4.9682986692,3.5804874728,0.6153937613,15,2.6734261435,0.5052494614,1.6296564383,-0.5469798933000001,0.4166666667,0.75,1.0,0.9166666667,112.5,0.30000000000000004,0.0,0.30000000000000004,0.0,3.1493862137,0.3955316819,2.7948185302999997,-0.6998442895,0.412195122,0.01296016,3.0855086883999996,0.3031636823,1.6616214806999998,-0.3630224663,288.0,5.9,6.9,403.5,6.639777575,0.2646366022,3.342382503,243.5,334.1666666667,3.6404117589999996,0.33883773910000003,1.7349561535,90.6666666667,24.248567386799998,2.4787257274,0.37839074869999995,1.7917763975,-0.4211230055,3.0,6.0,2.5,2.0,6.0,41,-0.6953194798000001,-0.2167218969,1.1280749587,0.277992774,1.5137509605000001,0.0262775583,0.0027255038,3.9,2.6666666667000003,3.1111111111,2.4666666666999997,1489.8801515152,18,7,2973.0,2.1884717862,-1.2527629685,2.5,1.4545454544999998,2.25,1.3571428571000002,1.5833333333,0.7761605939,0.6472126217
s036,1.4896688941999998,0.1304174825,1.5020734355,2.5,22.565217391300003,0.23333333329999997,500,12.347826087,0.23333333329999997,272,-0.7974332605000001,-1.0880310655,2.4910602691,0.34835649280000003,1.407805449,-1.8284479480000002,0.0002097334,0.0006173058,0.0199160156,2.5333333333000003,3.0714285714,4.0,3.0,3.0,3.0,2.2857142857,49,6.4460175103,0.2196767552,1.7596966603,0.6666666667000001,0.1666666667,11.625,0.3458333333,2,-0.0061666667,-0.375,7.916666666699999,0.1098591549,2.0,-0.0077183099,-0.2535211268,1.0,1.4545454544999998,0.4046000453,0.36408339,7.9,5.5,,,,,0.5833333333,3.5,5.5,1.8333333333,3.3333333332999997,5.0,4.0,5.3333333333,5.1666666667,4.6666666667,3.3333333332999997,2.3333333333,3.5,2.8333333332999997,4.3333333333,5.1666666667,-0.7335359873999999,0.4380160247,-0.5769779016000001,3.3754990364,2.12820059,0.1095856264,1.9851657244999998,66.6666666667,22.2222222222,25.925925925900003,5.1666666667,3.0,3.75,3.5,4.0,3.2857142857,3.5,46,-1.0816155204,3.2951286846,33,166.0,7,1.25,1.7333333333,0.7398298264000001,0.0013478002,0.8031016350000001,0.0014625932999999998,0.6666666667000001,0.0015650846,0.158113883,0.0038729833,5,-1.8534712497999999,1.6446903203999998,0.33321364929999997,1.5051998788,0.031470860600000004,3.8,268.1666666667,2.6874074458,0.3538513975,1.2044056063,20.5,45.0,47,30.4025658015,-19.0927349053,0.46429083479999994,12,0.9876617716,0.4033345476,1.6444605528999998,-0.25264977899999996,0.75,0.75,,1.0,117.0,0.6000000000000001,0.5,0.6000000000000001,1.0,2.9532432158999997,0.3881600528,1.5709875363999999,-2.7739928668,0.5989304813,0.0911418965,2.7094094362,0.27915155550000004,1.1139310885,0.4635926122,321.0,5.4,6.6,326.0,2.7464692254000003,0.3426816842,1.3382519092,313.8333333333,269.5,2.6711252198,0.3289637355,1.3296961238,-44.3333333333,-18.8161548882,1.9509930569999998,0.2843513118,1.5091340638,-0.2428627091,6.0,5.5,5.5,4.5,3.5,53,0.2572342194,-0.6338447779999999,1.0244847535,0.3654634967,1.4401823683000001,-0.8949968934999999,-0.1875476494,3.3,3.3333333332999997,2.3333333333,3.3333333332999997,2147.375,11,5,2217.4166666667,0.8351366176999999,-0.3566749439,1.9,2.0909090909,2.1666666667,2.3571428571,2.9166666667000003,0.7645403406,0.34090042870000004
s037,1.1428271751999999,0.3469043524,1.3283069249,2.2,31.12,0.1666666667,741,12.875,0.2,303,-0.2721788489,-0.317477233,2.3687125602,0.39173851229999995,1.3046051947,-1.3953711493,0.0059977242,0.0044563903999999994,0.1825283203,3.4,3.25,3.7333333332999996,3.0,1.5,2.6,2.4285714286,59,4.234981632799999,0.3283270319,1.4617119535,0.1666666667,0.5,23.0833333333,-0.075,1,0.0006666667,-5.416666666699999,29.625,-0.0369464105,1.0,0.0013221435999999998,-1.268958544,1.0833333333,1.4545454544999998,-0.06235496600000001,0.8185266690999999,6.6,7.2,2.0138425988,0.5017494791,1.5335842614,-0.3948716853,0.25,1.5,2.0,1.0,1.1666666667,2.5,3.0,3.3333333332999997,4.5,5.666666666699999,1.1666666667,1.5,1.3333333333,1.8333333333,1.0,5.1666666667,-0.5100492624,0.35360123530000004,0.0,5.320134937200001,2.5156696315000002,0.2146723068,2.8639805519999997,22.2222222222,0.0,22.2222222222,5.5,3.5,4.25,4.375,4.125,4.1428571429000005,3.25,42,-1.2890129855,3.38738178,33,113.0,5,1.0625,1.0666666667,0.6061186789999999,0.0007818224000000001,0.6629822731,0.0008727572,0.6111111111,0.06403124240000001,0.1265219767,0.06403124240000001,2,-0.5705346947000001,0.3899090897,0.1220180627,2.0965045326,-0.3312281521,4.8,267.1666666667,1.8882662295,0.2944879228,1.3414599979000001,-60.0,40.5,46,-12.251807767799999,13.956781835,0.6643069687000001,6,2.1407122646000003,0.5989166372,1.275290885,-0.4511911916,0.5,0.8333333333,0.9166666667,0.9166666667,133.0,0.2,0.30000000000000004,0.2,0.1,2.5149322236000002,0.479326677,1.6098309338999999,-1.7779823062,0.3650385604,0.014154691,2.9420832845,0.29423230580000004,1.5002330366,-0.8855627106,363.5,5.4,4.9,353.0,2.6031539453,0.35604084220000004,1.2446905417,268.3333333333,324.1666666667,2.1519129744,0.0809822525,2.5390293008,55.8333333333,125.9802697027,1.7576887856999999,0.3710006431,1.2056513467,-0.9061926824,6.5,7.0,7.0,6.0,3.5,41,-0.8026081709999999,-0.5609363238,1.0958735548,0.3814736442,1.3551808713999998,-0.0162604571,0.189498048,2.8,4.3333333333,2.2222222222,2.9333333333,3703.4444444444002,2,4,3638.8333333333003,,,1.3,1.2727272726999999,2.0,1.4285714286000002,1.25,0.8339963663000001,0.33651782690000004
s038,1.7064041334,0.2415424026,1.6245354515000001,3.35,30.9130434783,0.23333333329999997,689,15.333333333299999,0.2,356,-0.4948182798,-1.8271274683,3.3588487097,0.4215108178,1.1226292988,-0.6422024814,0.0001280143,0.00013433030000000002,0.00033007809999999996,3.8,2.5,3.1666666667000003,2.75,1.75,3.0,4.0,49,4.419575418,0.3228074231,1.0805492191,0.8333333333,0.0,3.2083333332999997,0.0041666667,2,-0.0038333333,-1.625,6.375,0.0108801109,1.0,-0.0005433125000000001,-2.3232848233000003,1.0,1.0,-0.0488942586,0.9132470993999999,8.6,8.3,3.1891878661,0.3776836016,1.4989927728,-0.3568756475,0.8611111111,2.5,5.3333333333,1.3333333333,2.0,3.0,4.6666666667,6.0,4.5,5.0,3.0,1.6666666666999999,1.3333333333,1.5,1.5,2.5,-4.2157765945,0.9371913821,0.0,5.320134937200001,4.108305465,0.17117301740000002,2.0139136422,66.6666666667,33.3333333333,33.3333333333,2.3333333333,1.75,3.5,4.0,4.0,2.4285714286,3.25,40,0.0,5.965407751,29,253.0,9,1.0,1.0,0.8412124634,0.0016574598999999999,1.0,0.0021050817,0.6666666667000001,0.0002011893,0.0002011893,0.0006324555,4,-0.8325570711,2.2728209581,0.4207718585,2.1346367442,-0.16934573390000002,4.2666666667,340.0,3.5495695494,0.34750044770000005,1.1987137957,22.5,37.0,48,-25.468719575500003,42.8139205233,0.5326466075,12,1.9574103466,0.48009523649999997,1.9012446803,-0.29706080149999997,0.5833333333,1.0,1.0,0.8333333333,136.0,0.1,0.1,0.5,0.0,3.913269422,0.40259767869999996,1.2792496747,-2.6004425861000002,0.6323529412000001,0.097699414,5.1724194028,0.2795351219,1.3858285374,-0.5679061522000001,296.0,6.3,6.8,344.1666666667,4.5556639395000005,0.31642374970000003,1.7195844472,253.3333333333,256.6666666667,3.7186545814999996,0.32214478539999997,1.2655731719,3.3333333332999997,13.6623563218,3.1966432001999996,0.3281511861,1.6238345003999999,-1.2747457704,6.0,6.0,1.5,1.0,2.5,54,-0.6068708654,-0.4894569786,2.2081752561,0.35778654020000006,1.5810991827,0.0568362293,0.23533356219999998,2.1,3.7777777778,1.4444444444,1.6,2011.3125,16,5,3842.5,1.2005559261,0.1729538068,1.1,1.0,2.0,1.0714285714,1.1666666667,0.9134408815,0.563549697
s039,1.2923212374,0.2136010903,1.3283466259,2.0,35.9090909091,0.2666666667,750,18.3333333333,0.30000000000000004,370,-0.19448179780000002,-1.2062257012,3.3612762142,0.3410023729,2.0127851158000003,-0.7467660897,0.0015753424,0.0006673660000000001,0.0068056641,4.8,3.4642857143,3.1,1.75,1.75,3.4,3.8571428571,33,7.7329433960000005,0.2728880823,2.1604485682,0.6666666667000001,0.0,4.5416666667,0.1208333333,2,-0.0095,-2.2916666667,16.75,0.027895981099999998,2.0,-0.0093900709,-4.9456264775,1.0,1.0909090909,-0.1029777463,0.8587878936000001,8.8,6.7,1.8153508231,0.34823524240000003,2.2067332999000002,-0.230142901,0.4166666667,1.1666666667,1.5,1.0,2.1666666667,2.3333333333,5.5,5.1666666667,6.5,3.0,2.0,1.8333333333,1.8333333333,1.5,1.8333333333,4.5,0.0071167853,-0.266141762,0.0,5.320134937200001,6.8861324375,0.2758968639,8.3149662002,50.0,66.6666666667,18.5185185185,5.0,2.0,3.75,3.875,4.875,3.2857142857,3.875,47,-0.8075379761,4.3503317988,22,226.0,5,1.0,1.2,0.6313468932999999,0.0010443648,0.9643831253,0.0013164569,0.5277777778,0.0038729833,0.009797959,0.0256124969,2,-1.5176123908,1.7871819269999998,0.45408260549999996,1.8971677999,-0.41829593719999997,4.8666666667000005,370.1666666667,2.987147609,0.3216502216,1.3323050425,52.0,-15.0,43,-25.1243892929,29.0836660764,0.5649128839,15,1.9568074705,0.38049605090000005,2.2875320031,0.1822843595,0.9166666667,0.75,0.9166666667,0.9166666667,105.0,0.1,0.2,0.5,0.0,3.1923944097000003,0.4102225014,2.2821693101,-2.2096504597999997,0.5012285012000001,0.10109571699999999,4.6534566253000005,0.2779081678,1.8353771405000001,-1.184424406,272.5,4.9,6.0,190.0,2.1079793069,0.2451437023,1.7873984486,298.0,353.1666666667,2.7969995967,0.3223528039,1.2487116547,55.1666666667,15.316205427,2.5325622887,0.3944404189,1.4844308455000002,-1.6393878211,6.0,5.0,3.5,1.0,5.0,41,-0.3191354768,-0.7323547284,1.6578198528,0.3353764044,2.248869565,0.0401451177,0.32651839390000004,2.9,4.1111111111000005,2.1111111111,2.4666666666999997,2138.0729166667,15,8,2735.3333333333,-0.9203640573,1.9252908619,2.1,1.8181818182,1.8333333333,1.1428571429,1.1666666667,0.8477771786,0.2041623325
s040,0.9752221738,0.006833428000000001,2.1162336665,4.7,44.647058823500004,0.43333333329999996,714,25.2777777778,0.4,430,-0.8372150736,-1.1266918793,4.5611145478,0.3012490513,2.4611760572,-1.4123182846,0.0009186194,0.0047479401,0.033669921900000004,4.4666666667,4.6785714286,6.6,2.0,2.25,2.6,2.8571428571,42,6.0932456556,0.2358174504,2.2919925386,0.6666666667000001,0.33333333330000003,5.3333333333,0.31666666670000004,2,-0.005,-3.5,3.5416666667000003,0.25416666670000004,3.0,-0.0075000000000000015,-2.0214285714,1.9166666666999999,1.3636363636000002,-0.11168331449999999,0.9570329201,7.7,8.7,2.5545830659,0.3778114738,1.9201417106,-1.2114157166,0.055555555599999994,2.6666666667000003,3.3333333332999997,1.5,2.6666666667000003,2.5,2.1666666667,2.0,2.5,2.8333333332999997,1.6666666666999999,4.0,6.0,4.0,2.5,4.5,-0.1591734303,1.2851910265000002,-0.5629734621,4.194188013,3.7551336661000003,0.0048776134,3.0273838495,66.6666666667,33.3333333333,51.851851851899994,4.0,5.25,2.875,2.875,4.25,3.1428571429,2.375,32,-1.0705413209999999,3.8243251091,21,255.0,7,1.6875,1.4666666667,0.5,,0.9953735351999999,0.0023585288,0.7222222222,0.25,0.0256124969,0.158113883,4,-1.1826748615,2.0018511249,0.3643818885,1.8576812607,-0.5112865572999999,3.3333333332999997,261.0,3.4561483116000002,0.3128151786,1.7090772043,0.5,52.0,35,68.9245525504,-60.1307111562,0.2815873266,15,1.7958448772,0.38064788409999994,1.9086943192,-0.4985982649,0.0,0.0,0.0,0.0833333333,87.0,0.2,0.4,0.30000000000000004,0.5,2.6753562725999998,0.4309589278,1.7005540772999999,-1.0823667451999999,0.33578431369999995,0.0270751402,5.4574206738,0.295172488,1.2814186825,-1.2879673434999999,344.0,6.5,6.3,272.1666666667,4.3366591032,0.3070859895,2.186413613,241.0,231.3333333333,3.4211170334,0.34116777730000003,1.7703350179,-9.6666666667,-17.913655788699998,2.2639721796,0.34638236510000003,1.5056213000999998,-3.3570210366000004,4.5,4.0,5.5,4.5,3.5,39,-0.2443191383,-0.0270233898,2.0590810792,0.3141033045,1.6596765577,-0.1342570378,-0.1766242448,3.1,3.3333333332999997,3.1111111111,3.4,1502.7530303029998,10,5,2396.5833333333,0.0256484411,0.5412666493,2.8,3.0,2.25,2.0714285714,2.4166666667,0.16073049109999998,0.2166598032
s041,1.521850937,0.3498634929,1.6010462078,2.7,25.35,0.33333333330000003,486,33.25,0.4666666667,515,-0.26760762109999997,-1.6319497654,2.986901652,0.3683130776,1.6612399563,-0.8276403935000001,0.00016873900000000003,0.0012129744999999999,0.011941406299999999,3.8,3.3928571429,4.5333333333,2.0,2.25,3.6,3.8571428571,53,3.2177370193,0.2684519425,1.4311004417,0.6666666667000001,0.1666666667,10.0,0.05833333330000001,2,-0.008333333299999999,-2.6666666667000003,13.458333333299999,-0.0045508274000000005,2.0,-0.0111820331,-3.9539007092,1.0,1.0,-0.0976945987,0.9859175644,8.5,8.7,2.5019466797,0.5564120909,1.7242293631999999,-1.2573195664,0.6388888889000001,2.5,1.0,1.8333333333,3.3333333332999997,2.8333333332999997,3.3333333332999997,5.666666666699999,4.6666666667,3.6666666667,2.5,1.6666666666999999,1.0,3.1666666667000003,2.8333333332999997,3.0,-1.9418228293000002,-0.8318620602,-0.5629734621,4.194188013,2.863433599,0.0094387656,2.7226415339999996,38.8888888889,88.8888888889,70.3703703704,2.3333333333,2.75,3.75,1.5,3.25,2.7142857143,3.25,40,-0.8308046694000001,3.7967503866,29,218.0,6,1.0,1.3333333333,0.7445726395000001,0.0028809277000000004,0.8550420761,0.002978848,0.6666666667000001,0.0038729833,0.009797959,0.009797959,2,-0.5889970445,1.4216689218,0.5295038428000001,1.9233272565000001,0.08402255830000001,4.9333333333,348.5,3.8433108154,0.2852883168,2.1002837513999997,17.0,130.0,48,-17.079997567,25.0811529709,0.6191299113000001,10,1.9142301838,0.6179708107,1.9336925014,-0.1265121045,0.9166666667,0.25,0.4166666667,1.0,123.0,0.2,0.5,0.4,0.5,3.2574517713,0.4788281258,3.2987075442,-1.6298819829,0.4534313725,0.048746480300000006,3.0870927429000004,0.28475092890000003,1.5600874728999998,-1.3466870823,287.0,6.8,6.8,186.5,4.0420547712,0.2198889521,3.5828387696,238.3333333333,300.5,4.0032512523,0.3076047811,1.8031455452,62.1666666667,43.518060928400004,3.6422211679000003,0.3395374458,2.9901745261,-0.8480976966,6.5,6.0,3.5,2.5,4.5,57,-0.4936653513,0.2285368602,1.9524433856999999,0.3400808053,1.7050570111,0.35527672450000003,-0.2595035854,3.7,3.3333333332999997,2.5555555556,2.9333333333,1176.5707070707,3,8,4448.1818181818,0.9956013987,-8.284000000000001e-07,1.4,1.0,1.75,1.1428571429,2.3333333333,0.8210601597,0.6900799820000001
s043,0.7734307314000001,0.021638056699999998,1.7351771915,1.8,0.0,0.0,0,0.0,0.0,0,-0.393383381,-0.6463434963,2.1519897138,0.0755395534,3.1607813913,-0.5903162252,0.001144932,0.001985321,0.0071845703,4.4,4.3928571429000005,5.3,3.0,3.25,3.2,2.7142857143,44,2.5749378377000003,0.2941434459,1.6147482729,0.5,0.33333333330000003,10.3333333333,0.35000000000000003,3,-0.006999999999999999,1.8333333333,13.708333333299999,0.1176619008,0.0,-0.0038856182,-0.6665264929,1.1666666667,2.0,-0.0414706611,0.7703639515,8.4,6.1,1.6691331798,0.4153249345,1.7385351181000002,-0.8360319223,0.0833333333,1.8333333333,2.3333333333,2.1666666667,3.6666666667,4.0,3.3333333332999997,3.0,3.6666666667,3.5,2.3333333333,1.5,3.5,4.0,4.5,6.333333333300001,-1.1358430393,0.9601409828,-0.2307418761,3.5297248408999997,2.2074195884,0.1914350102,1.5933490361000002,88.8888888889,33.3333333333,22.2222222222,5.0,2.5,3.375,3.75,3.5,3.8571428571,3.625,39,-0.8011914098,2.1090770259,24,129.0,7,1.0625,1.6666666666999999,0.6341500282,0.0009603887,0.935546875,0.0015592139,0.5277777778,0.009797959,0.009797959,0.0256124969,3,-0.3608352134,1.4738634178,0.4173987804,2.2446783041,-0.6714014814,4.2,346.3333333333,2.0432592101,0.3146896178,1.8905276488,27.5,27.5,37,-6.651196711,6.1543407859000006,0.6738646091,7,1.0690748722,0.4341002018,1.9106926801,-0.45424474979999996,0.4166666667,0.5,,,123.0,0.7000000000000001,0.7000000000000001,0.8,0.8,1.7920704766000002,0.4395436912,1.7267934364,-1.4845012866,0.4665012407,0.0340815446,2.4368009496000003,0.3113150378,2.0974084324,0.1520825261,462.0,4.7,5.8,360.8333333333,2.5067277917,0.34613920950000004,1.4409112103,200.3333333333,268.6666666667,3.1978539006,0.3423769618,2.2960131968,68.3333333333,-36.995285901399996,1.8732621411,0.37890391380000005,1.8489229476,-0.8441981770999999,6.0,4.5,5.5,1.5,5.5,49,-0.2698666435,-0.3086802695,1.7877213442,0.3226762782,1.8907126405,-0.1369620756,0.2756634932,3.4,3.0,3.2222222222,3.4666666667,1485.8185185185,17,8,3349.8333333333003,1.4556290545,0.8244831826000001,2.2,2.1818181818,2.0,1.0714285714,2.6666666667000003,0.1857598662,0.3306331611
s044,1.1433615994,0.2808891402,1.3083565973,1.6,2.4666666666999997,0.0,71,2.2068965517,0.033333333300000004,61,-0.0767333041,-0.8108274154999999,2.6858669456,0.4023327888,1.9548744753999998,-0.1469010664,3.59908e-05,0.062888916,0.0241005859,4.7333333333,2.7857142857,3.3333333332999997,2.5,2.25,3.8,3.4285714286,45,3.8102723441000004,0.2643053499,1.5667376826,0.1666666667,0.6666666667000001,3.8333333332999997,-0.05833333330000001,1,-0.0026666666999999996,-1.5,4.5,0.0044328135000000005,1.0,-0.0004558855,-0.5821405682999999,1.0,1.1818181818,-0.0575893711,0.8311747276000001,6.1,8.1,1.7516293475,0.7775110976,1.7998871396,0.4275806514,0.4166666667,1.6666666666999999,3.5,1.0,1.6666666666999999,3.3333333332999997,4.6666666667,6.166666666699999,5.666666666699999,5.0,3.0,2.3333333333,1.0,3.0,1.0,4.6666666667,-1.8618760896000002,-0.8120395476000001,-0.378116377,2.8913738017000004,2.29110057,0.25484152379999997,1.4991888628,22.2222222222,66.6666666667,44.4444444444,5.0,4.0,4.375,4.125,3.375,2.5714285714000003,4.0,47,-0.7458764829000001,2.9788724794999997,25,129.0,6,1.0625,1.0666666667,0.8185577393000001,0.0012440821,0.8989257813,0.0017644116,0.6111111111,0.158113883,0.053929018700000005,0.0099597577,3,-1.1860824701,1.3279515045999999,0.3738385945,2.0727715828999997,-0.7437297243000001,3.8666666667,265.3333333333,2.9953252548,0.260587552,2.3546183494,-20.5,271.5,47,-5.5990939504999995,7.062533985700001,0.4848629185,5,1.7308841524,0.5881699893,2.2342380302,-0.028612536900000006,0.4166666667,0.1666666667,0.8333333333,0.5833333333,123.5,0.4,0.7000000000000001,0.7000000000000001,0.0,2.3771762868,0.3965616578,1.5777328540000002,-2.0033841586000003,,,2.6135504997,0.29275839540000004,1.4095835565000001,-0.6981949776999999,368.0,6.5,5.9,270.5,4.4581552292,0.2037250038,4.0923632053,291.6666666667,303.3333333333,3.0800656433999998,0.3349719226,2.1914867059,11.666666666700001,70.7850333187,2.2516745652,0.5392989961,1.8806862105000002,-1.0517193279000001,2.5,7.0,5.0,1.0,5.5,37,-0.1299042328,-0.0568028638,1.304224755,0.033427511,2.340236484,-0.17027964350000002,0.0012344052,3.5,4.3333333333,2.6666666667000003,2.1333333333,2388.4651515152,5,9,3684.1666666666997,0.0755883573,-0.3677247801,1.1,1.0,2.0,1.0714285714,1.3333333333,0.7780703089000001,0.34799295350000004
s046,1.0987248948000001,0.0208491707,1.6429635796000002,2.45,33.5833333333,0.2,779,18.8695652174,0.23333333329999997,416,-0.8031120798,-0.1397448737,3.2898126371,0.4512822302,2.4349172664,-1.123125374,0.0013078214,0.014761016799999999,0.0238369141,4.7333333333,3.75,4.3666666667000005,3.0,2.25,3.0,2.8571428571,47,1.7685577319999999,0.299508102,1.5819527696,1.0,0.0,3.5416666667000003,0.12916666670000002,2,-0.0111666667,-2.125,3.2083333332999997,0.0765793849,1.0,-0.0070074813,-0.7793017456,1.1666666667,1.8181818182,0.2228968867,0.7244424818,6.9,3.4,1.1572227895,0.378830713,1.7575139382,-0.4761046346,0.0833333333,1.8333333333,3.8333333332999997,1.1666666667,2.1666666667,4.3333333333,3.3333333332999997,3.0,4.8333333333,3.8333333332999997,2.5,2.3333333333,4.5,2.1666666667,2.0,4.8333333333,-0.4086492966,-4.0801179831,-1.9038730819,0.7395050750000001,1.6246717791999998,0.30430078920000003,1.1418023516,5.5555555556,33.3333333333,40.740740740700005,3.1666666667000003,2.5,3.875,3.25,4.125,3.0,3.75,43,-1.0041893256999999,2.9758557574,28,101.0,7,1.0625,1.0,0.7986124039,0.0017103317,0.9998046875,0.001997833,0.5,0.06403124240000001,0.0256124969,0.158113883,5,-1.2643709008,0.944939824,0.5255832155,1.4594738368,-0.7878431661,4.2,400.8333333333,2.7888439266,0.4114443425,1.2582684117,57.0,-4.0,45,,,0.1716472468,6,0.3595334174,0.0844376726,2.1346599244999998,-0.3440315471,0.8333333333,1.0,0.6666666667000001,0.8333333333,115.0,0.4,0.30000000000000004,0.4,0.1,1.1431443977,0.5194049246,1.9898898528,-1.2065188789,0.4611528822,0.0420688642,2.7773839735,0.2819899147,1.5643940312,-1.1474519468000002,452.0,4.5,4.6,447.0,1.0426168292,0.1343000379,1.6363102812,344.1666666667,350.0,2.6939175391,0.34590396770000004,1.6027361343000002,5.833333333300001,12.400343106700001,2.1540071867,0.34310619789999997,1.7995860882,-1.1501221358,4.5,5.0,3.0,1.5,4.0,42,-0.0789462197,-0.5884774359,0.8950574928,0.0184926175,2.0806193789,-0.4712881227,0.6129997481,3.0,3.5555555556,2.3333333333,2.1333333333,1327.3209615385001,31,5,2622.3333333333,1.1341100658,-1.0439224024,2.1,1.8181818182,2.0,2.0,1.9166666666999999,0.6452515518999999,0.15978934919999999
s048,1.7664102041999998,0.0918053966,3.0776676109,2.8,33.2083333333,0.2,771,17.2631578947,0.3666666667,310,0.08007147190000001,-0.6455036617000001,4.5879135594000005,0.29627411730000003,3.1538476071,-0.5478774182,0.0001590479,0.0006528244,0.0118291016,3.0666666667,3.6428571429,3.6333333333,1.75,2.5,3.2,3.2857142857,46,3.6042157932,0.27941302739999996,1.6880527849,0.8333333333,0.1666666667,5.25,0.2416666667,2,-0.0026666666999999996,-1.9166666666999999,8.9166666667,0.1814285714,3.0,-0.0098285714,-3.7428571429,1.0,1.0909090909,-0.1470991696,0.6425379824,7.9,6.3,2.1603918409,0.3262336931,1.8347188022,-0.1621566703,0.4722222222,2.5,1.8333333333,1.3333333333,2.0,3.6666666667,3.3333333332999997,5.1666666667,5.0,4.3333333333,2.1666666667,2.0,1.3333333333,1.6666666666999999,2.3333333333,5.833333333300001,-3.2347453367,-0.7087537313000001,0.3298219498,4.6604910377,2.6927358302999997,0.13541084,1.8557905922,22.2222222222,0.0,11.1111111111,3.1666666667000003,5.5,2.875,3.0,2.125,3.4285714286,2.75,41,-0.9437793146,3.5708010963,19,172.0,8,1.125,1.1333333333,0.55,0.0008094886,0.9490478515999999,0.0019940053,0.6944444444,0.009797959,0.0256124969,0.06403124240000001,2,0.08174602019999999,2.1962510185,0.3194448144,2.8801243345999996,-0.2394691334,4.4,284.8333333333,2.8098116181,0.2354807167,1.3480635294,-7.0,153.5,45,19.158757085999998,-10.9649859149,0.3942376102,18,1.6935868453999998,0.5015447924,1.7926721782,-0.4761892045,0.0,0.5833333333,0.75,0.25,83.0,,0.30000000000000004,0.7000000000000001,0.1,2.7776786800999997,0.37789720979999997,2.0877675484,-2.7988371673000003,0.4913580247,0.0205681847,4.2967167154000006,0.2443976866,1.8810173807,-0.1931074664,265.0,7.2,8.3,211.0,3.6591004286,0.279238466,1.4389463558000002,238.6666666667,246.6666666667,3.6838339824,0.2927479442,1.1507761786,8.0,34.3133874239,2.5320384466,0.33179657430000004,1.5901554229,-0.8927137919,4.5,5.5,5.0,1.0,2.0,39,-0.6470538880000001,0.8946771749,1.7903436708000002,0.31854946770000003,1.8411641397999998,-0.352206355,-1.2903504032,4.0,1.8888888889,1.7777777778,1.9333333333000002,1501.1486111110999,1,11,3052.9166666666997,26.3426175808,-24.621608967600004,3.0,1.0,1.8333333333,1.1428571429,1.5,0.8784690835000001,0.518807836
s051,1.1300168454000001,0.1257349221,1.6398428988999998,2.3,35.6842105263,0.3666666667,645,22.190476190500004,0.30000000000000004,446,-0.7433595934,-0.7156301820000001,3.4230539225,0.40324646420000004,1.5929010519,-1.3243692907,0.0178522301,1.1401298828,0.0931279297,4.8666666667000005,3.4285714286,3.7333333332999996,2.75,2.25,4.0,2.0,48,3.782510685,0.3093503744,1.5559558213,0.1666666667,0.1666666667,16.9166666667,0.025,1,0.001,-4.1666666667,21.0,0.0269133726,1.0,-0.009920942,-1.9680403701,1.0,1.7272727273,0.16174506200000002,0.9563192048,8.8,9.0,1.0059006651,0.2414437138,1.5795735416,-0.5817129592,0.027777777799999997,2.6666666667000003,4.8333333333,1.5,2.8333333332999997,4.3333333333,4.5,4.5,5.1666666667,5.5,3.1666666667000003,2.5,2.6666666667000003,3.8333333332999997,2.8333333332999997,5.1666666667,-3.4211544957999998,-1.3954496032,-0.3862698367,3.7747115654,2.5716348418,0.2031342657,1.6142099136,77.7777777778,0.0,14.8148148148,6.0,3.25,4.25,3.0,3.125,3.2857142857,4.25,47,-0.45551271439999996,2.0429230726,31,187.0,3,1.0625,1.6666666666999999,0.6449146986000001,0.0012238442999999999,0.8532485962,0.0024039282999999997,0.3611111111,0.158113883,0.25,0.158113883,5,-0.6311773989,0.9670272269,0.5157475803,1.9617498129,-0.5724935436999999,4.8,260.8333333333,2.7707246879,0.33590351399999996,1.232722777,21.0,73.0,47,,,0.4171666935,8,0.6576071365999999,0.140219259,2.1907138042,0.43025196229999996,0.5833333333,0.4166666667,0.4166666667,0.9166666667,122.0,0.2,0.9,0.5,0.6000000000000001,2.8859070414,0.4406179253,1.4919532518,-2.0560250049,0.3308823529,0.0168111222,1.7200236855000002,0.3685412153,1.213097616,-0.0709868728,318.0,4.6,4.6,267.0,3.9357687269999997,0.35652914700000005,1.7650291582,252.5833333333,225.3333333333,4.3396844267,0.3757244505,2.5689683608,-27.25,-69.4303571429,2.5043484399,0.4454811089,1.351315153,-1.2765725982,7.0,4.5,6.0,2.5,5.5,37,-0.1977828095,0.2639467739,0.8307670206000001,0.016065876200000002,2.0056379419,-0.046035838700000005,-0.1007344335,3.3,1.8888888889,2.0,3.4666666667,2299.1787878788,7,7,3016.4166666666997,0.133698491,-0.17185025690000003,1.2,1.1818181818,1.3333333333,1.0,2.3333333333,0.1909838103,0.26743200840000003
s052,1.2169070599,0.3613393018,1.5290927075,2.25,33.210526315799996,0.3666666667,596,32.8888888889,0.4,551,-0.1918042711,-0.7300144408,4.6418817196,0.4179240931,3.4455678749,-1.0814209019,0.0020263375,0.0185428467,0.08586035160000001,3.7333333332999996,3.8214285714,4.7333333333,2.0,2.25,2.8,2.8571428571,46,4.8088822168,0.273634696,1.9716346725,0.5,0.33333333330000003,11.166666666700001,0.2416666667,3,-0.012666666699999999,-2.3333333333,10.625,0.18380281690000003,2.0,-0.0032112676,-2.0281690141,1.0,1.2727272726999999,-0.1669791024,1.0846155782,8.4,6.6,3.0063200443,0.5022331748000001,2.0084662361000003,-0.4123163801,0.055555555599999994,1.8333333333,2.6666666667000003,1.1666666667,1.3333333333,4.8333333333,5.0,3.8333333332999997,5.0,5.0,2.5,2.1666666667,2.6666666667000003,2.3333333333,1.3333333333,6.833333333300001,-3.2149937499,-0.1536096622,0.3298219498,4.6604910377,2.8581283056999998,0.2042268364,2.208602691,27.7777777778,11.1111111111,14.8148148148,5.0,4.75,3.625,3.75,4.875,3.4285714286,3.875,40,-0.9575666758,4.0502743994,24,182.0,9,1.125,1.3333333333,0.6929890633,0.0011382686,1.0,0.0014815204999999998,0.5277777778,0.06403124240000001,0.1265219767,0.158113883,2,-0.7814476281,1.9712212113999998,0.4878930484,2.6086377799,-0.644558855,4.3333333333,303.5,3.0813182447000003,0.3925809794,1.4448440215,0.0,42.0,45,9.238625001599999,-4.9781350536,0.5185730086,7,2.0769219814,0.537376135,2.0305761111000002,-0.2637628137,0.5833333333,0.6666666667000001,0.9166666667,,104.0,0.5,0.30000000000000004,0.7000000000000001,0.30000000000000004,2.924444743,0.5168422313000001,1.8196739141,-1.0832738795,0.5024630542,0.0703305649,2.5949393773,0.34682886840000005,1.8972390307,-0.4540831484,334.5,5.6,5.3,298.5,5.1887362683,0.39697871409999996,1.8655763856999998,279.6666666667,317.6666666667,4.3766057531,0.3728379877,2.4156594682,38.0,53.37800802140001,2.8629807873,0.4065288783,1.5659426218,-1.6340863397,5.5,4.0,6.0,1.5,4.5,41,-0.7340139234,-0.1257995096,2.6124215859,0.35612361800000003,1.8498832356,-0.0291684125,0.3836001797,3.0,2.4444444444,2.3333333333,2.8666666667,2860.4642857143,5,6,4033.8333333333003,0.2961927621,0.993251773,2.0,2.0,2.0,1.1428571429,2.0833333333,0.8707017709,0.39500888079999996
s053,1.1795290643,0.06307643930000001,1.7279654734999998,1.95,41.176470588200004,0.43333333329999996,659,29.0454545455,0.2666666667,612,-0.1512097945,-1.4987369275,2.8954584272000004,0.4012724458,1.1955442276,-0.2608258026,0.0002776147,0.0008765945,0.0098349609,4.6,3.5,3.3,1.75,2.0,2.6,2.2857142857,33,5.983598512,0.29598365990000003,1.8400549087,0.8333333333,0.0,5.125,0.2958333333,3,-0.008833333300000001,-1.7916666666999999,7.458333333300001,0.059929078,1.0,-0.0017304965000000002,-1.7659574468,1.0,1.0909090909,-0.0060060059999999995,0.9054054054,8.6,9.1,2.4614107529,0.4291556647,2.3971314447,-0.15772317700000002,0.5,2.8333333332999997,4.5,1.5,2.3333333333,2.8333333332999997,3.1666666667000003,4.0,2.8333333332999997,4.5,2.1666666667,3.0,3.6666666667,2.1666666667,1.3333333333,4.3333333333,-2.7908638861000004,-1.0199609423,0.0,5.320134937200001,5.0946624601999995,0.1986765628,2.7364007710000005,61.111111111099994,55.5555555556,33.3333333333,5.833333333300001,3.5,3.125,4.125,3.75,3.5714285714000003,3.875,43,-0.8893284576999999,4.1867508355,19,229.0,7,1.0,1.0,0.7209641456999999,0.001192589,1.0,0.0016948245,0.7222222222,0.0038729833,0.0038729833,0.009797959,5,-0.8654049880000001,1.8194294916,0.3842793277,1.7539115703,-0.1462008472,3.7333333332999996,415.5,3.5865378394,0.3133749055,2.0528424303999997,60.5,82.0,40,-4.2255629801,14.0683496047,0.486137311,17,1.6328761335,0.6163552321,1.6037153085,-0.4530403,0.6666666667000001,0.1666666667,0.8333333333,0.33333333330000003,101.0,0.1,0.30000000000000004,0.8,0.0,3.4008189657999996,0.4537803657,1.7084933807,-1.8885531136000002,0.5503685504,0.0618778224,2.946255462,0.3006877988,1.1181473812,-1.3849203329,296.0,6.8,5.9,295.6666666667,4.0499124268,0.3962301694,1.7970305337,308.1666666667,274.8333333333,3.4922051962,0.3471274563,1.8155256268000002,-33.3333333333,6.7207446809,2.5846867643,0.3637965463,1.8093991058,-1.1444571615,6.0,3.0,5.5,1.5,5.0,54,-0.7106473844,0.0583445151,1.5299855794,0.3718047774,1.4637580325,-0.19435696079999998,-0.7905941626999999,3.6,2.3333333333,1.5555555556,2.4666666666999997,1492.0525793651002,9,8,3068.8333333333003,2.2702497124,-0.9650808959999999,2.8,1.8181818182,1.9166666666999999,1.7857142857,1.5833333333,0.8080582197,0.451788984
s054,1.1075281997,0.2161256492,1.5269560424000002,2.45,39.35,0.33333333330000003,750,35.55,0.33333333330000003,681,-0.3458291033,-0.7793268834999999,2.4255899434,0.2922402482,1.7369867545000002,-1.2869290278,0.00047682519999999996,0.0019853745,0.0056308593999999995,5.533333333300001,4.5357142857,5.4,2.25,3.0,4.0,4.0,31,5.3106684609,0.2194274621,2.5147546295,1.0,0.0,8.7916666667,-0.0041666667,2,-0.0261666667,-4.0416666667,16.25,0.2351555929,3.0,-0.018432296,-7.7825904121,1.3333333333,1.2727272726999999,-0.2009117812,0.4700171959,8.5,6.4,2.4387111538,0.34411511450000004,2.0575101727000003,-0.8221269655000001,0.0833333333,1.8333333333,6.166666666699999,2.1666666667,4.1666666667,4.5,6.166666666699999,3.5,6.5,5.5,3.8333333332999997,2.3333333333,4.1666666667,3.0,1.3333333333,5.1666666667,-2.7924732824,-0.9931424275,-0.5629734621,4.194188013,2.9831929607000003,0.0092062423,2.4698143179,61.111111111099994,33.3333333333,51.851851851899994,5.1666666667,6.5,2.125,2.375,1.875,2.0,3.5,54,-0.9575666758,4.0502743994,17,167.0,7,1.625,1.6,0.7329763412,0.0017116344,0.8959960938,0.0023110259000000003,0.6944444444,0.158113883,0.0256124969,0.158113883,2,-1.1487161999,2.0169988875,0.5591399163,2.4167985411000004,-0.0040366934,3.3333333332999997,284.1666666667,3.4586366463,0.28935624460000003,1.5612322372,12.5,114.5,36,13.4087040473,-10.796442571400002,0.5904849483,16,1.4845158,0.4679564109,1.8215466485,-0.5099193465,0.5,0.0,0.6666666667000001,0.25,77.5,0.4,0.5,0.7000000000000001,0.5,2.8122859254000003,0.39278965899999996,1.8770561194,-0.4376143864,0.4748743719,0.0535935628,4.2373071783,0.26832774530000003,1.4009262824000002,0.0736407981,300.0,7.3,6.3,257.1666666667,2.2737868631,0.3832343604,1.503637348,430.6666666667,265.3333333333,2.2771260089,0.1442851963,1.9506107228,-165.3333333333,-37.6916221034,2.3753773709,0.3331675552,1.9520820924000002,-1.1167720119,4.0,1.0,4.0,1.0,5.0,62,-0.5916111451,-0.6110599950000001,1.2254981465,0.36330339899999997,1.5364945588,-0.9552358313,-0.21406101079999998,4.5,3.4444444444,2.7777777778,4.0,1317.8390151515,27,6,3292.25,0.0006960589,2.2260450159,2.6,2.0,2.9166666667000003,2.1428571429,2.5833333333,0.9006431862000001,0.1439153729
s055,0.7633492857999999,0.1085271291,2.0930073349000002,1.95,18.0952380952,0.30000000000000004,359,26.5238095238,0.30000000000000004,533,-0.30414903719999997,-0.5439441662,2.5527721894,0.4398743735,1.7086297612,-0.0827919995,0.0015510924,0.0117158203,0.026099609399999998,7.0666666667,6.2857142857,5.7,2.75,4.0,4.0,3.5714285714000003,18,2.0555734314,0.22412113469999997,1.8465844322999998,1.0,0.0,12.833333333299999,0.033333333300000004,0,-0.004,-0.25,16.5416666667,0.1608190091,3.0,-0.0088068756,-4.564408493399999,1.9166666666999999,1.7272727273,-0.0899466382,0.5267022412,8.8,8.0,1.5706696478,0.5559899885,1.8412092524,-1.2621879599,0.11111111109999999,2.0,5.0,3.6666666667,5.1666666667,5.3333333333,5.833333333300001,2.6666666667000003,5.0,4.3333333333,2.5,2.1666666667,6.666666666699999,6.0,4.6666666667,6.666666666699999,-0.7210295959,-0.4945414827,-0.3341481062,2.9689949732,1.8205725784,0.024822101800000003,2.8847531656000003,66.6666666667,66.6666666667,25.925925925900003,2.1666666667,4.25,2.625,3.875,2.125,2.5714285714000003,2.75,35,-0.417322986,2.9697870197000005,11,155.0,3,1.9375,1.8666666666999998,0.5918187857,0.0005804245999999999,0.5759108424,0.0011492327,0.5277777778,0.009797959,0.1265219767,0.0256124969,1,-0.5589489138,1.1943255936,0.47542195229999995,1.9095799102,-0.17239531219999998,2.2,422.5,2.2612369051,0.2973410564,1.4455434236000002,31.5,60.0,25,-10.2179974014,15.1612028003,0.5034601346,2,1.2759728199,0.4590615328,2.0578787896,0.11028340789999999,,0.0,,0.0833333333,58.0,0.9,0.9,0.8,0.8,2.5833009481,0.5588594705000001,1.7536166313,-1.4230545958,0.3511235955,0.0216579416,2.5489535649,0.3103293406,2.0402926792,0.11896535529999999,375.5,6.0,6.5,290.0,3.0692224786,0.0695322059,4.4803127111,294.3333333333,277.6666666667,3.373917472,0.2436524168,3.0413646239,-16.6666666667,149.0825099171,3.9456376356,0.3857996027,2.2081313056,-0.8140187973999999,2.0,2.0,2.5,4.0,6.5,48,-0.1473792985,-0.1512348009,1.340466948,0.1387565292,2.7068615794,0.06992448679999999,-0.10842642279999999,4.3,2.4444444444,4.5555555556,4.4,3467.14,4,2,4427.8333333333,-0.040239377,0.3746934494,3.3,3.0909090909,3.8333333332999997,3.8571428571,3.9166666667,0.5206628831,0.1896592937
s057,0.5808053966,0.20662318,1.2441558668000001,1.2,13.76,0.1666666667,329,7.454545454500001,0.2666666667,154,-0.4550606926,-1.3895704194,3.129752727,0.37488311399999996,1.4469062069,-0.0098528157,3.27333e-05,5.3325e-06,4.4556e-06,5.533333333300001,3.6428571429,3.9,3.0,3.75,4.0,3.5714285714000003,44,3.8118469532,0.26329078559999997,1.7163949817000002,0.1666666667,0.5,8.5,1.942890293e-16,0,0.001,0.0,7.0,0.0,1.0,-2.5630539360000003e-16,2.7755575619999997e-16,1.0,1.3636363636000002,0.1660237797,0.9353974998,6.0,6.1,0.8391926768000001,0.5028226388,1.4512669197999999,-0.5331817124,0.4166666667,2.5,4.0,1.1666666667,3.5,7.0,5.833333333300001,7.0,6.666666666699999,6.5,3.0,1.0,1.0,1.6666666666999999,2.6666666667000003,6.166666666699999,-0.1041740041,0.6502064686,0.0629924516,2.9422561855000002,1.8354954506,0.2414050962,1.8768398681,33.3333333333,33.3333333333,18.5185185185,6.833333333300001,4.5,2.125,2.75,4.75,3.5714285714000003,3.5,52,-0.4884848921,3.7122256308,27,160.0,6,1.0625,1.2,0.655373764,0.0010151633,0.7432720661000001,0.0014194071,0.5555555556,0.009797959,0.0038729833,0.0099597577,4,-1.4614763624,1.6684206522,0.4865738536,1.3654077154,-0.1828914262,3.4,,,,,,,45,,,0.6788671475,4,1.4845977744999999,0.4801764993,1.6592583515,-0.062265488499999994,0.5833333333,0.5833333333,,0.75,144.0,0.0,0.8,0.8,0.30000000000000004,3.0256296174,0.4131163184,1.3584572433000002,-2.5829647807,0.46568627450000005,0.0684909631,3.2482416231,0.31707525329999997,1.6827836591999998,-0.17713974470000002,302.0,5.1,3.9,,,,,,,,,,,,1.9902242337,0.3421258425,1.6435378891999999,-0.9762556873,7.0,7.0,4.5,4.0,7.0,33,,,,,,,,3.9,3.5555555556,2.3333333333,3.2,2648.375,7,7,4481.25,0.5827503633000001,-0.8219800523999999,2.0,1.1818181818,1.5,1.1428571429,1.8333333333,0.6596517409,0.2300892064
s058,0.9266115784,0.23579677059999998,1.6793443261,2.0,37.875,0.4666666667,574,20.0,0.4666666667,300,-0.770948959,-0.9570226152,4.6365146217,0.3455659788,2.3330730334,-0.8310063647,0.0002529546,0.0008841095000000002,0.0014960938,2.3333333333,2.9285714286,2.1666666667,3.0,2.75,2.2,2.2857142857,55,4.003141183,0.2284343162,1.4637154858,1.0,0.0,3.2916666667000003,0.0625,3,-0.0048333333,-2.375,5.583333333300001,0.0707931404,2.0,-0.0027138264,-3.8215434083999997,1.0833333333,1.9090909091,0.4376951629,0.6754256761,7.9,7.4,2.2141550394,0.394376161,2.5059580095,-0.6247438463,0.8055555556,2.5,3.3333333332999997,2.0,4.6666666667,4.6666666667,3.6666666667,5.5,4.0,3.8333333332999997,3.0,3.6666666667,3.3333333332999997,2.8333333332999997,4.5,5.666666666699999,-2.5843242747999997,-1.091983151,0.0,5.320134937200001,3.6407284547000005,0.2234868316,1.7185947174,77.7777777778,0.0,7.4074074074,6.166666666699999,5.0,4.75,3.75,3.625,4.2857142857,3.375,60,-0.5402436899,4.8849203713,33,261.0,4,1.0625,1.7333333333,0.6915802002,0.0007784828999999999,1.0,0.0019190257,0.6111111111,0.0006324555,0.0006324555,0.0015650846,2,-1.1743029164,2.4968243024000003,0.37860702399999996,1.5668890778,-1.0027440872,5.533333333300001,322.1666666667,3.0348439295999996,0.31651677429999997,1.3195949536,36.0,45.5,47,9.0920910477,-0.5264939791000001,0.41737252659999996,16,1.9238401190999999,0.5214371800000001,2.2543771699,-0.37167899229999996,0.75,0.5,0.8333333333,0.9166666667,145.0,0.30000000000000004,0.30000000000000004,0.6000000000000001,0.8,5.0720042037,0.3348290472,2.9042591864,-1.0720831184000001,0.4518518519,0.06431505130000001,3.6173586544,0.2909720159,1.0053478245,-1.6799147727,289.0,6.9,6.0,241.6666666667,3.1860192149,0.3438334896,2.714079625,250.3333333333,267.0,3.7194401849000003,0.2672704977,1.8909761038,16.6666666667,2.3636518190999998,2.7286090686,0.3136084838,2.0104203817,-1.062815385,3.5,6.5,6.5,3.5,7.0,43,-0.6308918018999999,-0.3966405273,2.0202391586000004,0.2583243566,1.937688277,-0.7728966675000001,-0.30578894489999997,2.2,3.2222222222,1.6666666666999999,2.6666666667000003,1575.0787878788,5,8,3331.1666666666997,1.6074156671000002,-1.2656663733,1.4,1.4545454544999998,1.5833333333,1.5714285713999998,3.3333333332999997,0.16313067820000002,0.5136138508
s059,1.2541757405,0.3615385019,1.4740653936,2.3,31.0,0.1666666667,731,25.294117647100002,0.43333333329999996,410,-0.8451992656,-0.0003613179,4.3274241583999995,0.466767837,1.7196452383,-0.9612340768,0.008056113200000001,0.0030507584000000003,0.0002526855,3.8666666667,4.25,5.3,1.75,3.0,3.8,3.5714285714000003,42,4.6763996173,0.2791154496,1.4553534601,0.8333333333,0.1666666667,11.041666666700001,0.2375,3,-0.0135,-4.2083333333,20.9583333333,0.4114398633,3.0,-0.0102196112,-3.0222174749,1.1666666667,1.1818181818,0.0281267247,0.8109338495999999,7.5,7.5,2.39612435,0.4812384834,2.1619813042,0.1368223648,0.2777777778,1.1666666667,2.0,1.8333333333,3.3333333332999997,4.3333333333,5.1666666667,6.166666666699999,4.1666666667,4.1666666667,2.3333333333,1.5,1.0,2.5,2.5,5.3333333333,-1.8237776584,0.096147541,0.1910395678,4.9380558016,3.0576711823,0.0025699906,2.9232334093,38.8888888889,22.2222222222,18.5185185185,4.5,5.0,3.625,2.625,4.375,3.1428571429,3.0,38,-1.3273158840000001,3.310775983,19,193.0,5,1.25,1.3333333333,0.626941967,0.0009940696,1.0,0.001733873,0.5555555556,0.009797959,0.009797959,0.0099597577,2,-0.534134851,2.1914636795,0.4708031611,1.8750490071,-1.0418883286,3.8666666667,378.5,2.9218097819,0.32463812579999995,1.3784582702000001,17.5,37.5,38,9.5243469234,1.8867533041999998,0.46969763,12,1.7555081165000002,0.4820852020000001,2.0331080076,-0.4920188843,0.5,0.0,0.33333333330000003,0.5833333333,98.0,0.2,0.4,0.9,0.2,3.6896154055,0.4250405506,1.7159313411,-2.3661027284,0.5160493827,0.0755703763,2.7947540358,0.2425328003,1.5855248454000002,-0.7158207112,315.0,6.0,6.3,261.6666666667,4.7586241002000005,0.4167247735,2.3814088739,312.3333333333,321.8333333333,3.2952801531,0.32404578030000003,1.4881712478,9.5,57.3214877278,3.1649864526,0.4162709899,1.8842256319,-0.8473759109000001,7.0,5.5,5.0,2.0,6.5,36,-0.10645338929999999,0.4292891679,0.9432639596,0.33782823430000003,1.4798696632,-0.2577605839,-0.7941343947,4.1,3.1111111111,3.2222222222,3.0666666667,1540.096969697,4,7,2112.8333333333,2.4133994593,0.06453852110000001,2.3,2.1818181818,2.3333333333,1.4285714286000002,1.9166666666999999,0.8458264865,0.3353086478
s064,0.8938304457999999,0.29229744900000004,0.8645891626000001,1.25,32.6666666667,0.2,758,22.631578947399998,0.3666666667,407,-1.0194745056,-0.8800080572000001,2.8183543442000003,0.34663801250000004,1.5345690919,-0.3763991998,0.5837792815999999,0.17312011719999998,0.4800595703,4.0666666667,4.0357142857,3.3333333332999997,3.5,3.0,3.4,2.4285714286,49,,,,0.33333333330000003,0.1666666667,21.5833333333,0.05833333330000001,0,-0.005,0.1666666667,11.375,-0.2485940246,1.0,0.0018646748999999998,-0.8791739895,1.0,1.9090909091,-0.1221238938,0.7026548673,7.5,6.6,2.1650334742,0.2614347057,2.2903620988999998,-0.2762515302,0.055555555599999994,3.0,2.8333333332999997,2.0,3.0,4.3333333333,4.6666666667,4.1666666667,4.3333333333,4.5,4.5,4.3333333333,4.6666666667,4.6666666667,5.0,4.5,-1.4174346805000002,-0.6375619178999999,-0.9583859176,2.084075303,1.4816131368,0.24062763239999999,1.166110233,11.1111111111,66.6666666667,85.1851851852,4.0,5.0,4.375,3.25,3.875,3.0,3.875,45,-0.7950449906999999,2.5575670875,34,109.0,7,1.0,1.3333333333,0.567275238,0.0016614206,0.6910136223000001,0.0018241439,0.5833333333,0.158113883,0.25,0.158113883,1,-1.0771434498,2.0890307335,0.4209714834,1.9788348161000002,-0.1939133211,3.8,311.6666666667,2.2928434161,0.2654905839,1.928697135,0.0,119.5,47,,,0.28953874090000004,5,0.9922293146,0.2667723027,2.3718944553,-0.9409197462,1.0,0.9166666667,0.75,0.9166666667,125.0,0.6000000000000001,0.5,0.4,0.5,1.7986353602,0.4114475822,1.7755928207,-0.8746781050000001,0.4408060453,0.0127158734,2.5886204859,0.2053344275,2.2906070418,-0.6056143965999999,377.0,4.9,5.8,296.5,2.6630491582,0.34512334580000004,1.8689506157,279.8333333333,256.3333333333,2.5469251552000003,0.3363602396,1.660149979,-23.5,123.4480818414,2.46422883,0.32215864489999996,1.7753128736000001,-1.8404145148,3.5,6.5,4.0,3.5,3.5,40,-0.5604919585,-0.1107586222,0.6218138840999999,0.0227210241,2.2203562662,0.4451678108,-0.4206418603,2.6,3.2222222222,3.2222222222,2.6,2169.9305555555998,18,7,2676.5833333333,,,1.7000000000000002,2.0909090909,2.1666666667,2.3571428571,2.3333333333,0.1642358516,0.21515926829999998
s067,1.3165530044,0.2729638693,1.1384659547,1.85,38.4615384615,0.1333333333,951,14.0,0.1666666667,325,0.055519785999999995,-1.0386604238,3.1174511922000003,0.45805630799999997,1.4461623573,-0.6351743094,0.0356347594,0.2945039063,0.06106152340000001,4.8666666667000005,3.2857142857,6.6,1.5,2.75,3.2,1.8571428571000002,31,5.4678899009,0.2787165164,2.9931061654000004,0.5,0.5,20.5416666667,0.17083333329999997,2,0.019166666699999998,4.7083333333,13.458333333299999,-0.0554964539,0.0,-0.0006382979,-0.30496453900000003,1.0833333333,1.0,0.1077581742,0.9960161373,8.1,6.6,2.3396467334,0.3980407846,1.8915787102,-0.6596735006000001,0.1666666667,3.8333333332999997,3.8333333332999997,2.0,2.6666666667000003,4.5,3.1666666667000003,7.0,4.8333333333,5.833333333300001,2.3333333333,2.6666666667000003,1.0,3.8333333332999997,1.6666666666999999,3.6666666667,-1.7003963824,-0.0142822894,-0.3719338943,3.8121088774,3.0582624544,0.310184297,1.4162079533,27.7777777778,0.0,3.7037037037,4.5,4.0,3.875,2.875,5.0,2.4285714286,1.375,23,-1.1652624446,3.6348828618,24,208.0,5,1.125,1.1333333333,0.627104187,0.0016870720000000002,0.6926700592,0.0013358905,0.6944444444,0.06403124240000001,0.25,0.158113883,1,-1.1196160944,1.9913744513,0.5377006784,1.7040564079,-0.23919314030000002,5.2666666667,,,,,,,42,-1.5550468572,5.8043060864000005,0.4005124756,13,2.0080057245,0.5190198105,1.8044019452000002,0.4006336292,0.0,0.25,0.33333333330000003,0.1666666667,103.0,0.4,0.4,0.7000000000000001,0.1,4.0444051357,0.4795816582,1.4121822197999998,-2.7483979132,0.3990147783,0.0372436523,3.2547187699,0.3305233365,1.2999452501,-1.1756813128,421.5,6.5,6.9,313.0,5.2821441983,0.30998708269999997,4.2502039516000005,,,,,,,,3.2570343277999996,0.34696692100000004,2.6246207141,-0.41131034619999995,6.5,7.0,6.5,4.0,6.0,50,-0.049346297,-0.36200824950000005,2.161024705,0.3718924585,1.6207957713999999,0.11358127789999999,0.9615224323,3.5,3.4444444444,3.8888888889,2.8666666667,2201.08125,12,5,3866.8333333333003,,,2.5,1.8181818182,1.4166666666999999,1.2857142857,1.5833333333,0.8105718510000001,0.1621876803
s068,0.3689163228,0.07311921769999999,1.5240073129,1.45,43.2727272727,0.2666666667,901,22.125,0.4666666667,334,-0.2431003493,-0.4203403625,3.0605323881,0.34885945630000004,3.11244796,-0.8262092253000001,0.0019425811,0.0094940796,0.015355468799999999,5.0,4.0714285714,3.8666666667,3.25,2.5,2.6,2.8571428571,44,2.9155701924,0.2660855183,1.5184116930000002,0.6666666667000001,0.1666666667,10.1666666667,0.1916666667,2,-0.011000000000000001,-0.6666666667000001,17.0,-0.0339948231,1.0,-0.0031345988,-4.5036669543,1.3333333333,1.4545454544999998,-0.025734034000000003,0.3451388096,6.9,7.0,1.5442536076,0.5950533438000001,2.2150489584999997,-0.4349442988,0.9722222222,3.8333333332999997,2.1666666667,1.5,3.0,3.1666666667000003,3.5,5.1666666667,4.3333333333,4.1666666667,3.8333333332999997,3.8333333332999997,2.3333333333,2.0,1.0,4.6666666667,-1.0166640851,-0.4539714104,-0.4509358468,2.2508511939,1.7264516952000002,0.22987839129999998,1.2707538679000001,55.5555555556,88.8888888889,40.740740740700005,5.3333333333,6.0,2.625,3.125,3.125,2.8571428571,2.75,36,-0.4134816835,4.6313963585,28,118.0,5,1.1875,1.2666666667,0.6647562981,0.0017439266,1.0,0.0016611529999999998,0.33333333330000003,0.0002011893,0.0002011893,0.0002011893,4,-0.4835091684,1.7305663085,0.3385085826,1.9588781468,-0.5902323236,2.7333333332999996,369.8333333333,2.6020640347999997,0.3475011233,1.3584099235,29.5,124.5,41,17.172652012,-13.9804368467,0.3291213821,6,1.3377385656999998,0.5748558207000001,2.991677112,-0.0791504132,0.5,0.5833333333,0.5,0.5833333333,96.5,0.5,,0.30000000000000004,0.1,2.2024114373,0.47854720159999997,1.6899171486000002,-0.567343963,0.5248756218999999,0.1014878371,3.0495388855,0.3251389148,1.1827170175,-1.5770428273,298.0,4.9,4.5,389.1666666667,1.4055253332,0.25638115920000004,1.4009462617,256.3333333333,252.1666666667,2.7884346114,0.3254109972,1.3748600832,-4.1666666667,68.4285415359,3.5223431771,0.30956669649999996,2.5779661471,-1.6973966887,4.0,5.5,3.0,2.0,6.5,40,0.3678325762,0.0306629776,0.6514813855,0.2110422313,1.5577341528000002,-0.8436350060000001,-0.9505183153,3.2,3.7777777778,3.1111111111,3.5333333333,1866.6,17,2,3415.0,,,2.2,2.1818181818,2.5833333333,2.4285714286,2.6666666667000003,0.1553160311,0.35549217800000005
s069,0.6030244667,0.025574541800000003,1.3687357988,1.6,39.9565217391,0.23333333329999997,869,15.1304347826,0.23333333329999997,333,0.200615863,-0.4477298171,1.4409648205,0.1162516724,2.3129462731,-0.1183662467,0.0292920084,0.0049714966,0.0142792969,3.0666666667,3.75,3.8666666667,3.25,3.0,3.0,2.0,50,2.0408422395,0.2548001466,1.5886245328,0.1666666667,0.0,17.4166666667,-0.033333333300000004,1,0.0003333333,-1.1666666667,12.916666666700001,-0.0536904762,1.0,-0.0015190476,-1.4869047619,1.3333333333,1.8181818182,0.36793893130000005,0.8496183206,6.0,5.9,2.0917174088,0.7260110338,2.6124168824000003,-0.0531523301,0.2777777778,1.8333333333,3.0,1.6666666666999999,2.8333333332999997,4.5,4.5,4.0,4.1666666667,3.5,2.5,1.3333333333,3.0,2.5,2.3333333333,5.5,-1.1840804097,-0.832325689,-0.4685646238,1.9419336943,1.1864220176,0.1842954549,2.0276512663,27.7777777778,22.2222222222,40.740740740700005,4.3333333333,3.25,4.0,4.125,3.875,3.0,3.625,57,-0.6936350883,2.5191678205000003,32,155.0,4,1.3125,1.3333333333,0.6413580893999999,0.0015895431000000002,0.7024108887,0.0020139738,0.33333333330000003,0.158113883,0.0256124969,0.0256124969,3,-1.5119108406,0.5676347831,0.2610369061,1.6971803279,-0.3687593999,3.9333333333,341.8333333333,1.4128723447,0.4198425846,1.4211634043,-91.0,28.5,44,-10.1037052696,10.4753542266,0.40116067270000005,2,0.7281230925000001,0.5314323545,2.0784756844,0.22861859420000002,0.5,0.5,,0.5,123.0,0.1,0.30000000000000004,0.6000000000000001,0.1,1.7725507233000002,0.38241123950000006,1.9314748353,-0.3831831715,,,3.0351704399,0.28098120320000003,1.2218392517,-1.5747036043,405.5,6.6,5.0,594.6666666666999,1.1095225889,0.1053191223,2.0889833419999997,734.0833333333001,400.1666666667,1.6971142636,0.34782421480000003,1.6894620111,-333.9166666667,153.6669603524,2.7779151114,0.39242388619999996,1.5262703968,-1.4609730477,5.5,5.5,7.0,5.0,6.0,38,,,,,,,,2.5,3.6666666667,2.6666666667000003,3.4666666667,3368.2604166666997,3,4,5179.5,,,1.9,2.2727272727,2.1666666667,2.4285714286,2.6666666667000003,0.6302721919000001,0.5011906947
s070,1.6042181669,0.17329444430000002,1.3715960207,1.85,40.5,0.4666666667,576,32.0625,0.4666666667,483,-0.0750213232,-0.39590769789999997,3.3131263233999997,0.3940385103,1.9450458989,0.1039940755,0.0009099021,0.0048325195,0.0567783203,3.6666666667,3.8571428571,4.2,3.0,2.0,3.6,3.0,44,3.4264632445,0.3009884028,1.1328208640000001,0.8333333333,0.1666666667,3.2916666667000003,0.17083333329999997,3,-0.0091666667,-3.125,7.458333333300001,0.4044096728,3.0,-0.0218236131,-3.0590327169,1.0,1.2727272726999999,0.4111737527,1.0733966343,8.4,6.4,2.6270134981999997,0.41977672229999996,1.6512308784999998,0.2349578214,0.8055555556,1.5,2.0,1.8333333333,2.3333333333,4.1666666667,3.8333333332999997,4.3333333333,5.1666666667,4.5,3.1666666667000003,1.6666666666999999,2.5,3.1666666667000003,1.8333333333,5.3333333333,-2.7267591781,0.5999518810000001,-0.23315151239999998,3.5345441135000004,2.935732251,0.2672547107,1.3352460673,44.4444444444,33.3333333333,40.740740740700005,5.0,4.5,3.75,3.0,3.125,3.4285714286,2.625,49,-1.3273158840000001,3.310775983,32,191.0,9,1.125,1.6666666666999999,0.5480712890999999,0.00034081380000000003,1.0,0.0020335069,0.5555555556,0.009797959,0.0256124969,0.06403124240000001,1,-0.9202043315,2.0178654941,0.4438186192,1.3052569571,-0.8633434123,4.3333333333,282.6666666667,2.8930677844,0.3674306063,1.0074536211,-16.0,21.0,46,-5.3946111159,14.581424419200001,0.3912996942,17,1.7296367865,0.5333771145,1.4758357146,0.6481715393999999,0.5,1.0,0.6666666667000001,0.75,121.0,0.2,0.4,0.5,0.7000000000000001,2.6216846477,0.34518502619999997,1.22410112,-0.9781015612,0.4278728606,0.0025493238,2.7112086776999997,0.32046316469999997,1.1382208449,-1.0078019808,326.0,7.3,6.3,404.3333333333,3.5510113702,0.36003369090000004,1.1416732525,267.1666666667,355.6666666667,2.2739877989,0.362754681,1.0150998128,88.5,95.8710303458,2.9483721608,0.4920645764,1.7323638862000001,-0.7958716912999999,6.0,5.5,5.5,2.5,5.5,36,-0.6543244297999999,-0.6518600491000001,1.4474272514,0.357995265,1.481587976,-0.061862149299999995,0.2630547983,3.0,4.0,2.2222222222,3.0666666667,1959.8178451178,29,5,2992.1666666666997,1.0674813701,-0.1273394224,1.6,1.8181818182,2.5,2.1428571429,2.75,0.18141257859999999,0.1969373665
s073,1.5288697259000001,0.28107402870000003,1.1606406462999999,2.15,19.3103448276,0.033333333300000004,530,21.0869565217,0.23333333329999997,470,0.0988252592,-0.6516353844,5.0773701211,0.4209194299,2.9889603008999996,-0.14957835519999998,0.014156589499999999,0.0094940796,0.048490234400000005,2.6666666667000003,2.8928571429,4.0,1.0,1.0,3.0,2.1428571429,63,2.8139124218,0.2927879587,1.8010824323,0.8333333333,0.0,7.708333333300001,0.0291666667,2,0.0001666667,-2.625,4.9166666667,0.16888840170000002,2.0,-0.002686253,-1.2785573339,1.0,1.3636363636000002,0.4482626957,0.0404734632,8.7,8.5,1.5154272765999999,0.4877347296,1.8961613094999998,-0.534169278,0.0833333333,1.0,1.0,1.0,1.0,4.5,6.833333333300001,6.833333333300001,6.333333333300001,6.666666666699999,1.0,1.1666666667,1.0,1.5,1.1666666667,6.5,-1.1134566356,1.8179549072,0.1910395678,4.9380558016,3.3531688951,0.1888118907,2.7535815833,61.111111111099994,22.2222222222,3.7037037037,6.333333333300001,1.75,4.75,4.75,2.875,3.5714285714000003,4.125,46,-1.2890129855,3.38738178,36,172.0,9,1.0,1.0,0.8396728515,0.0011043361999999999,1.0,0.0016035085,0.6944444444,0.009797959,0.009797959,0.0256124969,1,-1.2966411935,1.7175850202,0.43370782539999997,1.6187534502,-0.568874294,5.466666666699999,498.8333333333,2.56570817,0.3423032225,1.5086538233000002,39.0,79.0,46,-10.2077599823,11.7100222982,0.4541344219,14,1.944550555,0.5089575932,2.0830588777,-0.3196999634,,0.8333333333,0.5833333333,0.75,134.0,0.1,0.0,0.2,0.0,2.5953689168,0.4695811483,1.8670181864,-2.0454971809,0.5233415232999999,0.0826787794,2.1105739553,0.34800024,1.5832365736000003,-0.005566232700000001,353.0,5.2,4.1,,,,,315.3333333333,317.0,2.5723047779,0.33824485340000005,1.5558444718,1.6666666666999999,74.48593782489999,1.6580364766,0.3932004628,1.7001978675,-1.3990257383000002,6.5,7.0,7.0,4.0,4.0,26,-0.3652165697,0.7678162301000001,0.8654766889000001,0.4069930525,1.4440931934999999,0.2664117541,-1.4419038438,3.4,1.7777777778,2.3333333333,1.9333333333000002,2284.1125,15,5,2849.5,0.8883721421999999,-0.7801585575000001,1.1,1.2727272726999999,1.1666666667,1.0714285714,1.0,0.2625179127,0.4463952579
s074,1.3227132203,0.221317916,2.0541261105,2.75,18.7931034483,0.033333333300000004,525,9.5652173913,0.23333333329999997,210,0.19870279989999998,-0.3843543055,3.9064578727,0.4030701103,1.9456273872999998,-1.8432346581,0.13927325440000002,0.0025598755000000003,0.28911035160000004,3.4,3.8571428571,3.8666666667,3.0,2.25,3.8,3.2857142857,45,5.3450804305,0.3116873706,1.4918046557,0.33333333330000003,0.33333333330000003,15.166666666700001,6.834810495000001e-16,2,-0.008333333299999999,-3.8333333332999997,5.125,0.0946319018,2.0,-0.0062024540000000005,-2.1893076249,1.0833333333,1.3636363636000002,0.30391850260000003,0.2198726437,7.9,5.5,2.3864769941999997,0.4834764498,2.4377390096,-0.7428225663,0.11111111109999999,1.5,2.3333333333,2.3333333333,3.0,3.8333333332999997,6.0,5.3333333333,5.3333333333,3.8333333332999997,3.0,1.3333333333,1.8333333333,2.8333333332999997,3.3333333332999997,5.5,-0.9204182964,-0.1089421089,-0.33672694870000003,2.9741526582,2.8275681913999997,0.2933457906,1.5150522781,66.6666666667,44.4444444444,3.7037037037,5.3333333333,1.75,4.0,4.0,3.375,3.2857142857,4.375,36,-0.8893284576999999,4.1867508355,35,163.0,5,1.0,1.4,0.7710622788,0.0007989198,0.9262756348,0.0014568703,0.5555555556,0.0099597577,0.009797959,0.0038729833,3,-0.9203734351999999,1.3276089383,0.4353272163,1.5671070137,-0.5888417856,5.2,343.1666666667,2.7760563432999996,0.3737450307,1.2579292289,80.0,48.0,47,-6.682441892000001,12.096610482200001,0.5561447039999999,11,2.0199696627,0.6267017078,1.9219025969999999,-0.1125038536,0.6666666667000001,0.4166666667,0.75,0.8333333333,133.0,0.0,0.30000000000000004,0.4,0.6000000000000001,2.8447323873,0.4801553461,1.6642602686,-1.3441901272,0.42786069649999997,0.057166860599999994,4.2274583836,0.3471496524,1.6009108863,-1.2317065693,354.5,5.7,5.0,316.6666666667,2.8881766948000003,0.4041812008,1.5145269623000002,256.0,262.8333333333,3.9456621243,0.3825262833,1.3863311414,6.833333333300001,29.706748139000002,2.957344215,0.4262665404,1.8170979503,-1.8460166509,6.5,6.0,5.0,6.5,5.5,35,-0.48042577509999995,-0.3200133288,1.8625640924000002,0.3727281462,1.9192267105,-0.07271783130000001,-0.2334246045,3.2,4.4444444444,2.2222222222,2.7333333332999996,2539.5714285714002,15,5,2452.25,-0.2431353857,0.2634678143,1.0,1.1818181818,1.8333333333,1.7142857143,2.8333333332999997,0.8064890806999999,0.5589083608000001
s075,0.5028290652,0.1901858121,1.6056838334,1.1,15.4230769231,0.1333333333,381,14.8076923077,0.1333333333,370,0.7237202320999999,-1.5501082018,4.4888525637,0.40673714159999996,2.7945066409,-0.5649216396,0.0022006649,0.0085530396,0.0738730469,4.3333333333,4.5714285714,6.833333333300001,3.0,3.0,3.2,1.7142857143,28,4.0513290693,0.1902352169,2.6675793646,0.33333333330000003,0.33333333330000003,3.1666666667000003,-0.05833333330000001,1,-0.0013333332999999998,-1.5833333333,7.583333333300001,-0.0525480283,0.0,-0.0006268959,-0.0745197169,1.8333333333,1.9090909091,-0.5424528302,0.5094339622999999,6.8,6.6,1.8628957100999999,0.7893327095999999,1.7039217423,-0.8428951934000001,0.027777777799999997,1.8333333333,3.1666666667000003,1.6666666666999999,2.5,3.1666666667000003,3.5,5.3333333333,5.833333333300001,4.1666666667,2.1666666667,3.6666666667,1.0,5.1666666667,3.1666666667000003,6.166666666699999,-2.9273347952999997,-1.0490224946,-0.2938277132,1.9366349268,0.989579489,0.25517835440000003,1.6417596442,44.4444444444,88.8888888889,51.851851851899994,7.0,5.75,3.0,4.25,3.75,2.8571428571,2.75,46,-0.8075379761,4.3503317988,25,156.0,9,1.8125,1.4666666667,0.5845738411,0.0006833668,0.9143220902,0.00074294,0.33333333330000003,0.0256124969,0.06403124240000001,0.06403124240000001,3,-1.8159607497,1.2833430290999999,0.34718478420000004,1.8016466667,-0.4515588147,3.6666666667,,,,,,,32,-5.9890374674,8.4456902935,0.7473913570999999,4,1.00134503,0.6192644474,1.9593716858,-0.5010190195,0.6666666667000001,0.0833333333,0.5833333333,0.5833333333,122.0,0.5,0.1,0.5,0.5,2.9084850264999997,0.49237037149999996,2.8954487304,-1.9767653937,0.5577395577,0.07606677390000001,2.9326092074,0.3548404683,1.5652752571000002,-0.3201897727,318.0,3.1,4.1,331.1666666667,2.2410261779,0.3701813311,1.4079332997,261.6666666667,275.1666666667,3.460238004,0.3417894671,1.8124820947,13.5,31.5281461833,3.3402216968,0.4206730064,2.8630257943,-1.7971956873,5.5,4.0,7.0,7.0,6.0,52,-0.0063692815,-0.331483171,1.1932779376,0.3500943724,2.1207260941999997,-0.6180699397999999,0.5349855855,3.9,4.1111111111000005,2.5555555556,3.7333333332999996,4681.8,-10,4,4682.5833333333,0.2051732723,1.9081698211000002,2.2,2.7272727273000004,3.0833333332999997,1.5,2.75,0.8309781811,0.4461532509
s076,0.7339238312,0.15282954440000002,1.4089891569000002,1.3,44.8823529412,0.43333333329999996,713,21.7391304348,0.23333333329999997,470,-0.18978289059999998,-0.6248029524000001,4.0936095917,0.27368335380000003,3.1544095957,-0.5929988887000001,0.0017563071000000002,0.0683620605,0.046224609400000005,3.8,3.1071428571,4.3666666667000005,2.75,2.5,3.0,2.1428571429,47,,,,0.1666666667,0.5,12.833333333299999,-0.0916666667,3,0.0043333333000000005,-1.0,23.375,0.0177966102,0.0,-0.0032109455,-0.7108433734999999,1.1666666667,1.5454545455000002,0.0379280755,0.8663936344000001,6.3,5.1,1.0152596048,0.311626611,1.6200051886000002,-0.4765913281,0.055555555599999994,1.3333333333,2.5,1.5,3.5,4.6666666667,5.5,5.0,5.3333333333,5.0,3.8333333332999997,1.1666666667,2.5,3.0,2.1666666667,6.0,-4.0821806639,-0.4300307819,0.0,5.320134937200001,2.6881033351,0.16125995240000002,1.9972538038999998,44.4444444444,55.5555555556,55.5555555556,5.0,3.0,4.0,4.0,3.375,3.7142857143,4.0,42,-0.8893284576999999,4.1867508355,32,110.0,5,1.0625,1.6666666666999999,0.6160297632,0.0005562565,0.62964499,0.0006099219999999999,0.3611111111,0.25,0.25,0.25,3,-0.9991585639,1.4314746137,0.2697536042,2.1551090725,-0.3607848183,4.2,374.5,3.051015356,0.3248931047,1.8559266697,10.0,73.0,45,8.637970222,-2.3664849462,0.5926322806000001,5,1.2384116617,0.3676640764,1.9092481125,0.0455772236,0.8333333333,0.8333333333,0.75,0.6666666667000001,116.0,0.2,0.30000000000000004,0.8,,,,,,0.3465346535,0.0347609803,2.7804625734,0.3006115351,1.864835648,-0.5707661386999999,271.5,5.5,4.8,514.5,1.1107051089,0.0812309239,1.8824854833000002,142.75,473.5,1.6809328963,0.1747620627,1.7925938774,330.75,29.3682692308,1.9476594087,0.20836196629999998,2.2548885219,-1.1478724099,6.0,6.0,6.0,6.0,5.5,34,-0.2000773149,0.025049062999999996,0.6903517661,0.0444155454,2.0332030952,-0.4645834367,-1.0618536997,2.6,4.0,2.6666666667000003,3.0666666667,3696.2222222222,0,8,3733.4166666666997,-0.3523125011,0.5877866649,2.0,2.0909090909,2.6666666667000003,2.2142857143,2.5833333333,0.7146609636,0.3130941097
s078,0.6342467346,0.3320336095,1.7022620026,1.55,11.1111111111,0.1,295,10.3846153846,0.1333333333,260,0.2516287108,-0.8372612733,4.5411525732,0.40550065729999996,2.953285218,-2.1774185611,0.0001391266,0.0003687725,0.012640625,2.7333333332999996,2.8571428571,2.9666666667,2.75,1.5,3.0,2.7142857143,57,4.7013158945999995,0.3116102723,1.7978720953,0.6666666667000001,0.1666666667,10.7083333333,0.0125,1,0.0001666667,-9.2916666667,7.5,-0.031294236600000004,2.0,-0.0024752275,-2.812942366,1.0,1.6363636363999998,0.2090909091,1.0878787879,7.9,6.0,1.7820882113999998,0.5496496482000001,1.9581704507,0.4905710145,0.4166666667,2.8333333332999997,3.3333333332999997,1.5,2.5,4.0,5.0,5.5,6.333333333300001,5.3333333333,2.1666666667,1.6666666666999999,2.6666666667000003,1.8333333333,2.8333333332999997,5.5,0.2221530162,-0.5427133599,-0.9092231175,3.5016887022000005,1.9487695591999998,0.26004792379999997,2.2192603757,5.5555555556,0.0,29.6296296296,5.1666666667,5.75,4.625,3.5,4.0,3.1428571429,3.25,48,-0.8893284576999999,4.1867508355,35,164.0,8,1.0625,1.2,0.6793609619000001,0.0008059028999999999,0.999609375,0.0010235798,0.4722222222,0.009797959,0.009797959,0.009797959,5,-1.9317427503,1.6012532190000002,0.4586491833,1.2526892856,-0.6590128986,4.5333333333,,,,,,,45,-4.8869650121,6.371309092200001,0.614095972,6,1.7570223746,0.6225538072,2.6356940606,-0.0347895825,0.6666666667000001,0.8333333333,0.8333333333,0.9166666667,133.0,0.1,0.30000000000000004,0.2,0.30000000000000004,3.0666916823,0.5824421205,2.4250589141,-0.5920353985,0.3855721393,0.031243687000000006,3.9162553868,0.3657175111,1.8829524959,-0.6893856064,330.0,4.3,1.8,329.3333333333,6.0412393463,0.3129231598,5.994879081100001,,,,,,,,3.0150324734,0.4736406335,2.143579318,-1.3837003612,6.0,6.5,6.5,5.5,5.0,54,-0.5745032739,-0.27997146710000004,1.8602727181999998,0.395138495,1.9694994472999998,-0.4309013006,0.1201079047,4.0,2.1111111111,2.1111111111,1.9333333333000002,4039.9111111110997,16,4,4898.4166666667,,,1.4,1.0909090909,1.8333333333,1.1428571429,1.5833333333,0.8408815174000001,0.2611829867
s079,0.8536446784,0.2545158997,1.2310003901,1.3,44.1666666667,0.4,755,30.8823529412,0.43333333329999996,495,-0.4422045558,-0.9204055975,2.4603838165000003,0.4072571241,1.2746646545,0.16535023529999998,0.0713793697,0.5633789063,0.1504658203,4.4,3.8214285714,3.5333333333,4.0,2.5,3.8,3.1428571429,50,1.6448674666,0.024925130299999997,1.9952989233,0.33333333330000003,0.5,7.583333333300001,0.033333333300000004,0,-0.0063333333000000006,-0.9166666667,12.625,-0.010631373400000001,1.0,0.0006561075999999999,-4.775764808,1.3333333333,2.0,0.0132676299,0.7109568383,6.3,4.1,,,,,0.055555555599999994,1.1666666667,3.0,1.1666666667,2.5,2.3333333333,6.666666666699999,5.1666666667,6.0,5.666666666699999,3.1666666667000003,1.3333333333,4.0,2.6666666667000003,1.8333333333,5.3333333333,-0.6847242901,-1.7873145262,-1.0495592465999999,1.2376638947,1.1881734783,0.0180273543,1.9545730807,61.111111111099994,22.2222222222,33.3333333333,7.0,2.5,3.25,4.125,3.875,4.1428571429000005,2.75,53,-1.0638391651,2.342947115,34,176.0,6,1.1875,1.0666666667,0.6233379364,0.0008156267,0.6652848482,0.0011917832,0.6388888889000001,0.0250474647,0.06403124240000001,0.158113883,6,-2.3940239129,0.6778232416000001,0.3633856285,1.5227640463,-0.9465379645,3.6,,,,,,,42,-1.0301635399,2.1663727705,0.5382453354,5,0.9505517687999999,0.4989992288,2.0100887702000003,-1.2218397005,0.9166666667,0.5,,0.9166666667,142.0,0.30000000000000004,0.4,0.5,0.1,2.4221407091,0.2334191095,2.9194715206,-0.6430474882,0.3891891892,0.043331872599999995,2.2864551196000003,0.2421958047,1.4159661344,-1.363397533,319.0,3.5,4.3,,,,,,,,,,,,1.734855,0.2110071479,2.3993502719,-0.4633692736,6.0,6.5,6.0,5.5,6.0,35,,,,,,,,2.1,4.2222222222,1.3333333333,3.5333333333,2879.1041666666997,1,8,6065.666666666701,-0.6848483777000001,0.6848483777000001,1.3,2.0,1.4166666666999999,1.2142857143,2.0,0.8324834853,0.2580581089
s080,1.0698092089,0.164746479,1.5567665331,1.9,40.0,0.33333333330000003,756,26.1764705882,0.43333333329999996,420,-0.8521621645,-1.0198939672,2.9609444508999996,0.3580553943,1.7099181384,-0.6079081249,0.0013574668000000002,0.0226411133,1.1911552734,4.2,4.5357142857,4.9333333333,2.0,2.5,3.2,3.2857142857,38,4.1830428698,0.2831568788,1.4114113424,0.6666666667000001,0.33333333330000003,12.083333333299999,6.314393452999999e-16,1,-0.0016666667,-2.0833333333,15.083333333299999,0.0211206897,1.0,-0.0021551724,-1.4100985222,1.4166666666999999,1.8181818182,0.0765985138,0.8779251858,8.8,5.9,2.7934367744,0.4378805046,2.2782374985,-0.1438243508,0.027777777799999997,2.1666666667,2.6666666667000003,2.1666666667,3.5,4.5,6.5,5.0,6.0,5.666666666699999,2.5,2.3333333333,2.3333333333,3.0,2.3333333333,6.0,-0.2511680329,0.3393108542,0.4286621889,4.4628105594,2.2592788961,0.2531041878,2.065329583,33.3333333333,77.7777777778,51.851851851899994,5.0,2.0,3.625,3.0,4.0,2.4285714286,3.625,49,-0.6807759697,4.096807786,27,219.0,9,1.4375,1.3333333333,0.6593782425,0.0012768242,1.0,0.0016364164999999999,0.6388888889000001,0.158113883,0.06403124240000001,0.158113883,2,-0.7580164995,1.9846737195,0.47331101560000005,1.6230776504,0.0134035354,4.4666666667,426.5,5.0488242191,0.25917679180000003,2.4234876476,20.0,22.0,38,,,0.6673964515999999,11,1.6280142587,0.4657770136,1.8856500468000001,-0.4408014792,0.33333333330000003,0.6666666667000001,0.33333333330000003,0.6666666667000001,110.5,0.30000000000000004,0.5,0.8,0.5,3.1126722436,0.4250265424,1.8448611956999998,-2.0544506919,0.3995037221,0.054945126799999994,2.7746028457,0.3502166756,1.4320362143,-0.7420945388,363.0,5.7,6.2,339.3333333333,4.9739506111,0.2685994295,3.1101727454000003,372.8333333333,392.5,4.0297166339,0.3212591641,1.9735010628999998,19.6666666667,-13.780342879400001,4.1207215229,0.41111854649999996,2.4152481589,-0.7760054558,6.5,5.0,5.0,5.5,7.0,43,-0.494513054,-0.2892753907,1.5689486671000001,0.2896700103,1.6415258784,0.2222646003,-0.1365788111,2.8,3.3333333332999997,1.8888888889,3.0666666667,2506.4703703704,7,8,4785.5833333333,0.3475591105,0.054067221299999996,1.8,2.7272727273000004,2.5833333333,2.0,2.1666666667,0.3240370956,0.24779061289999998
s087,1.1034470088,0.3024549083,1.5793906547999998,1.8,25.9615384615,0.1333333333,650,22.0,0.1666666667,525,-0.3266100014,-1.4215234908,3.0017385878,0.4523920674,1.5719854232,-0.8592496689,0.0193363733,0.0503444824,0.02503125,4.3333333333,4.0714285714,3.3,2.0,2.5,3.2,4.0,39,3.6681759444,0.4166261507,1.6880562915,0.0,0.6666666667000001,8.125,0.0291666667,1,-0.0001666667,-2.5416666667,10.5416666667,0.1365248227,3.0,-0.0062884161,-2.3445626478,1.0,1.1818181818,-0.2255702879,0.9683921294,6.8,7.2,2.438730927,0.5559532233,1.8230142518999999,0.0351986533,0.1388888889,1.8333333333,2.5,1.8333333333,3.0,3.8333333332999997,5.3333333333,5.833333333300001,6.166666666699999,6.5,3.8333333332999997,1.3333333333,1.5,2.6666666667000003,1.1666666667,5.0,-4.2524867033,0.2943466515,0.0,5.320134937200001,2.6914038105,0.31662161699999997,1.4578497597,55.5555555556,66.6666666667,55.5555555556,4.6666666667,5.0,3.0,2.25,2.875,2.1428571429,4.5,37,-1.0170844173,3.9312389163,25,221.0,6,1.1875,1.0,0.6957855225,0.0007631073000000001,0.9926757812,0.0010523216,0.4722222222,0.158113883,0.06403124240000001,0.158113883,2,-0.3743763353,0.7307340487999999,0.038264614,2.4582108037,0.097999364,4.1333333332999995,317.3333333333,3.4510178656,0.4145974115,1.5389941587,53.5,31.5,46,5.6666612073,1.1219048315,0.7230582115,4,1.2772882874,0.646138168,2.1545945769999997,0.10013125939999999,0.9166666667,0.5,1.0,0.9166666667,112.0,0.2,0.7000000000000001,0.4,0.0,3.2544099072000003,0.4915336164,1.6324697403,-3.4073244275,0.5301507538,0.0093435811,3.898755354,0.3758738674,1.5551979666999998,-0.289596523,380.0,5.4,5.0,455.5,4.1519670314,0.4772380471,1.4363978274,298.8333333333,325.1666666667,3.8023207275,0.4315269535,2.3994278036,26.3333333333,58.655240981000006,3.1492819685000004,0.3943866486,2.7152696676,-2.3960285457,5.0,6.5,2.0,2.0,5.0,54,-0.2267676762,-0.2957847252,1.6337224775,0.4876797020000001,1.5019153265,-0.1839620552,-0.32639002300000003,4.9,2.8888888889,3.1111111111,2.6666666667000003,2163.25,-2,11,4009.6666666666997,-0.2490363574,-0.5232481438000001,1.6,1.2727272726999999,3.0,1.1428571429,1.3333333333,0.22336701809999998,0.2045619152
s088,1.6411637914,0.27845269219999996,1.3044527795999998,2.5,12.777777777799999,0.1,330,8.4615384615,0.1333333333,210,-0.25163250719999997,-0.5467308755,4.7436205206,0.3325187864,2.6962490205000003,-2.0693989721,0.0009909803,0.012914398200000001,0.025967773399999998,2.4,3.2857142857,3.6666666667,3.0,1.75,3.4,3.1428571429,46,7.1931473093000005,0.2867981887,1.6487637177,0.0,0.6666666667000001,2.0,2.4286128660000003e-17,1,-0.001,-1.4166666666999999,4.375,0.0028967254000000003,1.0,-0.0017783375,-1.048488665,1.0,1.2727272726999999,-0.017888307200000002,0.3403141361,6.7,7.3,4.0472759037,0.48710222799999997,1.6652011536000002,-0.1134821947,0.0833333333,1.5,1.3333333333,1.6666666666999999,4.6666666667,4.5,4.0,6.333333333300001,5.3333333333,5.5,2.3333333333,1.8333333333,1.0,2.1666666667,4.1666666667,6.0,-1.9528703696,0.3068466688,0.0,5.320134937200001,4.597847968,0.3053524132,1.169749861,27.7777777778,22.2222222222,51.851851851899994,6.0,4.5,4.0,2.875,4.25,2.5714285714000003,3.875,49,-0.8075379761,4.3503317988,27,193.0,7,1.0625,1.4666666667,0.9450439453,0.0013409982,0.937109375,0.0013637120000000002,0.5,0.06403124240000001,0.06403124240000001,0.06403124240000001,2,-1.4648635629,2.0385989129,0.4786539692,1.4986278189,-0.4386621077,4.5333333333,296.1666666667,3.6378265908,0.28554226450000003,2.2054339863999997,-17.0,163.0,46,,,0.4735300556,4,2.8291413538,0.4409203925,2.2122942528,-0.5156673481,0.75,0.0833333333,1.0,0.5833333333,119.0,0.30000000000000004,0.2,0.7000000000000001,0.4,3.5792576502,0.4943211708,2.6140474965,-1.7716959486,0.4731707317,0.031636202599999996,5.341191848899999,0.2808978519,1.5524249538,-1.1621381000000002,326.5,5.8,5.5,240.3333333333,4.3174124727,0.2824557122,4.8899116893,260.6666666667,255.3333333333,4.493683832099999,0.2079147806,4.43290102,-5.3333333333,51.9291666667,3.7612510597,0.4059686002,2.0121815942,-1.2668061242,6.0,5.5,6.0,1.0,5.0,45,-0.7424300429,-0.5063266425,2.3046104141,0.3768700025,1.6885592150000002,-0.17627855399999998,0.4575172950000001,3.2,3.6666666667,3.2222222222,3.4666666667,2750.7916666666997,6,6,5283.25,-0.6455397486000001,0.9697794168000001,1.7000000000000002,1.2727272726999999,1.25,1.0714285714,2.1666666667,0.8052031304999999,0.3696780009
s090,0.6916223595000001,0.0864631827,1.4034858244,1.45,16.64,0.1666666667,407,11.5,0.1333333333,289,-0.7304365681,-1.0555718769,3.6593607802999997,0.4280134201,1.3492226,-0.8335838890999999,0.13206665609999999,0.46578222659999996,0.0551259766,3.4666666667,2.4285714286,2.2,4.0,2.0,4.0,3.1428571429,64,4.600126051,0.2781364496,1.6527225372,0.33333333330000003,0.1666666667,11.375,0.0291666667,0,0.0035,-0.375,10.4583333333,-0.13257731960000002,0.0,-0.006903092800000001,-1.4017182131,1.0,1.3636363636000002,0.3172088614,0.4441437245,5.8,3.8,2.0625157698,0.5136753957,1.7182881999999997,-0.630401862,0.0,1.5,1.0,1.5,1.5,5.5,5.1666666667,7.0,5.666666666699999,6.666666666699999,2.5,1.0,1.0,2.6666666667000003,1.0,6.333333333300001,-0.6637568233000001,0.0823852145,-0.5616381195,3.4239749998,2.1889855116,0.2546881167,1.9348359984999999,66.6666666667,0.0,7.4074074074,7.0,1.0,4.75,4.875,5.0,4.7142857143,4.875,46,-1.0816155204,3.2951286846,39,220.0,10,1.0,1.1333333333,0.5912388802,0.0012596607,0.6528867722,0.0011271783999999999,0.3888888889,0.25,0.25,0.25,6,,,,,,5.6,318.3333333333,2.5202147155000003,0.3429071768,1.1713135451,23.5,31.0,47,,,0.6016565711999999,6,1.5818079536,0.5422595277000001,1.6332793436000002,-0.4610335063,0.6666666667000001,0.5,0.5,0.75,147.0,0.1,0.1,0.5,0.1,2.8188564755,0.4002663972,2.1112493512,-1.4551828005,0.32598039219999997,-0.0120274618,2.5089813377000003,0.3354494176,1.3981950044999998,-0.1852772056,298.0,4.4,3.9,319.8333333333,3.2611748261,0.3428920989,1.4698599967,268.3333333333,347.6666666667,3.567687978,0.3103929159,1.7930130469999999,79.3333333333,69.96279635260001,2.1146747647999997,0.3923606750000001,1.7537871488,-1.9910150136000002,5.0,7.0,3.5,7.0,6.0,47,-0.04766384269999999,0.046131369000000005,1.3179673256,0.30912011850000004,2.1976211901,-0.3367272471,-0.0777074801,2.5,4.0,2.1111111111,2.2666666667,2688.0740740741,2,8,4291.6666666667,,,1.0,1.0,1.0,1.0,1.5,0.7953035443,0.20787994280000002
s095,1.5214289181,0.2885891991,1.4154817519999998,2.35,11.166666666700001,0.0,320,10.48,0.1666666667,250,-0.9336413852,-1.4064723952,5.2955151997000005,0.52153561,3.204912008,-1.0367660182,0.0011966738000000002,0.0055849304,0.059744140599999995,3.4666666667,3.5357142857,3.6333333333,4.0,2.5,2.8,2.4285714286,51,5.5100095531,0.4185810174,1.7917371636,1.0,0.0,8.9166666667,0.0666666667,1,-0.001,-2.75,10.5416666667,-0.0021709936999999998,0.0,-0.0004288272,-0.1600268577,1.0,1.4545454544999998,-0.544205897,0.4696808856,8.2,7.9,2.1678095497,0.6171522661000001,2.0749749244,-0.40938929329999996,0.055555555599999994,2.0,2.8333333332999997,1.6666666666999999,1.8333333333,4.6666666667,5.666666666699999,5.0,5.666666666699999,6.0,2.8333333332999997,1.5,2.1666666667,1.0,1.5,5.3333333333,0.08171754839999999,-0.027396009800000003,0.0,5.320134937200001,5.0348772716,0.5789186261,3.0092234414999997,61.111111111099994,22.2222222222,37.037037037,5.666666666699999,4.0,4.125,4.0,3.5,3.5714285714000003,3.0,47,-0.8893284576999999,4.1867508355,32,179.0,7,1.0,1.4,0.6201343536,0.0010879341,1.0,0.0018951559,0.7777777778,0.0256124969,0.009797959,0.06403124240000001,5,-0.3102955741,1.7527314053,0.6034386566000001,2.6062553594,-0.33921558430000004,5.0666666667,,,,,,,46,-1.2641018158,8.8753752764,0.4942708487,17,1.2495527825,0.6971549466,2.24955958,-0.0921376321,0.75,1.0,0.9166666667,0.8333333333,123.5,0.2,0.1,0.30000000000000004,0.4,2.8031484925,0.6307064181,1.9183699419999998,-1.1162383055,0.35380835380000003,0.08284511139999999,4.8082813514,0.4664889308,2.1743289831,-0.1742635771,393.0,5.7,4.9,307.1666666667,2.4652777219999997,0.4237608550000001,1.5231003984,352.3333333333,425.1666666667,3.4333574925,0.4851794623,1.4544752301,72.8333333333,38.0795832075,3.5598552439,0.49517175869999996,1.8269085938,-0.6610433059,5.0,6.5,5.5,5.5,4.5,40,-0.31388212790000003,-0.22490159059999998,1.3694482822999998,0.151900938,2.6296042672,-0.5111466664000001,0.1869474823,3.1,3.4444444444,2.1111111111,2.5333333333000003,2321.09375,-6,8,6966.083333333299,1.4798204191,0.5798184953000001,1.4,1.6363636363999998,1.8333333333,1.8571428571000002,2.5,0.8676857619,0.3364968464
s100,1.3359581787,0.3791297420000001,1.4909337959,2.6,34.0,0.33333333330000003,644,24.347826086999998,0.23333333329999997,540,-0.6157631875,-0.6573204296,3.132208588,0.41209277,1.8818081071000001,-0.3278167014,0.0002507898,0.0077514648,0.0229580078,3.7333333332999996,3.1785714286,3.8333333332999997,3.0,2.75,3.4,2.7142857143,46,2.2063532549000002,0.3853222624,1.8506671234,0.1666666667,0.6666666667000001,16.0416666667,0.0458333333,1,-0.0028333333,-5.125,22.9166666667,-0.014084507,1.0,0.0002816901,-2.6197183099,1.0,1.0909090909,-0.003429319,0.8722912694,7.1,8.7,2.2219300311000003,0.4237962303,1.8334603446,0.4731083746,0.4722222222,2.0,5.1666666667,1.6666666666999999,3.1666666667000003,3.1666666667000003,5.833333333300001,4.1666666667,5.666666666699999,4.8333333333,4.5,1.0,5.666666666699999,1.8333333333,2.8333333332999997,3.8333333332999997,-1.2829201078,-0.5813656862000001,-0.5638194763000001,3.4283377134,2.2525327563,0.2585710318,1.8523116936000001,27.7777777778,66.6666666667,37.037037037,5.5,4.25,4.375,3.0,4.375,3.1428571429,2.375,52,-1.1195720593,3.7262636324,35,169.0,3,1.0625,1.6,0.7329155922,0.001122788,0.7720947266,0.0012455782,0.5,0.009797959,0.009797959,0.06403124240000001,4,-0.950920269,1.4442996987999999,0.5153341553,1.8113801672,-0.1902818778,5.3333333333,448.6666666667,2.0072520521,0.445298436,1.2197475986,6.0,11.5,47,7.090573880599999,-6.079653701,0.4057887535,11,1.8986325947,0.5729058649000001,1.7026379634,-0.2338825709,0.9166666667,0.75,0.6666666667000001,1.0,133.0,0.2,0.6000000000000001,0.5,0.5,2.6612178079,0.5099448728,1.9098041969,-1.8452298653,0.4225,0.0250028173,2.8772667441000004,0.3730648471,2.1049688839,-0.6698629657,466.0,6.9,7.6,382.1666666667,2.6767318814000003,0.4659254164,1.1925129198,352.0,311.8333333333,2.5445186607,0.4423256838,1.3172724489,-40.1666666667,5.9969433719000005,2.3353933492,0.4018105104,2.1054040026,-0.7730235504,6.0,6.5,6.0,3.5,4.0,38,0.0395675248,0.14652893220000002,1.3373296990999999,0.1548216587,2.4037200996,-0.3228321481,-0.5662195453000001,4.2,2.5555555556,2.6666666667000003,3.4,2286.6240740741,21,7,2699.4166666667,-0.3452526952,0.0913497786,1.3,2.0,2.25,2.2857142857,2.9166666667000003,0.2819918741,0.3731665842
s101,1.0884473912000001,0.265911485,1.6426740438999998,2.4,43.75,0.4666666667,650,25.0,0.33333333330000003,475,0.3430024492,-1.4356743274,4.6752047688000005,0.3998271245,2.5366931438,-0.4248699615,0.0001751633,0.0065822754,0.0201513672,3.2666666667000004,4.0357142857,4.7333333333,3.0,3.25,3.6,3.0,46,5.3065748278,0.2676689226,1.9965138508000002,0.8333333333,0.0,12.458333333299999,0.0208333333,2,-0.0148333333,-4.0416666667,14.125,0.2418054338,2.0,0.0028992112,-1.9555214724,1.0,1.4545454544999998,0.191531771,0.9761415801,7.0,6.3,2.0355274374000003,0.5894708067000001,2.5389445057,-0.5964466198,0.19444444440000003,1.6666666666999999,2.6666666667000003,1.0,2.8333333332999997,4.8333333333,5.0,4.1666666667,4.8333333333,4.3333333333,2.1666666667,1.6666666666999999,3.1666666667000003,3.3333333332999997,3.1666666667000003,5.833333333300001,-1.3030461406,-0.07984707910000001,0.0,5.320134937200001,3.2251476372,0.1067809768,3.4431264583999996,72.2222222222,55.5555555556,44.4444444444,5.5,2.5,4.0,4.25,4.0,3.8571428571,3.5,50,-1.0705413209999999,3.8243251091,27,158.0,8,1.375,1.6666666666999999,0.6457630157,0.001132782,0.7228530884000001,0.0011627969,0.6111111111,0.25,0.25,0.009797959,6,-0.7989875483000001,1.9356126281000001,0.4070033157,1.7911947730000002,-0.1667233454,3.8,364.5,3.8015226614,0.3126547677,1.6823042825999999,2.5,29.5,37,9.171595271000001,-7.5154527896,0.516919576,9,1.4389840893,0.5629457746000001,2.1378789766,-0.1680327229,0.6666666667000001,0.1666666667,0.5833333333,1.0,136.0,0.0,0.7000000000000001,0.7000000000000001,0.8,3.1885683554,0.4364834995,1.7941863321,-2.2067581934000002,0.4029484029,0.06602700019999999,3.4907141157,0.296243158,1.4693868083000001,-0.7987993910000001,345.0,4.8,5.3,256.0,4.2804046249,0.3043215038,3.9750836772,246.3333333333,307.6666666667,3.6024845176,0.31732724230000003,2.3740080548,61.3333333333,137.92055676549998,3.1690801882999997,0.3386648593,2.3895721693,-1.0749666436,6.0,6.0,6.0,4.5,6.5,44,-0.6878541995999999,-0.575385355,1.2903472053,0.3649379657,1.6864610345000002,0.07431781009999999,-0.0515159553,2.7,4.0,2.4444444444,3.6,2383.2583333333,2,7,5437.4166666667,0.6901904326999999,-0.4595323294,1.9,2.2727272727,2.6666666667000003,1.5,3.0,0.1773930752,0.5367894767
s113,2.0690025928,0.3834155567,1.1443431529,4.5,14.2307692308,0.1333333333,355,8.7692307692,0.1333333333,218,-0.33903429659999995,-1.3914743146000002,3.4877863726,0.3918597798,1.6221332281,-0.6434895874000001,0.0005177871000000001,0.0008470039,0.0227802734,6.333333333300001,3.8571428571,4.6666666667,3.25,3.5,3.8,3.5714285714000003,39,2.7943514419,0.29839248690000003,1.1683380961,0.33333333330000003,0.33333333330000003,8.0416666667,0.054166666700000005,2,0.0001666667,-1.9583333333,7.708333333300001,0.031260434100000005,1.0,0.0008380633999999999,-0.6596410684,1.0833333333,1.0909090909,0.0042067037,0.9621635233,7.7,6.7,3.542187535,0.40407143799999995,1.9356967681,-0.2980973917,0.5833333333,1.5,1.8333333333,1.0,1.1666666667,3.8333333332999997,4.6666666667,5.3333333333,4.5,3.5,2.5,1.5,1.0,1.1666666667,1.0,5.1666666667,-2.112037506,0.8604661185,-0.23315151239999998,3.5345441135000004,3.013892846,0.245755762,1.4129164524000002,5.5555555556,22.2222222222,44.4444444444,4.5,2.25,3.5,3.75,3.875,2.2857142857,4.625,50,-1.1652624446,3.6348828618,18,254.0,6,1.0,1.2,0.7003479004000001,0.0022545397,0.876083374,0.0026879603,0.6944444444,0.009797959,0.009797959,0.0256124969,2,-0.9242653194,1.908872265,0.40633818439999997,1.54360796,-0.3771977162,4.7333333333,307.0,2.3410558638,0.3412650686,1.5150733065000002,-11.0,280.0,46,-16.329745590599998,24.272270530700002,0.288617244,11,2.3789589534,0.4392905011,1.7657924035,-0.21284704059999998,0.75,0.5,0.9166666667,0.4166666667,111.0,0.30000000000000004,0.2,0.5,0.1,3.9579387113999998,0.4401233009,1.2839026041,-2.2011202283,0.5456790122999999,0.09925746380000001,4.1531676334,0.34051658450000005,1.4133976446,-0.302843978,314.5,8.1,6.5,307.3333333333,4.4275242968,0.41128574869999995,1.6038270741,296.5,311.0,4.2114419138,0.3867640318,1.4301181877000002,14.5,12.4625462692,2.8692640917000003,0.3797336287,1.3622214487,-1.2594860192,7.0,5.0,4.0,6.0,7.0,55,0.2403861478,-0.5981882339,2.3642578096,0.3448604845,1.3688379763,-0.3703213249,0.65950453,4.1,2.7777777778,1.3333333333,3.3333333332999997,1688.7310606060998,11,8,3652.6666666666997,1.5084443583000002,-1.4190841839,2.2,1.8181818182,1.4166666666999999,1.0714285714,1.75,0.4616755467,0.23689944850000003
s115,1.1522650944,0.053998816399999996,1.6344892563999998,1.9,9.714285714299999,0.0666666667,261,5.28,0.1666666667,126,-0.40618483409999995,-0.4685443253,2.6650971134,0.3147931043,1.324502879,-1.4873572855000001,5.01129e-05,0.0013474121,0.0405126953,4.8666666667000005,3.6071428571,4.0,2.75,2.75,3.4,3.2857142857,47,4.8052477197000005,0.2028294714,1.645699435,0.33333333330000003,0.0,17.9166666667,0.0416666667,2,-0.006666666700000001,-5.416666666699999,14.5,-0.044580384199999996,0.0,0.0009832153999999999,-1.1587462083,1.0,1.0,0.2903648942,0.7930884972000001,5.6,7.4,2.4409320469,0.4487450615,1.6048392244,-0.6403207777000001,0.1666666667,2.0,2.8333333332999997,2.0,4.1666666667,4.5,4.6666666667,5.0,5.1666666667,3.6666666667,2.8333333332999997,2.0,2.3333333333,2.3333333333,4.0,5.833333333300001,-1.6735562407,1.0998934956,0.0,5.320134937200001,2.3128542783,0.1093175107,2.0468256093,66.6666666667,88.8888888889,70.3703703704,5.0,4.25,3.5,2.125,2.875,2.7142857143,3.25,45,-1.0705413209999999,3.8243251091,28,176.0,8,1.125,1.6,0.7428085326999999,0.0009563964999999999,0.8442489623999999,0.000928564,0.6388888889000001,0.0006324555,0.009797959,0.0256124969,3,-1.0269835228,1.5260388717,0.1764714191,2.3017171836,-0.5152886869000001,3.3333333332999997,,,,,,,44,-1.9877173394999998,1.8986736109,0.4206236471,13,1.9491197908,0.35164250539999997,2.0352874642,-0.3801995735,0.6666666667000001,0.75,0.6666666667000001,0.75,112.0,0.5,0.8,0.8,0.9,2.7962414321,0.34513979270000006,1.4233253829,-2.6841809683,0.30673316710000004,0.0281732065,2.5632732857,0.1966404,1.0881126429,-1.2243585492,294.5,5.6,4.5,317.0,2.7445844147000003,0.17761611789999998,1.4708792776,257.3333333333,332.3333333333,2.0426463751,0.26842192379999996,1.033839947,75.0,-13.573314203699999,2.4589457233000003,0.2334599512,1.9758877421,-0.8280259714,4.0,5.5,5.0,2.5,5.0,47,-0.8545942717,0.1134134872,1.6931415403999999,0.2656917037,1.3161228722,0.243728501,-0.4524143057,4.3,2.7777777778,2.1111111111,2.2,3295.9203703703997,2,6,4045.2916666666997,0.1780422272,0.245122458,1.7000000000000002,2.0,2.1666666667,1.7857142857,2.6666666667000003,0.8538180734999999,0.15314465330000002
s116,1.0654195807,0.060696869,1.8077843968,1.95,33.368421052600006,0.3666666667,633,24.263157894699997,0.3666666667,460,-0.4313307449,-0.2454599005,4.416796139,0.3644206274,2.8176114373,-0.5937275295000001,0.00396404,0.027431030300000003,0.0301738281,2.7333333332999996,3.3571428571,3.3333333332999997,3.5,3.75,3.8,2.2857142857,47,4.9919722197,0.2794910855,1.4414666337,1.0,0.0,12.291666666700001,0.0208333333,1,-0.0008333333,-2.2916666667,24.375,0.0723086627,1.0,-0.0005920942,-2.4468040369999997,1.0,1.7272727273,0.0722349583,0.9796837705,9.1,9.0,1.5957254612,0.4473978625,2.0580826955,-0.7220244077,1.0,2.0,1.5,2.0,1.5,3.0,5.833333333300001,6.333333333300001,6.166666666699999,6.833333333300001,2.6666666667000003,1.0,2.0,4.0,1.0,6.0,-0.5599138253,-0.4484642672,-0.4152015081,3.131101777,1.5620869453,0.022718053,2.544676386,55.5555555556,44.4444444444,25.925925925900003,6.833333333300001,4.25,4.5,4.375,4.375,3.7142857143,4.75,52,-1.1652624446,3.6348828618,38,198.0,9,1.0625,1.3333333333,0.6607891082999999,0.0013086155,1.0,0.0014403329999999998,0.5833333333,0.0038729833,0.0256124969,0.06403124240000001,2,-0.4915706959,0.9724164715000001,0.07718976429999999,2.6150522132000003,-0.8533087734999999,4.8666666667000005,401.8333333333,3.7811042773000003,0.32591915320000003,2.1852632521,34.5,37.0,45,4.6717410521,-2.6149008309,0.4809134437,9,1.8238443913,0.6189759937,1.9179073915,-0.1589555989,0.6666666667000001,0.75,0.8333333333,0.9166666667,149.0,0.4,0.8,0.6000000000000001,0.2,2.9314286993,0.4030632934,2.2716786752,-1.1263546475,0.5685279188,0.046270012400000005,3.76613073,0.2916504512,1.7757529002,-1.2967283441,333.5,5.4,7.0,287.8333333333,5.9702584531,0.3886073818,4.1814185832,,,,,,,,3.2396926151999996,0.3689220164,2.0678901343000002,-1.6321768812000002,7.0,7.0,7.0,3.0,4.5,35,-0.6290379037,-0.5160070039,1.936147035,0.3140861987,2.0699415759,-0.6703206404000001,-0.3278753003,3.1,4.8888888888999995,1.6666666666999999,3.7333333332999996,2299.5104166667,6,8,4424.8333333333,-0.0624087436,-0.5679840375999999,1.0,1.0909090909,2.0833333333,1.6428571428999998,2.3333333333,0.2321860118,0.1341789726
s117,0.658093286,0.0346440102,1.6172871962,1.65,32.5416666667,0.2,731,9.12,0.1666666667,218,-0.3984472021,-1.2739304239,2.5512268258,0.31789344,1.2004310333,-2.548155286,0.0010015292,0.0003158875,0.0006062012000000001,2.5333333333000003,3.1071428571,3.2,4.0,4.0,2.8,1.1428571429,46,4.1616898816,0.27581763670000004,1.6635056605,0.1666666667,0.1666666667,13.875,0.0458333333,1,-0.0015,-4.9583333333,16.4583333333,0.0697399527,1.0,-0.0114751773,-10.469267139500001,1.0833333333,2.0,0.17348051239999998,0.8282910875,6.9,6.4,1.9737129533,0.3869045763,1.9692535562,-0.26767709160000003,1.0,5.1666666667,3.6666666667,1.3333333333,5.3333333333,3.0,2.6666666667000003,3.8333333332999997,5.1666666667,3.6666666667,3.1666666667000003,5.0,5.0,2.8333333332999997,5.666666666699999,6.166666666699999,-0.91340188,-1.2327817524,-0.9092231175,3.5016887022000005,2.2005023089,0.0165450194,3.2765086074000003,72.2222222222,0.0,14.8148148148,6.333333333300001,4.0,4.875,4.875,5.0,3.8571428571,3.25,51,-1.0816155204,3.2951286846,34,182.0,5,1.1875,2.0,,,,,,0.0038729833,0.009797959,0.009797959,3,-1.2266077305,1.5615513103999998,0.5126381459,1.6677965465,-0.8825529041,5.533333333300001,402.0,2.3494221400999997,0.28497535079999997,1.2451365666,10.5,37.0,42,11.294418283499999,-8.8300752615,0.5464255946000001,9,1.8106587767,0.5477981697000001,1.8338903309,-0.9103630548,0.6666666667000001,1.0,0.4166666667,0.9166666667,132.5,0.6000000000000001,1.0,1.0,1.0,3.5991322074000003,0.4040305996,1.8588965266,-1.9672242309999999,0.5588235294,0.0504860716,3.8285881733,0.2728173601,1.9299507965,-0.880046784,335.0,5.8,6.4,210.6666666667,2.5749929389,0.3162777335,1.5707661274,306.0833333333,304.6666666667,2.7555139152,0.3471184867,1.1849420778,-1.4166666666999999,11.3630739173,1.9980617384,0.3466376988,1.6133542333000002,-1.7741457446000002,2.5,5.5,5.0,5.0,6.5,55,-0.3108286287,-0.4153765146,0.5113087181,0.10483550470000001,1.82847576,-0.1658037323,0.3874847999,1.9,4.1111111111000005,1.8888888889,4.4,1246.1351010101,14,7,1865.4166666667002,28.129139971500003,-25.8024573269,1.3,2.3636363636,2.0833333333,1.6428571428999998,3.75,0.5525137641,0.1646735439
s118,1.1088235062,0.0251430322,1.8555733176,2.2,37.652173913,0.23333333329999997,833,24.105263157899998,0.3666666667,438,,,,,,,0.0002671496,8.29377e-05,0.0003016357,4.6666666667,5.4642857143,4.2666666667,3.75,3.25,3.6,1.7142857143,39,2.264494125,0.26792653559999996,1.5038262944999998,0.5,0.33333333330000003,26.375,0.0125,1,-0.0008333333,-1.9583333333,28.3333333333,0.0198970457,1.0,-0.0005899731000000001,-2.0230528200999998,1.6666666666999999,1.5454545455000002,0.0040588849,0.0369271635,9.6,5.5,1.0211999618,0.41396493219999997,1.7581234436000002,0.27221838060000003,0.9722222222,3.8333333332999997,3.8333333332999997,3.5,3.5,4.0,2.5,1.5,3.1666666667000003,2.1666666667,1.0,4.0,5.0,4.3333333333,5.1666666667,4.3333333333,-0.3250215864,0.32874775079999996,-0.2112178171,1.1546483479,0.9242973822,0.0893250475,1.4912879719,44.4444444444,55.5555555556,62.962962963,4.1666666667,5.25,2.875,3.375,2.75,3.4285714286,3.75,51,-0.5618994783,2.0912760627,26,122.0,7,1.6875,1.6,0.7099784851000001,0.0019074814999999999,0.6520933151,0.0020505553,0.7777777778,0.0006324555,0.0002011893,0.0002011893,3,-1.4049819685,1.5614768931999998,0.3635902161,1.9301455553,-0.235913962,3.9333333333,,,,,,,38,,,0.6310827948000001,11,0.6717272541,0.2247672402,2.2559815029,-0.045284026799999995,0.75,0.75,0.33333333330000003,0.5,109.0,0.7000000000000001,0.4,0.9,0.9,1.7753335822999998,0.4348347395,1.8662159674,-0.16450149779999998,0.37681159420000004,-0.0038859856,1.9249374722,0.1016385132,2.4982930909,-0.2175915567,409.0,7.1,6.6,405.8333333333,2.2386114341,0.3775343418,1.3019513546,347.75,330.6666666667,1.916532545,0.3616826857,1.4751403991,-17.0833333333,-30.835285124600002,2.3686591539,0.3300580516,1.9487648888,-1.1807728947,5.0,5.5,6.0,5.0,5.5,46,-0.4689399281,-0.8884116606,1.0684513559,0.0359619929,2.2648222292,-0.0884004421,0.4711316124,3.6,2.5555555556,2.3333333333,3.8,1615.8611111111,11,8,5782.75,,,2.1,2.1818181818,2.5,2.7142857143,3.3333333332999997,0.2146047002,0.5358911621
s119,0.7704427526000001,0.08924783609999999,1.9178684778,1.7000000000000002,36.6666666667,0.30000000000000004,729,30.6666666667,0.5,425,-0.37016778079999996,-0.9130588226,2.4756144139,0.39697115340000005,2.1614667497,-0.6829752939,4.830299999999999e-06,1.55165e-05,0.0003449707,3.4666666667,3.3928571429,4.7333333333,2.25,2.25,3.2,3.0,38,1.6064865405000002,0.2251646715,1.9583222327,0.5,0.33333333330000003,8.75,0.008333333299999999,2,-0.0186666667,-1.1666666667,19.9166666667,-0.0345803842,0.0,-0.0020998989,0.07502527810000001,1.0,1.4545454544999998,-0.0926132267,0.9477616832,7.0,4.2,0.8819931559,0.213488531,2.1921096953,-0.1344547264,1.0,2.1666666667,2.5,1.8333333333,3.8333333332999997,3.8333333332999997,4.5,4.5,4.1666666667,3.6666666667,2.1666666667,1.6666666666999999,1.3333333333,2.0,1.8333333333,4.3333333333,-2.0430871225,0.1539131882,-0.2208356844,2.2159644869,1.2306842517,0.007806208100000002,1.3138635669,11.1111111111,11.1111111111,33.3333333333,5.0,2.25,3.875,2.75,4.0,3.0,2.625,48,-0.8782638345,2.2632218753,31,117.0,4,1.0625,1.6,0.8186729431,0.0024921941,0.9685546875,0.0027659963000000003,0.6944444444,0.0002011893,0.0002011893,0.0002011893,2,-0.8712786137999999,1.285914559,0.4240653439,1.9190431222,-0.24390892739999998,5.2,319.6666666667,2.1522606732,0.1874970298,2.2875885183,-16.5,-29.0,45,,,0.6063540763,5,0.4636847293,0.0764638266,2.2911404856999997,0.6170134717,0.4166666667,0.6666666667000001,0.5833333333,0.75,118.5,0.1,,0.6000000000000001,1.0,1.1104768454,0.1622454472,2.6387567619,-0.1299400329,0.3306451613,0.0244746292,2.0147599247,0.2734294484,1.8413228916,-0.5143468894000001,423.0,6.7,6.5,414.5,2.3013521229,0.4112405574,1.2123338221,288.5,283.0,2.6131339134,0.3729136105,1.501559677,-5.5,58.5121212121,1.8854698321,0.3332411166,1.8862724347,-1.0436171276000001,5.5,4.5,6.0,4.5,3.0,46,-0.2923764351,0.1178630648,0.775723472,0.0551975091,1.9602408266999998,0.0969260924,-0.26874135460000004,3.2,3.4444444444,2.7777777778,3.3333333332999997,1910.7420634921,41,6,2616.1666666667,,,1.8,2.0909090909,1.75,1.9285714286,3.0833333332999997,0.8143660771,0.5164644405000001
s120,1.3912224372,0.1716947446,1.5830610134,2.85,41.9444444444,0.4,710,39.3888888889,0.4,661,-0.0757337822,-1.5734363936000002,2.0976420082,0.3960070972,1.4195653556,-0.06738221059999999,2.33157e-05,0.00021703150000000002,0.0008222656000000001,3.0666666667,2.6428571429,3.4,3.25,2.75,3.6,2.1428571429,60,,,,0.6666666667000001,0.1666666667,9.2083333333,0.2291666667,2,-0.0081666667,0.2916666667,23.8571428571,0.2825951557,1.0,-0.0119204152,-0.9697231834,1.0,1.8181818182,0.2942741487,-0.9309913485,9.2,7.4,0.7937357331999999,0.43060416659999995,1.3982504316,,0.0833333333,3.8333333332999997,4.3333333333,1.6666666666999999,4.3333333333,3.6666666667,3.5,4.3333333333,4.6666666667,2.1666666667,2.5,4.0,5.666666666699999,4.6666666667,7.0,5.0,-1.2711188071,0.2503764255,-0.6130606514,3.2662737683999996,1.7606642594,0.2394242487,1.505023871,55.5555555556,33.3333333333,62.962962963,6.166666666699999,4.5,4.75,4.25,3.0,4.4285714286,3.875,52,-1.2494826612,3.4664424285,40,181.0,6,1.0625,1.8666666666999998,0.6866308212000001,0.0015630254,0.9989257812,0.0016732338000000002,0.6944444444,0.009797959,0.0256124969,0.0099597577,6,-1.1054829417,1.3275470324,0.3488099706,1.8588838554,-0.3005805587,5.3333333333,377.3333333333,1.7669188005,0.32673148830000004,0.9901801463,33.0,13.5,47,-16.9551354082,26.4371907788,0.4010872021,9,1.7283815081,0.41696369549999995,1.8525043874,0.38845538799999996,0.8333333333,0.8333333333,0.8333333333,0.8333333333,147.0,0.1,0.6000000000000001,0.7000000000000001,1.0,2.9918417778,0.3791096588,1.3127375598,-1.0564066497,0.3248730964,0.0005951905000000001,3.3334333420999998,0.30125685890000004,1.5122656352000001,0.1198417452,347.0,6.9,5.4,,,,,376.3333333333,349.6666666667,1.6007748600999998,0.2032574314,1.4954429526,-26.6666666667,-3.0752351097000004,1.7387368134,0.34738606409999995,1.209285039,-1.4806612456000001,7.0,7.0,7.0,3.5,3.0,42,-0.2688741631,-0.8515813094,0.9709004693,0.0472709784,2.0226719941,-0.8028538752000001,0.2141314432,2.5,3.6666666667,1.4444444444,2.2,1563.2765151515,11,7,2690.75,-0.420537561,0.6641596437,1.2,1.3636363636000002,1.4166666666999999,1.1428571429,3.1666666667000003,0.546293687,0.2956231123
s121,1.2318175058,0.2631685093,1.3905451267,2.2,25.238095238099998,0.30000000000000004,500,27.105263157899998,0.3666666667,490,-0.1290806806,-0.3552792419,3.190819955,0.35537609140000004,2.2066686868,-0.2131628576,8.506790000000001e-05,0.0002993259,0.0015634766,4.1333333332999995,3.4285714286,4.9333333333,2.0,2.5,3.0,3.1428571429,43,2.6960134692,0.2682277663,1.2160863644,0.8333333333,0.1666666667,13.291666666700001,0.3458333333,3,-0.0135,-3.4583333332999997,17.7083333333,0.07709359610000001,0.0,-0.0027758621,-1.9439655171999999,1.0833333333,1.0,0.0069683718,0.9973275023999999,8.2,7.9,1.8942549804,0.45847853,1.9265704545,-0.1047046129,0.9166666667,2.1666666667,3.1666666667000003,1.0,1.0,2.5,4.5,4.0,4.6666666667,4.0,1.8333333333,2.3333333333,2.5,2.0,1.5,3.8333333332999997,-0.9771694995999999,-0.9696249670999999,-0.6505874502000001,2.6501544007,2.3361086544000003,0.3200525119,1.4933066138,11.1111111111,33.3333333333,25.925925925900003,2.8333333332999997,3.5,2.875,1.625,4.375,2.8571428571,2.625,36,-1.2281502863,2.527933836,29,147.0,7,1.0625,1.0,0.7005129814000001,0.0012941679,0.9036437989,0.0016637537,0.5,0.0002011893,0.0002011893,0.0006324555,2,-0.15218345730000002,1.2515248848,0.5570199500999999,1.7781747183,-0.5302440291,3.8,306.0,1.5703281052000002,0.25882142480000003,1.2763740706,-39.0,-61.0,47,-4.811266900000001,10.011446680299999,0.7069009184,12,1.732921606,0.5077674946999999,1.6970561165,-0.3536234743,0.33333333330000003,0.5833333333,0.4166666667,0.6666666667000001,102.0,0.0,0.30000000000000004,0.30000000000000004,0.0,3.1245318875,0.4525991921,1.846273924,-1.8629165092,0.4346733668,0.07504776,2.0375232755,0.27931473830000003,1.6011690518000001,-0.27059528250000003,307.0,6.3,6.3,,,,,317.1666666667,486.6666666667,2.057836252,0.278172073,1.5961718353,169.5,22.341595878000003,2.1664934466,0.4586590428,1.4281575227,-1.9359033984,5.0,4.5,5.5,1.5,3.5,46,-0.3455456294,-0.3335112121,1.2639906392,0.29771772950000003,1.7012659961,0.15598739250000002,0.0112129156,2.7,3.8888888889,2.3333333333,1.8666666666999998,1940.5,13,9,2887.8333333333003,0.21827262109999998,0.5596157879,2.2,2.0909090909,1.6666666666999999,1.1428571429,1.1666666667,0.5924475333,0.2381674601
s122,1.3474264034,0.13952211539999998,1.8904584971,2.8,36.1363636364,0.2666666667,754,40.6470588235,0.43333333329999996,654,-0.4696108671,-1.5830422193,2.8727518936000003,0.3723311328,1.5654025324,-0.8980068917,0.0013989197,0.0129718018,0.030661132799999997,3.6666666667,3.3928571429,4.1,1.75,2.5,4.0,3.0,35,4.4934667582,0.2831024794,1.0970682591,0.1666666667,0.33333333330000003,20.4583333333,0.054166666700000005,2,-0.0135,-2.0416666667,25.9583333333,0.1305963604,1.0,-0.0001832931,-0.0065775048999999995,1.0,1.3636363636000002,0.2114445945,0.1478216845,6.8,7.9,1.8091119756999998,0.3571208225,1.7072026880000002,-0.4957820056,0.0,4.1666666667,5.3333333333,3.3333333332999997,5.3333333333,4.1666666667,5.3333333333,5.5,6.166666666699999,5.0,4.8333333333,2.3333333333,2.6666666667000003,3.1666666667000003,4.5,4.3333333333,-2.5617418905,0.5556682199,0.1976700244,4.9247948884,2.0074663683000002,0.0101464367,2.2841713978000002,83.3333333333,22.2222222222,33.3333333333,5.3333333333,5.75,3.875,3.875,3.875,3.1428571429,4.0,45,-1.2890129855,3.38738178,24,179.0,6,1.25,1.5333333333,0.7210472106999999,0.0009410964999999999,0.7326921225,0.0012031533,0.7222222222,0.25,0.1265219767,0.158113883,3,-0.9514918866,1.6751416674,0.4155304074,1.5810602009999999,-0.15072771699999998,4.7333333333,361.0,2.4457154398,0.30029131330000003,1.3501037919,33.0,43.5,44,5.0101947974000005,-2.1964948707,0.671919312,11,1.641855931,0.4086518964,1.5801630322,-0.32676958840000003,0.5,0.5,1.0,0.75,121.0,0.1,0.8,0.7000000000000001,0.5,3.3144912408,0.1757831044,3.1863305097000003,-0.5706038103000001,0.5012345679,0.0341770353,4.086319352,0.2864177619,1.302933794,-0.6803706016000001,300.0,5.8,5.5,349.0,2.8481455807,0.3239243576,1.1884076536,276.6666666667,294.6666666667,2.2439009132,0.2933566866,1.2159741763,18.0,-18.076604911700002,2.2723819009,0.27731929829999996,2.1106376889,-0.5351952990000001,6.0,6.5,6.0,2.0,3.5,41,0.6409262061000001,-0.8379147286,1.9933997540000001,0.3098683282,1.4111981819,-0.9113795108,0.8734841350000001,3.7,3.0,2.2222222222,2.7333333332999996,2471.875,-4,6,5343.25,0.6025985236,-0.9444616088,1.8,1.0,2.0833333333,1.2142857143,3.0833333332999997,0.8716430231000001,0.6248906151
s124,0.8239923909,0.0308829217,1.7456218307,1.7000000000000002,15.68,0.1666666667,377,9.4761904762,0.30000000000000004,189,0.1378473478,-0.4824174945,3.9864141455,0.4026111003,2.7590558072,-0.3332381336,0.0011747277,0.0005425034,0.0100751953,4.0666666667,3.9285714286,5.533333333300001,3.0,2.75,3.2,2.0,28,5.2425003013,0.29893150760000003,2.0098582437,0.33333333330000003,0.33333333330000003,5.708333333300001,-0.0291666667,2,-0.0045000000000000005,-2.5416666667,3.0416666667000003,0.0221428571,2.0,-0.0018571429,-0.5785714286,1.6666666666999999,1.5454545455000002,-0.22188805879999998,0.892823224,7.3,6.1,1.5419492566000002,0.5892867053999999,1.7044803516,-0.6885952706,0.8055555556,2.1666666667,3.6666666667,1.0,2.1666666667,4.0,5.666666666699999,4.5,6.333333333300001,6.166666666699999,2.6666666667000003,1.6666666666999999,2.0,1.0,1.6666666666999999,5.5,-1.1178652027,-0.2574511239,-0.5794907613,4.1611534147,2.4428048116,0.31057437590000003,1.5539721525999999,16.6666666667,55.5555555556,81.4814814815,4.0,4.25,2.75,4.375,4.375,2.4285714286,1.875,39,-0.5402436899,4.8849203713,23,122.0,9,1.625,1.1333333333,0.7038527489,0.0012595002,0.9393554688,0.0012966393,0.7222222222,0.0006324555,0.0006324555,0.0006324555,1,-1.5509844647,1.9255139103999999,0.4652941332,1.5959953503,-0.4577488671,2.3333333333,581.1666666666999,2.0502281994,0.3721838026,1.6979321777,75.0,96.0,40,0.32097478960000003,6.139162875,0.37743524920000004,6,1.0542570905,0.4285407235,1.9006225013,0.222331218,0.25,0.1666666667,0.75,0.5,110.0,0.2,0.2,0.5,0.0,2.7784067635,0.4618415367,2.209931095,-1.1153217942,0.5866336634,0.0954808359,3.2058821344,0.3305720293,1.4828543089,-0.9912558656,401.0,5.9,6.4,252.8333333333,5.3379847521,0.3062795108,3.7406786155,314.3333333333,384.3333333333,3.8401388516000003,0.4162582342,2.1756540632,70.0,74.1001492969,2.4880898656,0.3246948676,2.169424726,-1.2715114197,2.5,4.0,7.0,7.0,6.0,63,0.0430625443,-0.8261292006000001,1.2840974779,0.4024043886,1.7923604546,-0.8208182318,0.38912199049999996,1.5,2.5555555556,2.2222222222,3.2,7420.625,-9,4,5892.916666666701,-1.0940251247,1.9095425049,2.0,2.2727272727,2.5833333333,1.0714285714,1.25,0.7978104555000001,0.4606131786
s125,0.7802234631,0.0541238091,1.7302065881000002,1.75,14.916666666700001,0.2,348,12.0454545455,0.2666666667,248,-0.6527716163,-1.8344422672999998,2.881055576,0.4307553992,1.5748940953,-0.6192420402000001,6.215800000000001e-06,0.0017595596000000004,0.000921875,2.0,3.6071428571,2.6,2.75,1.5,3.2,1.4285714286000002,61,2.5453041969,0.25915925489999997,1.3778949187,0.33333333330000003,0.1666666667,11.583333333299999,0.25833333329999997,2,-0.0016666667,-5.916666666699999,7.333333333300001,-0.030075188000000006,0.0,-0.0023007519,0.19172932329999998,1.0,1.2727272726999999,-0.15639939900000002,-0.0016561945,7.0,5.9,,,,,1.0,1.0,2.1666666667,1.0,1.0,4.8333333333,5.833333333300001,5.3333333333,5.833333333300001,6.0,3.8333333332999997,1.0,1.0,1.0,1.0,1.8333333333,-3.4136925757,-1.2683424306,0.3346735035,4.6507879302,2.0419749593,0.0309827064,2.5353855206,61.111111111099994,44.4444444444,44.4444444444,5.5,1.0,5.0,4.625,4.75,4.4285714286,3.5,52,-1.0041893256999999,2.9758557574,40,117.0,4,1.0,1.3333333333,0.6982299805000001,0.0017225204,0.6362911224000001,0.0018095494,0.5555555556,0.0002011893,0.0002011893,0.0002011893,1,-0.705930445,1.8439156366,0.3977854428,2.0175740859,-0.6704139845,6.0,308.1666666667,2.4163050790000002,0.4099638482,1.3524456731999999,15.5,24.5,47,-5.8810823474000005,7.0356688876,0.6910449966000001,9,0.7486246950000001,0.3710278139,1.5622817279,-0.5946658415999999,0.33333333330000003,0.9166666667,0.5833333333,0.75,148.0,0.30000000000000004,0.0,0.30000000000000004,0.0,3.0755887531,0.4181907799,1.7346473874000001,-1.2969178179,0.4345679012,0.0644143944,2.5863535439,0.27488078250000003,1.6525737248,-0.1282292573,378.5,5.6,6.5,305.6666666667,2.7102485738,0.3283710214,1.7183170842000002,285.0,315.8333333333,4.4516139457,0.3646135083,2.0593403669,30.8333333333,-12.3743047564,1.9195827603,0.4600867081,1.5000270370000002,-1.3781097106,6.5,6.5,6.5,1.5,4.0,40,0.19508374109999999,-0.0803129964,0.6953226554,0.029930313200000006,2.2315909042,-0.6383110663,-0.1340077291,1.9,4.2222222222,1.2222222222,2.4,2178.9833333333,-3,10,4498.3636363636,0.2135741003,-0.2135741003,1.0,1.1818181818,1.0,1.0,1.25,0.27840806030000004,0.2645525668
s126,1.1677187806,0.28819315079999996,1.2632905126,2.0,26.473684210500004,0.3666666667,482,30.0,0.3666666667,548,-0.269423888,-0.7582467361,5.3653064187,0.4590257310000001,2.7196610666,-0.7509054062999999,0.00027152729999999997,0.0031756287,0.0135107422,3.2666666667000004,3.0714285714,2.7333333332999996,2.0,2.75,2.8,2.0,61,6.1466803491999995,0.2938864619,2.038393025,0.8333333333,0.1666666667,9.6666666667,0.125,3,-0.0036666666999999997,-1.8333333333,13.416666666700001,0.0446808511,1.0,-0.0014468085,-3.2801418439999996,1.0,1.2727272726999999,0.202603685,0.931879389,7.8,6.9,2.52311807,0.5275292701000001,2.1528041049,-0.6476129273,0.8888888889000001,1.0,2.6666666667000003,1.0,4.3333333333,3.8333333332999997,5.5,3.8333333332999997,5.0,4.5,2.5,1.0,3.6666666667,1.1666666667,4.8333333333,4.1666666667,-1.6065196016999999,0.9792037606999999,0.3298219498,4.6604910377,2.7740998496,0.2746724434,1.6320939259,33.3333333333,0.0,22.2222222222,4.8333333333,3.5,4.5,3.875,2.125,4.2857142857,3.625,51,-0.8893284576999999,4.1867508355,38,162.0,9,1.0,1.8666666666999998,1.0,0.0008567671000000001,1.0,0.0008681892999999999,0.5555555556,0.0015811388,0.0015650846,0.009797959,4,-0.8019188810000001,1.7450682989,0.48070029229999994,1.8124756538999998,-0.9228126368,5.7333333333,350.3333333333,5.4702481429,0.3386289174,2.6727860200999998,57.0,33.0,45,-9.1503271909,22.3590556798,0.7161748481,17,1.3087341255,0.47532804359999997,1.8667216219,0.3898659636,1.0,1.0,1.0,1.0,147.0,0.0,0.2,0.5,0.9,3.0069810939,0.47426000329999995,1.3596792938999998,-2.2194670548,0.37128712869999997,0.08742750839999999,4.3758021243,0.33990029860000004,1.7061653531,-1.4410759118,346.0,5.9,5.3,379.6666666667,3.8897120835,0.43816085579999997,1.7831960356,287.0,310.3333333333,4.4200986251,0.3755304682,1.7972082112,23.3333333333,31.8931167973,2.6262854300000003,0.33205376540000003,1.5981483727,-0.3739207835,7.0,7.0,6.5,5.5,6.0,42,-0.7273950067,0.013578123899999999,2.7646112070999997,0.4122785442,1.8529340546000002,-0.5352694772000001,-0.0238091539,1.7000000000000002,4.2222222222,1.3333333333,2.8666666667,3059.0185185184996,0,8,4209.5,0.6592456289,1.4847344339,1.2,1.4545454544999998,1.0,1.0,3.3333333332999997,0.21805001429999998,0.45460003090000006
s127,1.1533287573,0.3381494987,1.8480995144,2.4,4.2222222222,0.1,114,18.0,0.33333333330000003,355,-0.49382940490000005,-0.894551533,3.1248498380000003,0.34915658920000003,1.7560649244,-0.6072687519000001,0.0007935711999999999,0.0126635742,0.2286992188,3.6,3.7857142857,3.6,3.75,4.0,4.0,2.2857142857,41,2.2900323716999997,0.1102765996,2.5609448073000003,0.6666666667000001,0.33333333330000003,18.1666666667,0.3583333333,3,-0.011000000000000001,-4.0,10.7083333333,0.7413617886,1.0,-0.0091268293,-2.8302845528,1.0833333333,1.8181818182,-1.6653345369999998e-16,-4.1633363420000005e-17,7.0,6.1,2.3139797221,0.4378964647,1.9570790172,-0.5626661465,0.0833333333,2.5,4.1666666667,2.5,2.3333333333,4.3333333333,4.5,4.3333333333,4.0,5.5,2.1666666667,2.5,5.5,5.666666666699999,1.8333333333,6.666666666699999,-2.7976416712,-2.611811494,-0.6605572732,2.6700940467,1.6945386944,0.0146525367,2.1410765796,38.8888888889,11.1111111111,18.5185185185,6.0,3.0,3.125,3.75,4.375,4.0,4.0,52,-1.0228457019,1.9740581405000002,26,116.0,3,1.1875,1.4,0.5,,0.7976806640999999,0.001893329,0.6388888889000001,0.0256124969,0.0256124969,0.06403124240000001,3,-2.4190543693,0.7508651275,0.4091599801,1.5107350535,-0.06530450639999999,3.8666666667,448.6666666667,2.2404168515,0.3301647454,1.3979326955000002,20.0,63.0,41,0.032491177100000004,1.9618544347,0.3716583951,7,1.8500982721,0.5674537346999999,1.6030968763,0.0010217101,0.5833333333,0.33333333330000003,0.25,0.6666666667000001,116.0,0.0,0.6000000000000001,,,1.8195258344,0.4129410459,1.6295045195,-1.2148244692,0.4579207921,0.06859565370000001,1.9056364253,0.32828933520000003,1.4638498188,-0.0387148252,456.0,6.0,5.5,434.5,1.8297590163,0.1248413297,2.0946822652,317.0,380.8333333333,1.2843841923,0.0523078902,1.9879088115999999,63.8333333333,10.2388410062,1.7456508454000002,0.3934967658,1.494715051,-2.0636255396000003,4.5,4.0,7.0,7.0,5.0,41,-0.0397978358,0.0411397798,0.5286860258,0.0165966195,2.1771424616,-0.5780114921,-0.4810666938,2.3,4.1111111111000005,1.8888888889,3.6,1843.8133333332999,14,8,2900.3333333333003,,,1.7000000000000002,2.3636363636,2.0,1.5714285713999998,2.4166666667,0.14499286390000002,0.3356224922
s130,1.3502865552,0.1889915136,1.2344502415,2.05,17.3333333333,0.1,456,14.296296296300001,0.1,375,-0.5669520017,-0.4745808507,2.6318501396,0.2944586439,1.6019220035,-1.1069725822,0.0029268740000000003,0.018942749,0.0036943359,4.0,3.6071428571,3.8,3.0,2.0,3.4,2.7142857143,54,4.4041779949,0.2244153109,1.3624085266,0.1666666667,0.5,14.625,0.28750000000000003,2,-0.0035,-5.791666666699999,7.208333333300001,0.0666080844,2.0,-0.009271529,-3.2409929700999998,1.0,1.4545454544999998,0.0465434854,0.9211073417,8.2,7.5,2.3703003025,0.3613503828,1.5105853627,0.006420470699999999,0.44444444439999997,1.0,1.6666666666999999,1.3333333333,1.8333333333,3.8333333332999997,5.666666666699999,6.0,5.1666666667,4.8333333333,2.3333333333,1.0,1.0,2.1666666667,2.1666666667,5.3333333333,-1.7882127903999998,2.4398837148,0.4847229195,4.3506890982,2.5865390299,0.22880393059999998,1.3285195226,50.0,0.0,7.4074074074,5.5,1.25,3.375,4.625,4.75,3.1428571429,2.25,48,-1.2083775268,3.5486526974,31,168.0,8,1.0,1.2666666667,0.7743585587,0.0011398337,1.0,0.0016692567999999999,0.6944444444,0.009797959,0.009797959,0.0256124969,2,-0.7505412210000001,2.0579220855,0.5225837750000001,1.5447840730000002,-0.1551385666,4.8666666667000005,288.3333333333,3.4842024170999997,0.25976533960000003,1.6708739997,7.5,40.5,47,-7.7671067793,13.3564424176,0.44457682950000005,7,1.4337250486000002,0.4189019018,1.6554342398,-0.27933901699999997,0.9166666667,0.8333333333,1.0,1.0,135.0,0.0,0.1,0.2,0.4,3.0052704973,0.4148006418,1.4385392507,-3.2710497059,0.4792176039,0.077140004,4.1303907968,0.2744234739,1.1934896328,-1.4327779003999999,272.0,5.6,5.5,251.6666666667,3.8337963707,0.2782204864,1.9501235169,289.9166666667,236.3333333333,2.1040361246,0.24995259039999998,1.1934185646,-53.5833333333,4.3461388631,2.9348989268,0.3019980585,1.3380508412,-1.1247022542,7.0,6.0,6.5,3.0,2.0,31,-0.06084928,0.20158944269999998,2.2417492128,0.2802694942,1.5830291372,0.0959261838,-0.3373487181,1.9,4.7777777778,1.8888888889,2.3333333333,1965.7708333332998,8,8,3108.4166666666997,0.4411428592,0.2318016141,1.2,1.7272727273,1.8333333333,1.0714285714,1.8333333333,0.8464969421999999,0.5747602339
s132,1.6197465188,0.1247805916,1.8774412888999998,2.75,30.818181818200003,0.2666666667,650,28.0588235294,0.43333333329999996,451,-1.2044551605,-1.7011505766,2.8744343437,0.4672144078,1.3570715297999998,-2.286123755,0.041847699200000005,0.2796425781,0.7264072266,4.1333333332999995,4.75,4.6333333333,3.5,3.5,3.4,3.2857142857,31,4.6456019899,0.34986110659999997,1.6505804197,0.6666666667000001,0.33333333330000003,13.375,0.0958333333,1,-0.0015,-3.125,15.833333333299999,-0.0138912856,1.0,0.0001734254,-3.0770060397,1.8333333333,2.0,-0.17589035900000002,0.7158438849000001,7.5,5.9,1.5357571546000002,0.4492803428,1.5150346318,-0.4044301167,0.027777777799999997,3.5,3.8333333332999997,1.8333333333,5.1666666667,4.0,4.6666666667,4.6666666667,6.166666666699999,3.8333333332999997,3.3333333332999997,2.3333333333,6.0,2.8333333332999997,5.666666666699999,5.5,-2.6892949589999997,-0.2001728638,-0.3719338943,3.8121088774,2.4384278387,0.13169410180000002,2.2439269575,16.6666666667,11.1111111111,40.740740740700005,5.0,3.5,2.75,3.25,2.75,2.5714285714000003,3.375,49,-0.8893284576999999,4.1867508355,26,146.0,8,1.75,1.8666666666999998,0.7360582351999999,0.0010226348,0.9,0.0017199572,0.6111111111,0.06403124240000001,0.06403124240000001,0.06403124240000001,4,-1.3783833977000002,2.1515393839,0.4600947721,1.8997604072,-0.0365158363,3.5333333333,345.8333333333,2.453452844,0.4439829552,1.287439435,2.0,24.0,35,12.758367236199998,-5.3369035754,0.5836845829,10,2.4732226141,0.5306066993999999,1.7023254351,-0.3459480216,0.5,0.0833333333,0.5,0.75,106.0,0.5,0.7000000000000001,1.0,1.0,3.9443701769999997,0.4454151036,1.8012820988999998,-1.3656888518,0.4114583333,0.0463384034,3.1808854199,0.3164799614,1.7891928787,-0.8340131225,364.5,6.4,6.6,370.8333333333,5.2692863575,0.4063020536,2.3176987859,310.8333333333,311.0,3.5455737611,0.49723709340000005,1.3562391806,0.1666666667,31.1665088698,3.2248846079000004,0.3923813371,2.0403370028,-1.0065457726,6.0,4.0,4.0,6.5,5.5,47,-0.2237138193,-0.7138222141,1.3638300024,0.4538007322,1.6034128874,-0.9487746158,0.4456870578,3.7,3.5555555556,2.6666666667000003,4.0,2023.6555555556,10,7,4427.0,0.33924616350000003,-0.054067221299999996,2.2,2.9090909091,3.1666666667000003,3.0714285714,3.5833333332999997,0.6594912685000001,0.3787707053
s133,0.8265866770999999,0.2048557291,1.4052849007,1.65,30.434782608699997,0.23333333329999997,660,22.681818181799997,0.2666666667,485,-0.07819601500000001,-1.2600956549,4.8289314233,0.2995212104,2.7765838182,-1.8369745759,0.0010152516,0.0016017303,0.0031816406,2.5333333333000003,2.9285714286,2.9666666667,3.0,3.0,3.8,3.1428571429,62,3.1583345919,0.2505615366,1.7613570083,0.1666666667,0.6666666667000001,9.75,0.025,1,-5.811323645000001e-17,-4.8333333333,8.875,0.0189655172,1.0,0.0007586207,-4.1736453201999995,1.0,1.3636363636000002,-0.0272353999,0.7768300848999999,11.0,9.1,2.5792500243000003,0.34669495359999997,2.4696173204000003,-0.3264125335,0.44444444439999997,1.6666666666999999,2.8333333332999997,1.1666666667,2.3333333333,3.6666666667,6.333333333300001,4.5,6.166666666699999,4.5,2.6666666667000003,1.0,3.5,1.3333333333,2.0,6.333333333300001,-0.7525578895,-0.6905129273,0.0,5.320134937200001,2.5557755623,0.14764643019999998,2.8888861649,16.6666666667,22.2222222222,22.2222222222,5.666666666699999,4.0,4.75,4.75,4.5,3.4285714286,3.625,52,-0.8075379761,4.3503317988,37,220.0,6,1.0,1.0666666667,0.6703905582,0.0012312030000000002,0.9988769531,0.0019948864,0.6388888889000001,0.009797959,0.0007347087000000001,0.0015650846,2,-1.1850948571,1.7876815311,0.393855529,1.6882336826,0.030192241,5.9333333333,418.8333333333,2.7037878942,0.31516865239999997,1.7263439728999999,33.0,115.0,47,29.4367900061,-26.8208721829,0.5507424218,7,2.0522151983000003,0.3909246874,2.1083267725,0.1452089118,0.5833333333,0.5,0.6666666667000001,0.9166666667,149.0,0.2,0.6000000000000001,0.4,0.0,2.7613345173000003,0.4209304155,2.1781843422,-2.4931710891,0.4516129032,0.0379031462,2.6420227529,0.23332519350000003,1.651492281,-0.8006630838000001,297.5,6.4,6.3,290.5,3.3562403883,0.384485399,2.7481985471,247.6666666667,292.0,3.3636061436,0.2955466935,2.4212519026,44.3333333333,1.3507895118000002,2.3779358025,0.30186074220000003,1.8808017252,-1.0145423449,7.0,7.0,7.0,1.0,6.0,33,0.0941371434,-0.6975526864,0.8474585404,0.1744118144,2.054838089,-1.1576012995,0.19071984579999998,2.4,4.3333333333,1.5555555556,3.7333333332999996,1682.3055555556,19,5,3796.6666666666997,-0.3440238264,0.6931471806,1.4,1.0,1.25,1.1428571429,1.5833333333,0.8433076625,0.3023031701
s134,0.5050728135,0.0071829375,1.6595433358000002,1.6,39.5714285714,0.30000000000000004,775,30.133333333299998,0.5,411,-0.6443718745,-0.7685677395999999,2.8084986188,0.3488470477,2.1970711875999998,-0.7558821306,0.0010213508,0.0010173874000000002,0.0001688232,3.4666666667,3.0357142857,4.3333333333,2.75,3.25,3.4,3.4285714286,40,1.62328448,0.0173128378,2.4419630905000003,0.0,0.5,11.333333333299999,0.008333333299999999,1,-0.003,-2.6666666667000003,9.75,0.1327169275,0.0,0.000416582,0.5387116439999999,1.0,1.3636363636000002,0.10114715029999999,0.5271829661,6.0,5.1,0.9625060746999999,0.4841458508,2.0785636222,-0.4713604056,0.8888888889000001,2.0,3.3333333332999997,1.1666666667,2.8333333332999997,4.3333333333,5.666666666699999,5.666666666699999,5.0,5.0,3.0,1.3333333333,2.5,1.8333333333,1.5,4.6666666667,-2.8171010675,-2.4993042479,-0.5758812918999999,2.3976140302,1.3920104636,0.0122348376,1.7117157412000001,50.0,33.3333333333,33.3333333333,3.3333333332999997,5.0,3.25,3.5,3.125,3.2857142857,4.25,43,0.133958568,2.140176784,32,161.0,6,1.25,1.4,0.6735941409999999,0.0014913660999999999,0.6329486847,0.0014934457999999998,0.5,0.0006324555,0.0007347087000000001,0.0006324555,1,-0.8358991637000001,1.5512302228,0.40799256450000004,2.125643261,0.043060743000000005,5.2,318.5,1.916183596,0.3390525057,1.4946937708,25.0,41.0,43,,,0.3035844954,6,0.4902029789,0.32362968140000004,2.2348271383,0.3875651299,0.75,0.75,0.75,0.8333333333,115.0,0.1,0.30000000000000004,0.7000000000000001,0.2,2.3001733522,0.44826548969999996,1.5781705200999998,-1.5518021769,0.4673366834,0.088843789,1.6949292145,0.0377519784,2.1884696681,-0.3166681812,545.0,5.8,5.5,330.3333333333,2.0401804515,0.2625526387,1.7017399541999998,299.6666666667,258.8333333333,1.7590242173,0.2375044409,1.6014545034999998,-40.8333333333,56.3917303792,1.9923658197,0.3041930074,2.5363110757,-0.6354004554,7.0,5.5,5.5,1.0,6.0,54,0.1895107278,0.0521238919,0.5751436240000001,0.0454255097,1.7790230855000002,-0.1253454239,-0.2011146663,3.9,2.3333333333,3.0,3.2,2165.2893097643,12,6,3437.8333333333003,-0.2913518013,0.2913518013,1.9,1.7272727273,2.6666666667000003,2.3571428571,2.3333333333,0.1430183313,0.1346332116
s136,1.2865137717,0.263667191,1.8050087847,2.5,30.35,0.33333333330000003,582,14.916666666700001,0.2,343,-1.1568992755,-2.4578107136000003,3.5152247132000003,0.4374026001,1.4993825833,-0.5463853609,0.0002106268,0.0023900146,0.059765625,2.2,3.5357142857,4.3,2.75,2.0,3.2,3.0,56,5.3279767637,0.23211365609999998,2.2098031773,0.8333333333,0.1666666667,8.2083333333,0.1125,3,-0.0031666666999999996,-2.625,7.875,-0.012548499099999999,1.0,-0.0004745763,-2.2228915663,1.0,1.9090909091,-0.1429983275,0.5659115097999999,9.5,7.0,1.9536612469999999,0.4386485963,1.9658689399,-0.3314089035,0.1388888889,2.3333333333,3.0,1.1666666667,1.6666666666999999,3.0,4.8333333333,4.0,5.833333333300001,5.833333333300001,2.5,1.5,3.6666666667,1.5,1.6666666666999999,3.8333333332999997,-1.7759561735,-1.0088345656,-0.3719338943,3.8121088774,2.1525295450999997,0.2280576605,2.1665783799000002,44.4444444444,33.3333333333,11.1111111111,5.1666666667,5.75,3.5,2.75,4.125,3.0,1.625,40,-0.9575666758,4.0502743994,32,208.0,8,1.0,1.0,0.5,,0.9817138672,0.0028358508000000003,0.4722222222,0.0038729833,0.009797959,0.009797959,3,-1.1724303434,2.141042882,0.3939713465,1.6207179816,-0.1199133963,4.7333333333,222.6666666667,5.2786539615,0.33783789000000003,2.5042564404,-13.0,37.5,45,4.1928621467000005,-2.4503732103,0.3810915660000001,10,1.9787869465999999,0.5030516748,2.0465769402,0.0613556696,0.4166666667,,,0.75,133.5,0.30000000000000004,0.2,0.2,0.1,3.2924840575,0.4714225889,2.1229996382,-1.21327409,0.46305418719999997,0.0937371924,3.347943815,0.27553136840000003,1.5323590335,-0.9310292787,311.0,6.4,5.2,222.0,4.3601094601,0.3138044336,3.8201139482,253.5,293.8333333333,4.3159225147,0.3458759256,3.0067735008999996,40.3333333333,18.4031696314,3.3333473774,0.4088692686,2.0900939212000003,-1.2332876014,5.0,7.0,7.0,2.0,4.0,37,-0.4716235083,0.0343640567,1.8452279569,0.35417326520000003,1.5625252788,-0.0506427392,-0.2519512486,1.9,4.6666666667,1.8888888889,2.4666666666999997,1909.3962962963,16,5,3353.25,0.0278363729,1.4490952624000002,1.4,1.7272727273,1.5833333333,1.3571428571000002,1.3333333333,0.520328338,0.6968329830000001
s138,1.2299111924,0.0400254028,1.5989460856000002,2.0,41.0,0.6000000000000001,463,26.956521739099998,0.23333333329999997,600,-0.1792014059,-1.1873231678,3.5668839462,0.33656200159999994,1.9643287682,-0.7615592675,0.0005035549,0.0156140747,0.09931054689999999,3.4,3.3928571429,3.4,3.75,3.25,4.0,3.1428571429,41,3.7686063091000004,0.1275627048,2.0075659537,0.5,0.33333333330000003,6.5,0.008333333299999999,1,0.002,-2.0833333333,13.041666666700001,-0.0446969697,2.0,-0.0082020202,-4.1338383838,1.3333333333,1.1818181818,0.6942808051,0.5547373589,7.8,8.1,1.9834942557,0.4270547852,1.9437640879,-0.5809835928,0.0,2.1666666667,5.5,1.5,1.5,3.0,5.1666666667,6.166666666699999,5.666666666699999,5.1666666667,3.0,1.8333333333,3.0,2.3333333333,1.6666666666999999,5.666666666699999,-2.2403136799000003,-1.2661253692,-0.4664265226,3.0679940930000003,1.76482336,0.014041156,2.1435676176,27.7777777778,66.6666666667,74.0740740741,6.0,3.75,3.75,4.0,2.625,3.1428571429,3.875,52,-0.7514882369,3.1862189410000004,30,245.0,8,1.375,1.4,0.6326984048000001,0.0012997372,0.8658203125,0.0019340559,0.6666666667000001,0.06403124240000001,0.06403124240000001,0.06403124240000001,6,-1.4650218567,1.4513704862,0.45381971950000005,1.5910645986,-0.39731205869999997,4.8666666667000005,229.1666666667,2.8296798924,0.32313274480000004,1.445144984,-37.0,19.0,41,-46.8356517729,64.05715096109999,0.5222429907,7,1.3711868106,0.406684505,2.0054043665,0.23621746359999998,0.6666666667000001,0.6666666667000001,0.6666666667000001,0.9166666667,119.0,0.0,0.4,0.7000000000000001,0.2,2.4039955258,0.4164540169,1.9883252543,-1.9431515628,0.4882506527,0.0398302997,4.3244457452,0.1862717284,2.1038787452000003,-0.4402243381,264.0,6.7,6.7,230.1666666667,2.6555555764000003,0.3032705646,1.7656830881,233.8333333333,308.8333333333,2.9811113689999997,0.0260317571,3.0804042712,75.0,10.0455002514,2.6611951075999998,0.3034146345,1.7013768759999999,-1.0488874598,7.0,6.0,4.5,2.0,6.0,36,-0.8365937943999999,-1.0214187409,1.0779306587000002,0.0323038064,2.2979546795,0.43304116719999997,0.579299086,3.7,4.1111111111000005,2.1111111111,3.2,2357.2966666667003,7,8,3587.6666666666997,-22.6926755573,23.4866274369,1.2,1.0,2.9166666667000003,2.3571428571,2.1666666667,0.2273973775,0.5226862652
s139,0.9336590624,0.2351250961,1.6704392788999998,2.0,24.2608695652,0.23333333329999997,529,28.5,0.2,651,-1.0384291895,0.1164707106,2.7235148405,0.4357185975,1.1998731040000001,-0.7281513117,0.0008036130999999999,0.012241272,0.8795712890999999,3.8,3.7142857143,4.0333333333,2.25,3.5,3.6,3.2857142857,46,4.0075232627999995,0.28756587440000003,2.0456816802,0.5,0.1666666667,19.4583333333,-0.08750000000000001,0,0.0025,-0.9583333333,24.05,-0.1630829016,0.0,0.0012625216,-2.8082901554000004,1.0,1.8181818182,0.35279192880000004,0.5770135683000001,7.5,6.8,2.1636447211000003,0.3970660232,1.6687955616999999,-1.2156921479,0.0,1.0,3.1666666667000003,3.0,4.6666666667,5.0,5.3333333333,4.6666666667,6.0,5.833333333300001,2.0,1.3333333333,2.1666666667,3.8333333332999997,4.8333333333,6.833333333300001,-1.5231914297,0.1914595898,0.4181320954,4.4838707464,2.124519826,0.02401476,2.4621625359,38.8888888889,0.0,7.4074074074,5.0,4.5,4.125,2.75,4.375,3.5714285714000003,3.375,41,-1.0170844173,3.9312389163,32,188.0,6,1.0,1.5333333333,0.6027200699,0.0014261697000000002,0.7124673843000001,0.0014353592,0.75,0.158113883,0.25,0.25,4,-0.3842888919,1.5714269043,0.5022162954,1.8964920982,-0.7688051628,4.2,303.6666666667,2.9624473997000003,0.3465867139,1.8753221082,-33.0,160.0,44,3.6181301832,-0.2265387454,0.4481008381,12,1.5466575958000002,0.522615024,1.8514101328,-0.6174700784,0.9166666667,0.25,0.8333333333,0.8333333333,131.0,0.30000000000000004,0.6000000000000001,0.7000000000000001,0.5,2.2380215631,0.3740914233,1.7038055765,-0.6128038674,0.4592592593,0.0108026857,3.8366555013999997,0.2839614301,1.5798951895000002,-1.1942303328,360.0,5.7,6.4,345.3333333333,4.0300604025,0.3582374826,2.4195782748,265.6666666667,318.6666666667,2.8473803226000003,0.38811933020000006,1.7401162525,53.0,88.5360698734,2.6746493368,0.3623868715,1.6983102244,-0.823716149,6.0,6.5,5.5,2.5,5.5,40,-0.23070422059999998,-0.9329110978,1.7383414679,0.3370586183,1.7967760653,-0.5849733982,0.42924757539999997,3.9,3.5555555556,3.6666666667,3.4666666667,2136.3125,5,7,3031.5,-0.8545355277000001,1.2685113255,1.2,1.0909090909,2.0833333333,1.5714285713999998,2.9166666667000003,0.2212176385,0.3411084757
s141,1.2721658641,0.35942199539999997,1.2645776393,2.15,30.9130434783,0.23333333329999997,661,18.7307692308,0.1333333333,471,-0.17657493700000002,-1.3476064571000002,2.6466298859,0.47932542219999996,1.3633310619,-0.3037507263,0.0015636193,0.0014716567999999998,0.0025556641,2.3333333333,3.0,2.2,4.0,3.25,4.0,1.0,65,2.9090783439999996,0.30125411879999997,1.5406304541,0.0,0.6666666667000001,15.0,0.1666666667,1,0.0023333333,-4.0833333333,10.875,0.5020685579,1.0,-0.0100827423,-2.9373522458999997,1.0,1.5454545455000002,0.0646597716,0.4084168606,5.3,4.5,1.3828673391,0.4338432358,1.4336366951,-0.44250254409999995,0.33333333330000003,1.5,4.0,1.1666666667,1.0,3.6666666667,5.3333333333,6.0,6.0,5.3333333333,2.5,1.5,1.0,1.5,1.3333333333,7.0,-2.9046693184,-0.8237414668999999,-0.5616381195,3.4239749998,1.7254748711,0.1013306776,1.9380267219999998,0.0,0.0,3.7037037037,7.0,5.0,5.0,5.0,4.5,4.1428571429000005,4.5,52,-1.3646783862,3.2360509786000002,40,224.0,5,1.0,1.2666666667,0.6601791382000001,0.0015843698,0.5621326447,0.0014798176999999998,0.5,0.0636371852,0.0256124969,0.0256124969,2,-1.5237729827000002,1.6694304018,0.5005149813,1.4253884366999998,-0.09548411789999998,5.8,308.6666666667,3.0309638141,0.37921128369999996,1.4207814988999998,-11.5,58.0,47,6.992911850900001,-6.3999111756,0.6468484617,7,1.1175609207,0.4636653072,1.3454996036000002,-0.6102177732,0.8333333333,0.5833333333,0.33333333330000003,0.9166666667,150.0,0.0,0.4,0.8,0.0,2.3188179964,0.4436828492,1.3301933876,-2.3742849535,0.4345679012,0.0010893921,2.2364628838,0.279115216,1.4529026441,-0.8503305164,422.5,4.7,4.3,376.5,2.2549823255000003,0.3830276389,1.2117671076,317.8333333333,362.0,1.7804406079,0.36921412979999996,1.1920759222,44.1666666667,-8.1748270009,2.0554381124,0.3740968615,1.6862400975,-1.4172270495,6.5,6.5,6.5,6.5,6.5,12,-0.6793087689,-1.3502232268,1.0160425541,0.4687513768,1.6735379999000002,0.07198152570000001,1.0252104621,1.3,4.5555555556,1.2222222222,3.8,2311.5416666667,13,7,2865.5833333333003,0.0806889113,0.2682639866,1.0,1.0909090909,1.0,1.2142857143,1.9166666666999999,0.8416111363000001,0.41358872409999997
s143,0.9693515585,0.0367549179,1.7391513090000001,1.85,27.6153846154,0.1333333333,697,11.48,0.1666666667,275,0.242165062,-0.8291610131,3.1123920958999998,0.4264014278,1.5919587276,-0.5859849788,0.0009815609,0.0099942017,0.0379091797,3.6666666667,2.6428571429,4.4,2.25,2.0,3.0,1.7142857143,53,2.8909634883999997,0.2524611966,1.8004040499,0.33333333330000003,0.1666666667,7.583333333300001,-0.1166666667,1,0.0013333332999999998,-0.25,4.7916666667,0.0125,0.0,0.0008333333,-0.5416666667,1.0833333333,1.4545454544999998,0.1145077843,0.04883177019999999,7.6,5.6,1.1452302145,0.24731317649999998,2.1938126083,-0.6745869291000001,0.0,1.5,1.8333333333,1.0,1.8333333333,2.3333333333,4.0,4.3333333333,4.3333333333,4.1666666667,1.8333333333,1.1666666667,1.0,2.3333333333,2.1666666667,6.166666666699999,-2.1802066923,-1.3875033963999999,-0.0526756179,3.0358188213,1.5020426434999998,0.0025845575,1.9724854665,33.3333333333,0.0,3.7037037037,4.5,6.0,3.875,3.0,4.0,3.1428571429,3.0,49,-0.6483051312,2.1059660713999997,33,146.0,8,1.0625,1.2666666667,0.6085213661000001,0.0010396827,0.5,,0.33333333330000003,0.1265219767,0.25,0.158113883,2,-1.0161235712,1.5626703766,0.5262815106000001,1.8523490014,-0.21706671789999998,4.2666666667,,,,,,,45,-4.8164890554,4.171253211000001,0.3591007457,5,1.2663832044,0.5940303170000001,2.302957621,-0.42690302399999996,0.5,,0.5,0.9166666667,140.0,0.30000000000000004,0.2,,0.4,,,,,0.3916256158,0.029835437000000006,2.4352649923,0.330860101,1.3775714523,-0.1952318886,458.5,6.4,5.4,,,,,,,,,,,,1.3544407365,0.37153330659999995,1.6718762099000002,-1.316875843,3.0,7.0,6.5,3.5,5.0,32,-0.7850787339,0.0161458645,0.7871029183,0.1548950191,1.9234488684,-0.08451356439999999,-0.6452347008,3.3,3.6666666667,2.0,2.4666666666999997,1533.4111111111,28,7,3002.8333333333003,,,1.3,1.4545454544999998,1.75,1.5,2.25,0.7670331417,0.1964779095
s144,2.3343524927,0.23980465829999997,1.2187910374,2.65,42.1111111111,0.4,747,34.5789473684,0.3666666667,626,-0.6970980890999999,-1.1744091051,2.9944271032999996,0.3131449563,1.5441209686,-1.9939273949,3.48868e-05,0.013960693400000002,0.0285898438,5.533333333300001,3.4285714286,3.6,2.0,3.5,3.8,3.2857142857,41,5.2515608429,0.26102577180000003,1.0291445918000002,0.33333333330000003,0.5,7.791666666699999,0.2791666667,2,-0.005833333299999999,-3.0416666667000003,7.666666666699999,0.42067747299999997,3.0,-0.012084788,-1.7487531172000002,1.0,1.2727272726999999,-0.185613433,1.1205524824,8.2,9.2,2.4459313821,0.40756721659999995,1.7420028828,-0.6636374311000001,0.1388888889,1.6666666666999999,4.6666666667,1.1666666667,5.0,3.1666666667000003,4.6666666667,5.0,5.833333333300001,4.0,2.8333333332999997,1.8333333333,5.5,2.5,6.5,6.0,-2.1682165932,-0.6687317767000001,-0.5638194763000001,3.4283377134,2.6494505694,0.004547869,2.0618980029,61.111111111099994,44.4444444444,37.037037037,6.0,4.5,2.125,2.625,1.875,3.0,3.375,65,-1.0170844173,3.9312389163,14,155.0,7,1.0625,1.9333333333000002,0.9891357422,0.0012042834,1.0,0.0015411662,0.6666666667000001,0.06403124240000001,0.06403124240000001,0.158113883,6,-1.3379146475,2.4092767237,0.4080202264,1.71320197,0.0201773162,1.6,287.8333333333,2.5822208913,0.2377758078,1.3632836374000001,22.0,129.0,47,5.049372354,3.5130616337,0.3339921484,13,2.3082150771000003,0.495673844,1.6584970952000002,-0.25858164240000003,0.33333333330000003,0.1666666667,0.9166666667,0.5833333333,89.0,0.4,0.4,0.5,1.0,3.3319178352999996,0.3961426803,1.4452930231999999,-3.048322553,0.6148148148,0.0930543899,2.7435661051999998,0.2640319414,0.9239614642,-1.5834204149000002,256.5,6.1,7.3,189.8333333333,3.8233324383999996,0.2361763284,2.2144772599,191.8333333333,239.5,2.6207269207,0.23314340200000006,1.2215526796,47.6666666667,46.7058485768,3.3297127276999996,0.3266271351,1.947474919,-0.23698821539999998,5.0,3.0,2.5,2.5,6.0,42,0.1335013425,0.1668652554,1.9130149011000002,0.3008341389,1.3693687322,-0.4869402637,0.4223256586,4.8,3.0,2.7777777778,3.0666666667,1663.9740740741001,17,6,3696.3333333333003,0.7962417428,0.22450317079999998,2.3,1.0,2.5,2.0,3.8333333332999997,0.19997182719999998,0.1496463545
s146,,,,,31.4782608696,0.23333333329999997,670,12.0,0.1,313,0.10522577220000001,-1.5616548595,2.2453241335,0.38862688619999997,1.4236967207,-1.6861355116,0.1658138666,0.0149622803,0.3353525391,3.1333333333,4.4642857143,4.8666666667000005,2.0,2.5,3.4,3.8571428571,37,3.3186394741000003,0.0191374594,3.0919115108999997,0.1666666667,0.33333333330000003,11.0,2.2204460489999999e-16,1,-1.3877787810000002e-17,6.661338147999999e-16,11.0,3.1918911959999997e-16,0.0,9.540979117999999e-18,0.0,1.0,1.0909090909,0.10843520779999999,0.9895476773,8.2,4.1,1.6110764349000002,0.4658379609,1.7127371994999998,0.0374388614,0.1388888889,1.8333333333,2.6666666667000003,1.3333333333,2.1666666667,3.6666666667,4.3333333333,3.6666666667,4.1666666667,4.8333333333,2.8333333332999997,2.1666666667,2.0,2.5,2.0,5.3333333333,-0.7692762734999999,0.293558861,-0.5616381195,3.4239749998,2.2818458847,0.259012656,1.800219414,16.6666666667,33.3333333333,37.037037037,4.3333333333,2.0,3.125,2.375,4.625,2.2857142857,2.625,35,-0.9909828097,2.4886598257,20,155.0,5,1.0625,1.0,0.7206207275000001,0.0009500228,0.9162353515999999,0.000919691,0.5833333333,0.0015811388,0.0015811388,0.0250474647,2,-0.8857814662000001,1.2473760056999998,0.317170508,2.0466514538,-0.1414410835,4.4666666667,244.1666666667,2.9234515373,0.2907173934,1.713231177,28.5,103.5,47,,,0.7740262062000001,10,1.0429544269,0.5506690240000001,2.043087183,-0.3783264496,0.4166666667,0.8333333333,,,110.0,0.0,0.1,0.30000000000000004,0.1,2.8135721874,0.4246600439,2.0496330665,-2.3510240066,0.4734177215,0.0373068393,2.7517486624000003,0.2968139506,1.0636155527,-2.1788783414,311.5,4.0,5.4,257.0,3.2231470757,0.3315483776,1.6018328162,268.1666666667,267.6666666667,2.7203081752999996,0.27493110200000004,1.8528166588,-0.5,21.776315789499996,3.1684489348000002,0.33727279060000004,3.1412998966,-0.5430283548,6.5,6.0,3.0,4.0,1.5,53,-0.07599138379999999,-0.4680487914,0.9248693638,0.06608243600000001,2.0284375531,-0.37530934979999997,0.1164202483,3.1,3.3333333332999997,2.7777777778,2.5333333333000003,6042.4722222222,-4,6,4705.25,0.032789445,-23.164870849899998,2.3,1.9090909091,2.4166666667,1.2142857143,1.0833333333,0.8617189195999999,0.3161240564
s147,1.2469415987,0.1837121169,1.5396346778,2.5,27.681818181799997,0.2666666667,597,18.294117647100002,0.43333333329999996,301,0.0807918883,-1.1639398093,2.0468276605,0.3681700650000001,1.4928192074000002,-0.317637277,0.0006915437,0.0033311309999999998,0.1018681641,3.2666666667000004,4.0714285714,3.8666666667,3.5,2.25,3.4,3.1428571429,39,2.7142161430000002,0.1214842841,2.5187565223,0.5,0.1666666667,7.5,0.0416666667,1,4.987329993000001e-18,-2.0,4.75,0.05882352940000001,2.0,-0.0086666667,-2.818627451,1.0,1.4545454544999998,-0.0270052069,0.8570282520000001,9.6,10.6,1.2375633927,0.3302004898,1.6772822994,-0.1162564816,0.0,1.5,3.8333333332999997,1.6666666666999999,1.0,2.8333333332999997,5.3333333333,4.5,4.8333333333,6.0,3.5,2.6666666667000003,3.6666666667,2.8333333332999997,1.1666666667,3.5,-3.7442469049000002,-0.5326495257,0.342201409,4.6357321192,1.773646604,0.14694265750000002,1.4847492062999998,61.111111111099994,77.7777777778,44.4444444444,5.3333333333,2.0,4.625,3.75,4.75,3.2857142857,2.625,44,-0.8319276653000001,2.6313324366,31,223.0,5,1.0,1.0666666667,0.7655303955,0.0017253359,1.0,0.0022559602,0.5,0.0256124969,0.06403124240000001,0.06403124240000001,2,-0.8604130084,0.8893095492,0.0560305128,2.0938878578,0.16693314039999999,4.8666666667000005,,,,,,,46,,,0.35761345720000004,7,1.5250818315,0.33207152030000003,2.346967845,0.13450412550000002,0.4166666667,0.5,0.5833333333,0.5,131.5,0.30000000000000004,0.5,0.2,0.0,1.8474924788,0.294093192,1.622166166,-1.5725785688999998,0.5111662531000001,0.08412364230000001,1.6558351174,0.2264274625,2.1916391063,-0.0682561436,358.0,6.8,6.0,298.5,2.5978762044,0.3126698308,1.5089030218,301.5833333333,338.0,2.0528716326,0.0245760914,2.701338308,36.4166666667,-28.8525574787,2.3833643536,0.3115663685,1.8128408133,-1.3688889054,5.5,5.5,6.0,6.0,2.0,58,0.1635520509,-0.15898343269999998,1.1571971751,0.30865884860000004,1.9154671407,-0.7691387488,-0.35736555259999997,2.9,3.2222222222,1.7777777778,2.4,2326.0066666667003,6,7,2979.8333333333003,,,1.5,1.7272727273,2.5,1.9285714286,1.9166666666999999,0.8377721602,0.25030150160000003
s150,1.7488464627000002,0.28253028469999997,1.1778845997,2.35,32.0434782609,0.23333333329999997,711,25.2272727273,0.2666666667,535,-0.8373881672,-0.7694598137,3.1712709913,0.34217883409999994,1.7009558825000002,-1.0335764504,2.26777e-05,0.0003188305,0.1502363281,2.6666666667000003,3.0714285714,2.3666666667,3.0,3.0,3.8,3.7142857143,58,3.5507992941000004,0.2674949531,1.2843930845,0.33333333330000003,0.33333333330000003,6.25,0.075,3,-0.005,-1.9166666666999999,8.9166666667,0.07998774759999999,1.0,-0.0034028997000000003,-2.2457627119,1.0,1.0,0.1142730175,0.7005332631000001,7.6,4.7,2.1610036766,0.49637923939999995,2.1012854949,-0.8199959828000001,0.5555555556,1.1666666667,2.5,1.1666666667,2.5,4.6666666667,5.5,5.5,6.5,5.3333333333,2.5,1.6666666666999999,1.8333333333,1.8333333333,3.5,6.166666666699999,-2.6018316215,-1.5549982934000002,0.0,5.320134937200001,2.7185213841,0.2906548545,1.3316669989,66.6666666667,55.5555555556,22.2222222222,6.833333333300001,4.0,4.375,2.875,3.125,3.1428571429,3.75,52,-0.8308046694000001,3.7967503866,34,181.0,4,1.0625,1.2666666667,0.6922992706000001,0.0016534163,0.9710327148,0.0018934617,0.6388888889000001,0.003935979300000001,0.0038729833,0.009797959,3,-0.709485122,2.0361956798,0.36538971929999997,1.5569229436,-0.069248428,4.6666666667,353.0,2.9722068151,0.28798915550000004,1.4626062874,2.0,89.0,46,4.9280727364,-2.6459246827,0.5226291758,8,1.4778863012,0.4877464893,1.8027059057,-0.5695569965,0.75,0.9166666667,0.8333333333,0.75,138.0,0.0,0.2,0.5,0.4,2.6568179962,0.39618796409999996,2.2379002624,-1.126829766,0.3936430318,0.0634805933,2.8610011973,0.2786545089,1.1985355517,-1.4048130582,306.5,5.6,5.8,268.1666666667,4.2660361065,0.31653497329999997,1.4677159404,257.1666666667,271.0,3.6129674051,0.32550793240000003,1.4536914534,13.833333333299999,-29.8858467333,2.4037678721,0.4078320029,1.9722394166,-0.5482577302,7.0,7.0,5.0,3.0,4.5,40,-0.6615330186,-0.011439996499999999,1.3636525457,0.4110344525,1.3945034813,-0.34732569890000003,-0.8901527958000001,1.8,4.6666666667,2.0,2.7333333332999996,2466.7958333333,17,5,3140.5833333333003,0.7863891073,0.7396671962000001,1.0,1.0909090909,1.75,1.1428571429,2.1666666667,0.7811204768000001,0.7175974701000001
s151,1.01170662,0.23768793579999997,1.6462967456,2.15,37.15,0.33333333330000003,703,31.65,0.33333333330000003,603,-1.0802743552,-0.5661974557,3.4725229956,0.3820603067,1.4220666875,-0.7724469079,0.0014898524,0.0188594971,0.16550781250000002,2.7333333332999996,4.0,4.1666666667,2.5,3.25,4.0,3.5714285714000003,24,4.9838019955,0.2782434426,1.3029470573,0.5,0.1666666667,8.75,-0.0416666667,1,0.001,-2.75,3.375,0.125,3.0,-0.0064285714,-1.25,1.0,1.6363636363999998,-0.0410337686,0.3719209690000001,7.8,5.6,2.1804006550999997,0.3738664364,2.0388728862,-0.28447632910000004,0.0,1.8333333333,3.6666666667,1.5,1.5,3.6666666667,5.833333333300001,4.8333333333,6.166666666699999,5.833333333300001,4.8333333333,2.5,3.6666666667,2.5,1.8333333333,5.0,-2.4518852307,-0.3616431107,-0.3719338943,3.8121088774,2.5764250988,0.026655296600000003,2.2392281769999998,44.4444444444,44.4444444444,55.5555555556,5.3333333333,4.25,4.5,4.5,3.625,3.0,4.25,54,-0.8075379761,4.3503317988,18,233.0,9,1.375,1.1333333333,0.7090772629000001,0.001152243,0.8561279297000001,0.0023838680000000004,0.5,0.158113883,0.158113883,0.158113883,1,-0.9033646815,2.1548017683,0.3563419485,1.6345094761,-0.4177556806,4.6,310.6666666667,2.7971638977,0.32902015,1.133646023,31.0,55.0,46,-5.4699029250999995,10.3722483971,0.5100706073,8,1.6602023956999998,0.45239525,1.6067191788,-1.3232001431,0.5833333333,0.4166666667,0.9166666667,0.9166666667,91.0,0.30000000000000004,0.5,0.6000000000000001,0.0,2.9271995919,0.4023290101,1.2830936606999999,-2.9329595596,0.5970515971,0.0963669673,4.5047159876,0.3010903494,1.0602160877,-1.5273413579,311.5,6.9,6.1,239.8333333333,3.2455653594,0.33470317520000004,1.2590378681,234.5,240.6666666667,2.9749322816,0.33936708880000005,1.0745211913,6.166666666699999,14.960634784200002,2.0966896133,0.35823281170000004,1.3807756911000002,-0.5957787379,4.0,5.0,4.5,1.5,6.0,44,-0.18240372219999998,-0.6361379309,1.1636928934,0.3305831067,1.6332633836,-0.7022118472000001,0.1285755743,3.4,3.2222222222,3.0,3.4666666667,2133.829004329,14,5,2143.6666666667,-1.1524353395,1.0881409888,1.5,1.7272727273,2.5,3.0,1.9166666666999999,0.36137365,0.26382240700000004
s152,1.1111716776,0.16316646939999999,1.9105017252,2.65,21.9230769231,0.1333333333,540,20.8333333333,0.2,480,-0.9275328679000001,-1.0603052532,4.0882707644,0.3058117998,2.1248362305,-1.681500371,0.0053322829000000006,0.010624389599999999,0.0169560547,3.8,3.6071428571,4.2333333333,3.0,2.5,3.0,2.8571428571,46,4.1888215802,0.22664851219999999,1.897037861,0.8333333333,0.0,5.0416666667,0.1541666667,3,-0.0038333333,-1.7916666666999999,7.0,0.135744323,3.0,-0.0082052145,-2.6684188394,1.0833333333,1.4545454544999998,-0.0375429455,0.6996875746,9.1,7.9,3.1665808583999997,0.45511096729999995,2.1950769322,-0.7717090108,0.2777777778,2.0,3.8333333332999997,1.6666666666999999,2.6666666667000003,4.1666666667,4.8333333333,4.8333333333,5.1666666667,4.8333333333,3.3333333332999997,1.5,3.5,2.1666666667,1.6666666666999999,5.3333333333,-4.494754995,-0.15779507950000002,0.1910395678,4.9380558016,3.0870154787,0.1383453122,2.1740276936000003,55.5555555556,11.1111111111,22.2222222222,5.3333333333,4.25,3.875,4.0,3.625,3.5714285714000003,3.125,40,-0.5402436899,4.8849203713,29,190.0,5,1.0625,1.5333333333,0.7439041138,0.0015209845,0.9399658203,0.0016430720000000002,0.5833333333,0.009797959,0.009797959,0.0256124969,2,-0.8519113639,2.0543999378,0.4708376528,1.5536536578,-0.5210764344000001,4.1333333332999995,,,,,,,46,-4.822420265,8.9307130479,0.4919639240000001,13,2.1466472137,0.5137420747,1.9902254585,0.0457350806,0.5833333333,0.5,0.8333333333,0.9166666667,113.5,0.30000000000000004,0.4,0.30000000000000004,0.4,2.9268129803000003,0.4614565264,2.3440945167,-1.8267148136000002,0.5445544554,0.098944445,4.2879251818,0.27445442989999996,1.7313300978,-1.1246012089,339.0,5.1,5.5,310.5,4.009921825,0.2393939359,4.3711869505,250.3333333333,266.1666666667,3.9428548348000003,0.3633260043,2.1256387631,15.833333333299999,109.8604003399,3.3234562548000004,0.3429963681,2.1002412247,-1.3492755297999999,4.0,6.0,5.0,1.5,6.0,37,-0.6104815902,0.187193847,1.8088797732,0.3272208922,1.5259362548,0.3049217966,-0.7039251978000001,3.7,3.1111111111,3.1111111111,3.0666666667,1776.4270833332998,21,6,3423.75,26.4707583437,-0.5332984796,1.9,1.8181818182,2.0,1.7857142857,2.8333333332999997,0.15184338960000002,0.3712815761
s153,0.2730074717,0.0120577623,1.3714702794,1.25,47.2631578947,0.3666666667,852,31.631578947399998,0.3666666667,577,-0.7918492937,-2.4214561434,2.6341703227,0.4238352354,1.2675430387,-0.2198783482,0.0024433875,0.0090362549,0.06039453130000001,3.6,3.6428571429,3.4666666667,3.5,3.25,4.0,1.7142857143,62,2.3685802538000003,0.2562594507,1.8047530991999998,0.1666666667,0.6666666667000001,19.0416666667,0.07083333330000001,0,-0.0031666666999999996,-0.20833333329999998,15.291666666700001,-0.0956004877,0.0,0.0029668767,-0.5113798009,1.0,1.8181818182,-0.18298768989999997,0.26993456800000004,8.5,4.7,1.4972275743,0.2950339657,1.8536281168000002,-0.7269410240999999,0.0,3.0,5.3333333333,3.1666666667000003,2.1666666667,4.6666666667,5.3333333333,4.3333333333,4.8333333333,5.1666666667,5.666666666699999,2.1666666667,4.8333333333,5.666666666699999,3.3333333332999997,5.5,-0.6742737735000001,-0.4514267197,-0.24949715309999998,0.8136156755,0.5795279299,0.0847455511,1.5857365347,16.6666666667,33.3333333333,33.3333333333,6.666666666699999,2.25,5.0,5.0,3.75,3.1428571429,4.75,52,-1.3466816155,2.7649964944,30,120.0,5,1.125,1.0666666667,0.68120265,0.0018431747,0.6716920137000001,0.0016703821,0.5555555556,0.25,0.04949232,0.158113883,5,-1.3250258186,1.3358860478,0.34242999770000004,1.4997666333000002,-0.361497446,5.2,,,,,,,46,,,0.51466719,3,0.904303085,0.39386660450000005,1.8872067649,-0.8871255194000001,0.4166666667,0.33333333330000003,0.6666666667000001,0.5,149.0,0.0,0.2,0.4,0.0,2.5948171082,0.4350955272,1.5967769987,-1.9108165521,0.4264705882,0.0418712964,2.4528678907,0.29332946330000004,1.2040148101,-1.1736247278,353.5,4.2,4.3,,,,,301.1666666667,406.8333333333,3.5751642726,0.35499179350000004,1.4916023971,105.6666666667,-20.806084313299998,2.1894070703,0.3558067374,1.4791963693,-1.3734966379,6.5,7.0,6.5,7.0,7.0,48,-0.6220095671,-0.21466132010000002,1.1244105898999999,0.34563913500000004,1.4109186044,0.1897025776,0.13875893690000002,2.3,4.8888888888999995,1.5555555556,3.0666666667,2203.9537037037,-1,8,6516.916666666701,-0.6426577806,0.2876820725,1.0,1.7272727273,1.0833333333,1.0714285714,2.25,0.7532222445000001,0.16143773320000002
s154,1.1295369458,0.0216886691,2.8398636548,2.45,33.619047619,0.30000000000000004,675,25.0454545455,0.2666666667,523,-1.2772711129,-2.2281102275,2.5302477678999997,0.3776984411,1.2242690137,0.0239016494,0.0001913108,0.0003928499,0.0019619141,4.0,4.0357142857,3.9333333333,1.75,2.75,2.8,2.1428571429,41,2.9194571163000003,0.2956854618,1.3982451862,1.0,0.0,5.541666666699999,0.08750000000000001,2,-0.0008333333,-1.9583333333,12.833333333299999,0.0780141844,1.0,0.0002600473,-2.6016548463,1.3333333333,2.0,0.2627051139,0.6459455154,9.2,8.1,1.9944979641,0.7890915193000001,2.0548664469999998,-0.6077607547,0.6944444444,2.1666666667,2.6666666667000003,1.6666666666999999,2.1666666667,3.3333333332999997,3.0,4.1666666667,4.1666666667,4.6666666667,2.1666666667,3.5,3.0,3.3333333332999997,1.6666666666999999,4.8333333333,-4.6962531934000005,-1.4678980728,0.1932209246,4.933693088,3.0613323511000003,0.208811673,1.8233206719,66.6666666667,33.3333333333,25.925925925900003,5.0,4.0,2.75,2.75,4.5,3.2857142857,2.0,44,-1.3273158840000001,3.310775983,23,165.0,5,1.4375,1.3333333333,0.8119951725000001,0.00102459,0.9895507812,0.0013199885,0.7222222222,0.0006324555,0.0006324555,0.0015811388,5,-1.0453505054999999,1.4799607323,0.5950150571,2.1800790832,-0.2693982527,4.2666666667,347.1666666667,2.5384616934,0.3023576951,1.4230478099000001,50.0,50.0,36,,,0.6144064573,16,1.793470335,0.8458122440000001,2.1409824288999997,0.1597210765,0.5,0.0833333333,0.0833333333,0.4166666667,100.0,0.2,0.8,0.4,0.6000000000000001,2.9878606387,0.035150700800000004,5.3027864147,-0.4349160418,0.6009975061999999,0.0876758993,2.598399323,0.3197283919,1.7961011128000002,-0.9380853773,275.0,7.1,6.7,265.8333333333,3.3671905514,0.34608902259999996,1.3973490575,249.6666666667,267.5,2.7264847003,0.3192728213,2.0656807281,17.8333333333,39.6921905149,2.1045828878,0.1069776189,3.0419809388,-0.6395729063000001,4.0,4.5,6.0,4.5,5.0,42,-0.3350692326,-0.3255071244,1.3900513254,0.2321483042,2.4708915739,0.2067037165,0.4275400225,2.3,3.5555555556,2.4444444444,3.6666666667,2146.5683333333,8,8,4165.1666666667,0.113329318,-6.327e-07,2.2,2.0,2.1666666667,2.0,2.4166666667,0.7411342220999999,0.5465018948
s157,0.8359013283000001,0.2430816756,1.2978354419,1.3,32.777777777800004,0.4,550,31.75,0.33333333330000003,600,-0.2579862973,-0.5855660562,4.272887084700001,0.4378563758,3.5195679575,-0.7720754362000001,0.0021935425,0.0066046143000000005,0.0089951172,2.8666666667,3.0,3.4,3.0,3.5,3.8,2.7142857143,49,4.7441886049,0.3468853639,2.047663154,0.5,0.33333333330000003,8.6666666667,0.2166666667,2,-1.19262239e-17,-3.75,14.75,-0.0096385542,1.0,-0.0002115581,-4.2542372881,1.25,1.7272727273,0.1383393326,0.5502313999999999,8.1,8.2,1.5566504574000002,0.6167820381,2.3207684075999997,-0.17955880789999998,0.055555555599999994,1.6666666666999999,4.6666666667,1.5,3.8333333332999997,4.1666666667,6.0,4.3333333333,6.0,4.0,3.5,2.0,5.3333333333,2.5,4.8333333333,6.333333333300001,-2.9937188633,-2.6074454526,-0.7746479260000001,3.7708390852999996,3.0892743618000003,0.2759376581,1.9295040497999998,33.3333333333,33.3333333333,40.740740740700005,5.833333333300001,3.0,4.5,3.875,3.75,3.5714285714000003,3.5,52,-0.7017421781000001,4.5619233948,33,195.0,5,1.3125,1.8666666666999998,0.8962097168000001,0.0007150850000000001,0.9,0.0008750459000000001,0.5833333333,0.0256124969,0.158113883,0.06403124240000001,3,,,,,,4.4,231.5,2.3684664016,0.3546865132,1.3731297758,7.0,10.5,43,6.1192767185,-4.2581277167,0.7332938945,7,0.6732587115,0.6518162425999999,2.0485969676,-0.5744736232000001,0.9166666667,0.75,0.5,1.0,117.5,0.2,0.7000000000000001,0.9,0.8,2.7526262067,0.5516618085,2.3750547152,-1.0150631362,0.385,0.0460680535,3.0536933992,0.3060759515,1.3433171168,-1.4206249344,332.5,4.0,3.9,,,,,280.6666666667,319.3333333333,3.4521724564,0.37966274689999996,1.5335145198,38.6666666667,45.5637606838,2.6247027306999997,0.5163569351,2.5806566385,-1.4248668149,6.0,6.5,6.0,6.0,6.5,41,-1.128327386,-0.9308227423,1.450543055,0.43606481630000005,1.4151921225,0.5045677403000001,0.15926258940000002,2.1,4.1111111111000005,1.7777777778,3.3333333332999997,3485.7796296296,-2,8,5221.1666666667,,,1.5,2.1818181818,2.0,1.7142857143,3.25,0.5432107809000001,0.2345827327
s158,1.7933897285,0.26587134219999997,1.3200753657,2.55,19.444444444400002,0.1,505,23.809523809499996,0.30000000000000004,480,-0.7314552322,-1.8433146739,2.7708129487,0.36508464469999996,1.7714435896,-0.8250144215999999,7.19019e-05,0.0014290543,0.0076992188,2.7333333332999996,4.4642857143,5.1,3.5,3.0,3.8,3.8571428571,55,3.0010105906,0.1143593474,2.5827824638,0.5,0.33333333330000003,7.625,0.1208333333,2,-0.0061666667,-1.9583333333,6.75,0.035640066500000005,2.0,-0.0037589359999999996,-1.9862842893000001,1.5833333333,1.5454545455000002,0.22819564739999998,0.7414311484999999,9.4,7.5,1.8958273541,0.3629902981,1.6766840641999998,-0.4983944239,0.25,1.8333333333,3.6666666667,1.3333333333,2.3333333333,4.6666666667,5.5,3.5,7.0,6.166666666699999,3.1666666667000003,1.5,3.8333333332999997,1.6666666666999999,1.3333333333,5.833333333300001,-0.5211258085,-0.36227572770000005,-0.4399744225,3.1014920781999997,2.0664967775,0.2282598072,1.9569055639,55.5555555556,0.0,33.3333333333,4.3333333333,1.5,4.625,4.875,3.0,2.4285714286,4.5,52,-1.0816155204,3.2951286846,30,173.0,8,1.4375,1.1333333333,0.6842060089,0.0011608928,0.8374635695999999,0.001628827,0.6388888889000001,0.009797959,0.0256124969,0.0256124969,4,-0.8633153823,1.5105064261,0.3636421055,1.6105090712,-0.2602916468,4.4666666667,252.0,3.1355853014,0.3169028809,1.3168137771,9.0,116.0,40,2.1488891097,-0.8181782917,0.4931012949,10,1.7467191166,0.7491366063,2.153608673,-0.32764187910000003,1.0,0.6666666667000001,0.75,0.75,136.0,,0.5,0.6000000000000001,0.0,3.4103676504,0.36219192969999997,1.7094229561,-2.2064063076,0.41089108909999994,0.0385269499,2.0642364694,0.30695977890000004,1.6049294361000002,-0.3770947383,330.5,4.9,5.3,233.6666666667,3.0843755306,0.4080878359,1.8746609665,215.0,240.3333333333,2.9899311326,0.1354942979,2.3681873972,25.3333333333,81.30097726470001,2.4651321268,0.3017098875,1.9399591319,-0.9619294207,7.0,5.0,4.5,5.5,3.0,38,-0.5714100898000001,0.28327628050000003,1.1854827607,0.2779048061,1.5486410391,-0.1625107183,-0.8503633075,2.8,3.8888888889,2.0,3.2666666667000004,2432.4616666667002,12,4,3126.9166666666997,-0.5865981822,1.0498221245000001,1.8,1.8181818182,2.25,1.4285714286000002,1.5833333333,0.8321746589,0.4468144033
s160,0.9118781425,0.0378535251,1.5768744729000002,1.7000000000000002,21.0416666667,0.2,483,14.875,0.2,337,0.0125405405,-1.9732446063,2.5918209240000003,0.3856704948,1.3504117345,-1.0768398727,0.0017840870000000004,0.012562744099999999,0.0733212891,2.6666666667000003,2.6785714286,3.1333333333,3.25,2.75,3.8,3.0,49,3.8166864222,0.2993315038,1.3218519638,0.5,0.5,13.875,-0.0625,1,-0.0008333333,-6.291666666699999,12.75,0.08703308430000001,1.0,0.0023965848,-5.6991462112999995,1.0,1.8181818182,0.4294960703,0.9993835722,7.3,7.3,3.4310533732,0.41045597409999995,2.3252996571,-0.7328073536,0.0,1.5,2.5,1.0,3.5,6.0,4.0,3.1666666667000003,4.5,4.3333333333,1.0,2.5,3.8333333332999997,2.1666666667,3.5,6.5,-4.4298177781,-1.5172151163,0.0,5.320134937200001,3.1610257368,0.0239133137,2.8020915264,22.2222222222,77.7777777778,25.925925925900003,6.0,1.0,4.75,5.0,4.625,4.5714285714,4.0,50,-0.834575315,2.478506439,35,,10,1.0,1.4,0.7187281609,0.0015585639,0.9132507324,0.0017508746,0.4166666667,0.25,0.25,0.158113883,1,-0.4578874474,1.6440447641,0.1256541151,2.8476441036,-0.2481695447,6.0,317.1666666667,2.3043129189,0.34228754549999996,1.4481865825,-6.0,151.5,46,-1.0448485114,3.4482664235000002,0.492997051,4,1.3431848058000002,0.49994065020000006,2.1184942441,-0.3981841727,1.0,0.75,0.75,1.0,147.0,0.4,0.5,0.8,0.5,3.6218158483,0.4391230942,2.0125226663999998,-1.1279085164,0.4653465347,0.0235983689,2.8221507260000003,0.3096097091,0.9120624909,-1.6327157187999999,296.5,3.7,4.3,447.0,3.6701805383,0.313313453,2.451780505,310.1666666667,314.6666666667,3.4796113358,0.34060471909999995,2.2951565158,4.5,19.9012987013,2.1850936765999998,0.35023242450000003,1.5396702,-0.9553025138,6.5,7.0,7.0,6.0,7.0,19,-0.2825420048,-0.0279138379,1.8860139105000002,0.29639328379999996,1.7421996478,-0.098756681,0.051874011399999996,2.5,4.8888888888999995,1.6666666666999999,3.2,2587.2791666667003,10,6,3405.8333333333003,0.1674922968,1.1786549963,1.1,1.2727272726999999,1.4166666666999999,1.1428571429,2.5833333333,0.8537894875,0.476379105
s162,1.5115619069,0.14312593440000002,1.7378650541,3.25,33.8888888889,0.4,570,20.0,0.33333333330000003,380,-0.14793042050000002,-0.7698120923,3.3418413002,0.3602749042,1.9963449318000002,0.2021836604,0.0003735972,0.0004586372,0.0016752929999999998,5.533333333300001,4.9642857143,5.6,3.0,3.25,3.0,1.4285714286000002,31,2.7912858307999997,0.2462937056,1.4541727125,0.5,0.33333333330000003,7.041666666699999,0.3375,3,-0.008833333300000001,-4.4583333333,4.375,0.2901408451,3.0,-0.0091549296,-3.6408450704,1.8333333333,2.0,-0.0970651177,0.5729134821,10.8,11.5,1.1578863128,0.3721374251,1.9136404016,-0.0038289264,0.6666666667000001,2.3333333333,4.1666666667,1.3333333333,3.0,3.5,2.1666666667,3.3333333332999997,2.5,2.5,2.3333333333,3.3333333332999997,4.8333333333,2.0,3.0,5.666666666699999,-2.4388616588,-0.18807948510000003,-0.5629734621,4.194188013,2.510738386,0.109011083,1.8154335841999998,5.5555555556,22.2222222222,25.925925925900003,6.0,3.0,2.625,3.25,4.625,3.2857142857,1.5,43,-0.8308046694000001,3.7967503866,24,123.0,6,1.8125,2.0,0.6613804817000001,0.0016259791,0.8567466736,0.0022233846,0.6944444444,0.0015811388,0.0038729833,0.009797959,2,-1.5208885334,1.109744656,0.3619515571,1.6799699036000002,-0.6838644417,2.9333333333,281.6666666667,2.5401994486,0.2925430728,1.5154911224,1.5,179.5,25,,,0.5432199525,3,0.9267900023,0.4581335838,1.9030055681,-0.5001586340999999,0.6666666667000001,0.0833333333,0.9166666667,0.5,109.0,1.0,0.6000000000000001,0.8,1.0,2.4728299672,0.3962694786,1.5655189747999998,-1.1106055413,0.4466501241,0.0577943725,3.2650436392,0.26256807530000004,1.3264355126,-0.9903999007,344.0,5.8,5.2,276.3333333333,2.1710887808000003,0.310007503,1.5701663159,240.8333333333,253.1666666667,3.5517502064,0.286611579,2.2027838696,12.333333333299999,65.88257575760001,2.8271085637,0.3007651657,1.5594755075,-1.5003383046,2.5,4.5,6.0,5.5,6.0,60,-0.6069623343,-0.6264583992,1.7187406225,0.2714021896,1.7083169644999998,-0.25941929690000004,0.14638342910000002,2.1,3.3333333332999997,1.7777777778,4.0,1618.9638888889,17,8,2510.75,,,2.5,3.0,3.0,3.0,3.3333333332999997,0.2810648546,0.2102167364
s166,1.2082902836,0.0246919448,1.5731734187000002,1.85,45.789473684200004,0.3666666667,820,29.5,0.33333333330000003,560,-0.696518278,-0.5447833688,2.7694151229000004,0.3806246524,2.4272413412,-0.27141590460000004,0.0005404201,0.0051607056,0.021,2.3333333333,2.2857142857,2.2,3.5,3.25,3.8,2.2857142857,60,2.5814073576,0.222854703,2.271702285,0.1666666667,0.1666666667,21.3333333333,-0.1416666667,1,-0.0043333333000000005,-4.75,18.7083333333,-0.0169014085,1.0,-0.0082253521,-1.4154929577000002,1.0,1.6363636363999998,-0.0391165917,1.0276949512,10.2,7.5,1.6594779463,0.4896068957,1.5031919163,-1.3123643023,0.1388888889,1.1666666667,2.8333333332999997,1.1666666667,2.8333333332999997,3.1666666667000003,5.3333333333,4.5,5.1666666667,4.0,2.0,1.0,1.5,1.1666666667,2.0,3.6666666667,,,,,,,,50.0,11.1111111111,18.5185185185,6.0,1.5,4.75,5.0,4.625,4.4285714286,4.5,48,-0.8893284576999999,4.1867508355,40,123.0,5,1.0,1.2,0.7414700508000001,0.0011411594,0.7474102497,0.0010511996,0.4166666667,0.06403124240000001,0.06403124240000001,0.06403124240000001,3,-1.5874196933000002,0.9900359448999999,0.3754554392,1.7387229372,0.034448374500000004,5.8666666667000005,,,,,,,47,,,0.2556831718,7,1.2049127941,0.4877694836,1.8759080503,-0.4152638373,0.9166666667,0.75,0.75,1.0,148.0,0.4,0.0,0.8,0.2,2.2986357141,0.4567883672,1.4879865521000002,-1.3365537373,0.3944723618,0.023217836,2.5735712597,0.28185514079999996,1.3293246066,-0.8088887595,480.5,6.2,5.5,224.1666666667,2.9146209707,0.3835440407,1.3655535416999998,,,,,,,,2.022110753,0.3685798568,1.7775305578,-1.2763596045,6.5,7.0,7.0,6.5,6.5,33,-0.0973829509,-0.2581994402,0.35885673659999995,0.0317467299,1.8230556487,-0.1878060198,-0.0481478512,2.7,4.0,2.2222222222,3.2,2733.5966666667,3,8,3674.4166666666997,,,1.0,1.0909090909,1.0833333333,1.1428571429,1.5833333333,0.4805070364,0.4346367099
s167,1.4578705937,0.20228990719999998,1.4347703507,2.5,28.0952380952,0.30000000000000004,560,19.5833333333,0.2,450,-0.15727882240000002,-0.7191091253,2.2421888646,0.4371446539,1.5233875972000002,-0.8130397126000001,0.0001166017,0.0001900334,0.0015966797,6.0,3.9642857143,4.1333333332999995,3.5,1.75,4.0,4.0,48,4.0512418149,0.2756636966,1.3017611653,1.0,0.0,16.0,-0.05833333330000001,1,-0.0013333332999999998,-3.1666666667000003,16.75,-0.08581560279999999,0.0,-0.0026193853,-0.32151300239999997,1.25,1.6363636363999998,0.180217562,1.0204384883,8.7,7.2,2.0598852009999997,0.41949918939999997,1.6419352344,-0.8111454022,0.25,2.5,2.5,1.0,3.5,2.8333333332999997,4.6666666667,5.833333333300001,5.5,4.3333333333,3.6666666667,1.6666666666999999,1.6666666666999999,2.8333333332999997,2.6666666667000003,3.5,-2.3573166028,-1.0689012979999999,-0.5629734621,4.194188013,2.8685279755,0.039233483799999996,2.6556999702,33.3333333333,100.0,70.3703703704,2.0,5.0,3.125,1.125,1.875,1.8571428571000002,4.125,37,-1.2890129855,3.38738178,28,195.0,8,1.0625,1.2,0.7089891434000001,0.0012710931,0.6433603286999999,0.0011802058,0.6944444444,0.0015811388,0.0038729833,0.009797959,4,-0.5000290893,1.5637013794,0.4366426369,1.5624569507,0.09238005199999999,2.8,313.1666666667,3.0191656179,0.3536741813,1.4984924679,30.0,131.0,45,-2.5648381754000003,9.1229940874,0.3777195449,10,1.8067774673,0.46836560549999995,1.9620195658000001,-0.17958211149999997,0.1666666667,0.75,0.75,0.25,112.0,0.30000000000000004,0.30000000000000004,0.30000000000000004,0.30000000000000004,3.4921422956,0.4155135229,1.7024144643,-1.5270462291,0.41191067,0.0596059665,3.4497929973000003,0.29664826450000004,1.220024672,-0.9571841781999999,302.0,5.8,5.5,385.6666666667,4.1333676557,0.3684256136,1.8125814115,286.5,309.5,4.100743692,0.3604899772,2.2609909034,23.0,86.7122204814,2.1431107631,0.3787812925,1.5211921154,-1.7018072069,6.5,7.0,3.5,4.0,4.5,54,-0.1155639821,0.221021168,1.0052013668000002,0.0394900071,2.0565330588,-0.1115478371,-0.26080724920000004,2.9,3.8888888889,1.7777777778,1.8666666666999998,2111.1060606061,2,11,2378.8333333333,,,1.4,1.1818181818,1.75,1.1428571429,1.9166666666999999,0.8321747243000001,0.20702592879999998
s169,,,,,19.259259259300002,0.1,500,12.25,0.2,287,0.16428689030000002,-1.4474271808,3.3454045294999997,0.3592990386,1.5904709716,-1.4754570836,0.0026458827,0.0171826782,1.8054921875,3.3333333332999997,2.7142857143,2.2,3.5,2.25,4.0,3.2857142857,65,2.5917231939,0.2682875482,1.3033370596,0.1666666667,0.5,22.5,-0.125,0,0.0006666667,-0.5833333333,11.5238095238,0.13775510200000002,0.0,0.006387755100000001,-0.9030612245,1.0,1.3636363636000002,-0.0151421345,0.1452762336,4.7,3.0,,,,,0.0,3.1666666667000003,3.8333333332999997,1.0,2.1666666667,3.5,5.0,3.8333333332999997,6.0,5.3333333333,4.5,1.5,1.0,1.0,1.0,4.6666666667,-1.6492687844,1.27698477,1.1469805559000001,3.0261738254000004,0.6829776646,0.2476289257,1.201771202,72.2222222222,0.0,14.8148148148,7.0,1.0,5.0,5.0,4.5,4.8571428570999995,4.875,57,-1.1195720593,3.7262636324,38,107.0,10,1.125,1.2,1.0,0.0023519560999999997,0.8,0.0022565536,0.25,0.25,0.25,0.25,2,-1.6306845100999998,0.9580141661,0.2797427652,1.3877764908,-0.2414175034,6.0,,,,,,,46,6.891043053,-6.2508693078999995,0.6653628956000001,4,0.5059544893,0.6213095200000001,2.0055886938,-0.2108585439,0.9166666667,0.8333333333,0.9166666667,0.8333333333,150.0,,0.1,0.30000000000000004,0.0,2.0904164388,0.035765140200000003,2.6535276977,-0.7544664778,0.3605263158,0.0346723221,2.342901409,0.2474551737,1.2506212485,-1.6973076606,,3.3,3.0,289.3333333333,1.9152231019,0.0718059157,2.3551473517,236.6666666667,275.6666666667,2.3821965287,0.3278163959,1.3911290982,39.0,9.952490170399999,2.1531634479,0.40046087329999996,1.7851573974000001,-1.2596602516,7.0,7.0,5.0,7.0,7.0,36,0.4192228888,-0.5707163707,0.5171794007,0.2736047935,1.3184316424,-0.5233485428,0.7019392090000001,4.0,4.7777777778,2.3333333333,3.2666666667000004,2493.4714285714003,20,2,3324.0833333333003,,,1.0,1.0,1.0,1.0,1.75,0.7389829061000001,0.894090915
s171,1.2111174323,0.23118812309999998,1.6218965397999998,2.15,30.1739130435,0.23333333329999997,655,26.944444444400002,0.4,462,-0.38416113009999997,-1.0324543323,2.6323914217,0.32417476900000003,1.5837159343,-1.4176775265000001,5.799400000000001e-06,0.0012752533,0.0011079102,2.8666666667,4.4642857143,4.1333333332999995,4.0,4.0,4.0,2.2857142857,38,3.1748903372000004,0.2327575754,1.5330514116999998,0.33333333330000003,0.33333333330000003,18.125,0.07083333330000001,2,-0.0051666667,-6.291666666699999,10.0416666667,0.1562195122,2.0,-0.0021512195,-4.127032520299999,1.4166666666999999,1.9090909091,0.14698275859999999,0.9912356322,8.1,7.9,2.9801195177999995,0.35225236320000003,2.5740183261,-0.5145519775999999,0.6944444444,2.5,3.0,1.3333333333,3.6666666667,5.0,2.6666666667000003,2.1666666667,2.8333333332999997,2.0,1.1666666667,2.0,3.8333333332999997,4.0,6.666666666699999,6.833333333300001,-1.3512376248,-0.13255560460000002,0.1932209246,4.933693088,3.0989007545,0.2210495947,1.6548218537,50.0,66.6666666667,55.5555555556,6.166666666699999,1.5,4.375,4.75,3.75,3.2857142857,4.125,52,-1.2083775268,3.5486526974,34,183.0,7,1.5,2.0,0.8339462281000001,0.0011525399,0.955078125,0.001601972,0.5833333333,0.009797959,0.009797959,0.009797959,4,-0.8122000437000001,1.764292685,0.4636311738,2.0586486375,-0.4160143459,4.2,445.1666666667,1.5077108411000002,0.29426661519999997,1.1357002452,57.5,19.5,40,13.8711277497,-12.8626060626,0.3929305182,7,1.8156610706,0.42443324979999997,2.0228253847,-0.6502820096,,0.25,0.5833333333,0.8333333333,137.0,0.7000000000000001,1.0,0.8,1.0,3.2052025611,0.378639191,1.6126346646,-2.0232223019,0.545,0.0482157973,2.13911902,0.27786652359999997,1.0537594393,-0.4855556078,290.0,5.6,6.3,396.5,2.7323226003,0.3162884244,1.269118799,193.3333333333,299.1666666667,2.7459947529,0.2551794025,1.4532784221000001,105.8333333333,-47.1691559981,2.5083997276,0.3536180574,2.0341286335,-0.536980286,4.5,6.5,6.5,7.0,7.0,30,-0.5016794411000001,-0.3756084986,1.5692539156,0.336782554,1.5286483055000002,0.17552548280000002,0.082992097,2.1,4.4444444444,1.7777777778,4.4666666667,2696.8583333333,0,9,4366.3333333333,,,1.0,2.1818181818,2.0833333333,2.0714285714,4.0,0.4572199801,0.4214783659
s172,1.6379877603000002,0.2669716071,1.4692075337,2.6,29.36,0.1666666667,707,15.958333333299999,0.2,360,-0.7748949773999999,-0.9764458267,3.6572712799000002,0.3158257646,1.846998056,-1.0805824035,4.8838199999999996e-05,0.0010412140000000002,0.009190429699999999,4.4,3.9285714286,5.0666666667,1.75,2.25,3.4,3.1428571429,29,4.4417050573,0.2912918444,1.1924609884000001,0.5,0.33333333330000003,15.041666666700001,0.1125,1,-0.0025,-3.625,22.869565217399998,-0.10909742119999999,1.0,-0.0014011460999999998,-2.0321155683,1.0833333333,1.1818181818,0.0218829812,1.3273933906,8.1,7.4,2.3453659302000003,0.4505602368,1.6094316989,-0.5042998646,0.22222222219999999,1.8333333333,3.6666666667,1.6666666666999999,3.5,3.3333333332999997,4.0,4.3333333333,3.1666666667000003,3.8333333332999997,2.3333333333,1.8333333333,2.3333333333,2.5,3.3333333332999997,4.8333333333,-2.2723088695,-1.1454502559,-0.4250370944,3.1507729495,3.1129295825,0.16398789449999998,1.7216533449,11.1111111111,77.7777777778,59.2592592593,4.0,5.0,2.875,2.625,4.25,3.2857142857,2.875,43,-0.7625664513,3.9332268227,17,208.0,3,1.1875,1.6,0.8969482422,0.0017147148999999999,1.0,0.0017376749,0.33333333330000003,0.0038729833,0.009797959,0.0099597577,2,-0.6974485687,1.1499004477,0.5135869069,1.6249848352,-0.4123248665,4.8666666667000005,333.8333333333,3.1530075721,0.2885848193,1.3049474142,21.0,46.0,41,-2.0534723225,5.6833287083,0.6067674467999999,8,2.1158264673,0.456187634,1.6946172391999998,-0.4925899058,0.1666666667,0.1666666667,0.4166666667,0.25,94.0,0.2,0.4,0.6000000000000001,0.30000000000000004,3.3926665429000002,0.4034303156,1.9793694316,-2.064384114,0.4384236453,0.07756003019999999,4.5768451748,0.23317871559999997,1.3375763077,-2.0364020554,283.0,6.6,5.9,320.0,3.6023402808,0.3144689201,1.0688278387999999,217.5,242.8333333333,4.0178560569999995,0.2752842526,1.4624489957,25.3333333333,21.8647186147,1.9931101728,0.3233694434,1.9801717231,-1.4763634407,4.5,2.5,5.5,2.5,4.0,44,-0.8630393939000001,-0.047326037800000005,2.1896333118,0.3619011765,1.4758780202,0.8214284516,0.1779362435,3.7,2.2222222222,2.1111111111,2.5333333333000003,1686.2698412698,14,9,2687.4166666667,1.7664416612,-0.5808179956,2.8,1.9090909091,2.5833333333,2.2857142857,2.6666666667000003,0.1150205985,0.1428821971
s174,0.48564784899999996,0.0086959564,2.2335308796,1.4,8.04,0.1666666667,193,7.56,0.1666666667,181,0.15511280800000002,-1.3376642086,3.0718098802,0.4463903289,1.8999387569,0.0326375171,0.00010323370000000001,0.0015421143,0.0130126953,2.3333333333,4.3571428570999995,2.4,3.25,1.5,4.0,1.7142857143,65,2.3146200473,0.29140205269999997,2.1097635808,0.33333333330000003,0.33333333330000003,20.7083333333,-0.0041666667,0,0.0001666667,2.7916666667000003,15.75,0.1060874704,0.0,0.0004231678,-0.7304964539000001,1.0,1.1818181818,-0.3661633106,0.5182122646,6.9,6.6,,,,,0.2777777778,2.0,3.8333333332999997,1.0,1.0,4.0,6.0,5.5,6.666666666699999,6.333333333300001,3.1666666667000003,1.0,3.1666666667000003,1.0,1.0,4.6666666667,0.1418224464,-2.5922923257,,,0.8961132902000001,0.095688113,1.9992653908000002,66.6666666667,0.0,3.7037037037,6.0,3.75,5.0,4.625,3.5,4.4285714286,5.0,52,-0.8903224109000001,3.6777149035,40,124.0,10,1.0,1.1333333333,0.7409353256,0.0023519828,0.9,0.0026606462,0.44444444439999997,0.009797959,0.0256124969,0.06403124240000001,5,-0.9665702226999999,1.4752166768,0.5750527556,1.5606981696000002,0.0926169608,6.0,,,,,,,44,-8.868160731,11.9889820852,0.8265704578,5,0.7679434769,0.4568487524,2.2125176202000003,-0.1945706947,0.9166666667,0.8333333333,0.5833333333,0.9166666667,150.0,0.1,0.1,0.6000000000000001,0.0,3.0412800479000004,0.5068068259,2.1306113571000003,-1.3583942337000001,0.405,0.0023142759,2.2912838194000003,0.4717102008,1.9602305880000002,-0.2038025265,447.0,4.4,4.0,,,,,347.0,453.8333333333,2.3114193461,0.3638144756,1.7184247341999999,106.8333333333,204.6029863743,1.9158452623,0.5743000154,1.989817373,-1.2088840415,6.5,6.5,6.5,6.5,6.5,42,0.1147195532,-0.06966952629999999,0.9761584195,0.4006697553,2.0282748696,-0.2097986368,-0.0555279861,2.0,4.2222222222,1.0,1.6666666666999999,2821.675,1,6,6639.416666666701,0.0215192423,0.1823215568,1.0,1.0,1.25,1.2142857143,1.5833333333,0.1951936829,0.27975889530000003
s175,1.0750272209,0.0656793864,2.0916905444,2.6,45.111111111099994,0.4,782,21.9285714286,0.5333333333,282,-0.2464861856,-1.1140479962999998,4.135461357,0.3104341819,2.9954281013,-1.1540309675,0.0001187512,0.0002619934,0.0023808594,4.0,4.5357142857,3.8333333332999997,4.0,3.0,3.6,2.8571428571,38,4.8561437745,0.25360331610000003,1.9008003725,1.0,0.0,7.083333333300001,-0.008333333299999999,1,-0.001,-1.5833333333,7.916666666699999,0.08428571430000001,1.0,-0.004,-3.0,1.0833333333,1.9090909091,-0.0922962649,0.6115025467,9.3,8.8,2.3719617616999997,0.44254324429999997,1.8231348361000002,-0.9588309458,0.6666666667000001,3.1666666667000003,4.1666666667,1.8333333333,3.5,3.6666666667,4.1666666667,3.6666666667,4.0,3.6666666667,3.5,2.3333333333,5.666666666699999,2.8333333332999997,4.8333333333,5.5,-2.6520198364,-0.9302010341,0.1910395678,4.9380558016,2.8735283383,0.1942780206,1.8536095503,27.7777777778,33.3333333333,33.3333333333,5.666666666699999,2.75,3.75,4.625,3.375,3.4285714286,4.125,43,-1.0170844173,3.9312389163,25,219.0,4,1.0625,1.7333333333,0.5921513557,0.0013727423,0.8857249260000001,0.0017975789999999999,0.7222222222,0.009797959,0.0256124969,0.06403124240000001,3,-1.3583919175999999,2.245748133,0.44661897479999996,1.7323053022,0.2363504654,4.4,364.3333333333,3.3538283732,0.3781047841,1.2779056459,32.0,51.0,43,7.1559676651999995,-0.8299240290000001,0.3661899465,12,1.6787792175,0.459104224,2.112497092,-0.3744462627,0.8333333333,0.4166666667,0.9166666667,1.0,120.0,0.30000000000000004,0.7000000000000001,0.8,0.8,2.8007691739,0.42459428229999996,2.3650624889,-2.6846034722000005,0.48410757950000005,0.05758415980000001,4.0637501176,0.2650945945,1.7429396489000002,-0.24519708829999998,362.0,7.1,7.1,396.8333333333,4.1101689884,0.37892282270000005,1.6329237016999998,253.6666666667,276.8333333333,3.9697457051,0.3606742679,1.2975897988,23.1666666667,33.690510878000005,3.0082747798000002,0.30455540329999997,2.0774697278,-0.180935298,6.0,6.0,5.0,6.5,7.0,35,-0.28557880950000003,0.295093168,2.6076952937,0.34197862230000003,1.7952073759,-0.5855671324,-0.3942403175,2.9,4.1111111111000005,2.2222222222,3.2,1990.7516666667002,6,9,3175.0,5.8450626654999995,-2.8574276022000005,1.8,1.9090909091,2.25,2.0,3.0833333332999997,0.8390118209999999,0.1739281266
s176,1.2845216711,0.0482039314,1.5942778606999999,2.1,41.6666666667,0.4,710,25.5882352941,0.43333333329999996,405,-0.9363529601999999,-0.7689922199,2.9797053288,0.3243946598,2.0516854706,-1.0535533542,5.3452999999999995e-06,0.0016238976,0.0028076171999999997,4.3333333333,4.7142857143,3.4333333333,3.0,2.0,3.6,3.4285714286,39,1.9346799365,0.24767007149999998,2.2960618133,0.33333333330000003,0.33333333330000003,3.7916666667,0.1208333333,2,-0.0028333333,-1.7083333333,15.083333333299999,0.34887218049999996,2.0,0.0005112782000000001,-3.959273183,1.0833333333,1.2727272726999999,0.0399105277,0.9663598695,7.2,6.9,2.1069094525,0.30030554,1.8456686693,-0.6804730686,0.1388888889,3.1666666667000003,2.0,1.5,3.3333333332999997,3.0,3.8333333332999997,5.0,4.5,4.5,1.8333333333,3.3333333332999997,1.0,3.6666666667,1.5,4.5,-1.6379463066,-1.8740825075,-0.5003468156,1.9782464534,1.7771590077000001,0.12314244949999999,1.4360934557,5.5555555556,66.6666666667,59.2592592593,5.1666666667,5.0,3.75,2.875,2.375,2.8571428571,3.875,45,-1.1184816575,2.4522320999000002,21,180.0,6,1.0,1.1333333333,0.6930790901,0.0011558064,0.899609375,0.0026587655999999998,0.6111111111,0.009797959,0.0256124969,0.0256124969,2,-1.4372244387,1.3879441105,0.3706839506,1.7285038074,-0.4075847344,3.8,225.3333333333,2.303806666,0.28841377020000003,1.4184245605,-13.5,52.5,45,53.6094391381,-43.868509163599995,0.4474857132,13,1.7541295613999999,0.3898029546,1.7780383358,-0.6325730987,0.5833333333,0.75,0.8333333333,,112.0,0.30000000000000004,0.1,0.5,0.2,2.3642339812,0.2563289811,2.8693720514,-0.3892401513,0.3789731051,0.0792650186,2.5728539124000003,0.2956312963,1.116323845,-0.8732800611,349.5,5.1,4.8,328.6666666667,3.0049887216,0.2899302691,1.1944181766,214.5,257.0,3.0701658056,0.2725618674,1.4481404671,42.5,40.6696082432,1.8343298641,0.3031832427,1.8000652966,-1.3508991494999998,6.0,4.0,3.5,1.5,5.5,38,-0.5316508607,-0.2767452428,1.427523888,0.324449898,1.3154793115,0.1500058078,0.21811206379999998,4.1,3.0,3.0,2.8,1440.7976190476002,8,7,5493.3333333333,-0.6420038224,1.2636920390000002,2.2,1.2727272726999999,3.3333333332999997,2.6428571429,1.8333333333,0.9099873126000001,0.1500377871
s177,0.9006102473,0.318581961,1.5191049363,1.7000000000000002,18.565217391300003,0.23333333329999997,410,14.6818181818,0.2666666667,303,-1.1610558055,-0.9678364382,4.9521673493,0.3940609703,2.0141298281,-0.3590164081,4.3625e-06,0.0013031311,0.0341591797,5.1333333332999995,3.9642857143,6.033333333300001,2.25,2.0,2.8,3.7142857143,30,4.4788140649,0.2845881917,1.4305562451,0.1666666667,0.6666666667000001,13.125,-0.0625,1,-0.0028333333,-4.7083333333,14.583333333299999,-0.0229658793,2.0,-0.0053228346000000005,-2.1036745406999997,1.1666666667,1.0,0.25634783839999997,0.826738215,6.7,3.9,1.1823246890999999,0.46627131369999997,1.6039589385,-1.5253000616,0.1388888889,1.6666666666999999,2.0,1.0,1.3333333333,4.1666666667,5.3333333333,5.5,6.833333333300001,6.666666666699999,2.6666666667000003,1.3333333333,1.6666666666999999,1.0,1.0,5.833333333300001,-2.848237047,-1.3246024995,-0.6629669095,2.6749133193,1.9840011796,0.2193922891,1.2222692045999999,38.8888888889,44.4444444444,48.148148148100006,2.5,3.5,1.875,1.125,2.375,3.5714285714000003,2.625,49,-1.0170844173,3.9312389163,23,207.0,7,1.25,1.0,0.5963340521,0.0010715685,0.636887455,0.0009250532,0.4722222222,0.009797959,0.009797959,0.009797959,3,-0.6861960037999999,1.8752464541999998,0.490097157,1.9516281661000001,-0.3448919059,3.2666666667000004,328.0,3.186111861,0.3067393373,1.4119105266999998,27.5,-3.0,40,,,0.7610790989,10,1.333284838,0.5909103909000001,1.4987345850999998,-0.9394096726,0.0,0.5,0.4166666667,0.1666666667,81.0,0.2,0.2,0.30000000000000004,0.0,2.5026398649,0.4182176748,2.1309302476,-1.4418024002,0.37560975609999997,0.0313918781,3.2749628742000003,0.2848416805,1.4830695513999999,-0.8356260467000001,265.0,5.9,4.7,274.6666666667,3.5110173994,0.3904218691,2.0342352183,288.75,269.1666666667,2.8500159218,0.3085573237,1.1641901092,-19.5833333333,-26.0464290482,2.5993171321,0.4019918949,1.5089724738999999,-1.5851398428,4.5,4.0,3.0,1.0,4.0,67,-0.5089659425999999,-0.6529755529,1.9064611891999999,0.3866702193,1.6821622028999998,-0.0154890996,0.2308332119,4.3,1.5555555556,3.4444444444,1.8,2181.4166666667,25,5,3102.9166666666997,0.2341067219,-0.25782910929999997,2.4,1.3636363636000002,2.8333333332999997,1.2142857143,1.25,0.8461546665999999,0.3782847025
s178,0.8759857293000001,0.056419780499999996,1.6260935693,1.55,8.5185185185,0.1,220,5.0,0.033333333300000004,140,-0.7351662238000001,-0.21632859280000002,3.4644746686000003,0.34298266180000003,2.2937820781,-0.7303222835000001,4.2888e-06,4.3625999999999995e-06,4.364e-06,3.6,4.1785714286,3.8333333332999997,2.75,3.0,3.2,3.0,37,2.6633329112,0.2483172336,1.8124824461000002,0.6666666667000001,0.33333333330000003,10.6666666667,0.033333333300000004,0,0.001,-0.0833333333,10.625,-0.0558239862,0.0,-0.0008110439999999999,-0.7407247627,1.75,1.4545454544999998,0.22959183670000002,0.08352480059999999,6.8,10.5,1.1931234812,0.4487909905,1.6400310546,-0.7259317317,1.0,2.5,2.6666666667000003,1.8333333333,1.3333333333,3.1666666667000003,4.6666666667,6.0,5.0,5.3333333333,4.1666666667,2.1666666667,1.0,4.0,1.8333333333,2.3333333333,-1.7794707446,-0.8803095066000001,-0.9192392484999999,2.6999330956,1.8644095508,0.25681486870000003,1.2259449870999999,33.3333333333,100.0,70.3703703704,5.833333333300001,4.75,3.5,3.0,3.125,2.8571428571,2.5,25,-0.9928100529,3.4727396196,24,126.0,9,1.4375,1.2666666667,0.6201343536,0.0014287001,0.6581768990000001,0.0013625973999999998,0.4166666667,0.0002011893,0.0002011893,0.0002011893,3,-1.946259153,1.2871841789,0.3240699741,1.2582671404999999,-0.1895911362,3.4,,,,,,,40,,,0.4045212431,12,1.6041194363,0.4299436041,2.0098412318,-0.4293954367,0.4166666667,0.25,0.33333333330000003,0.5,92.0,,0.7000000000000001,0.7000000000000001,0.30000000000000004,2.23044864,0.4057545175,1.9718703950999998,-1.102596068,0.4039900249,0.007867633300000001,2.2905405477,0.28112520550000003,1.7480859921,-0.44194869909999995,362.0,6.9,6.5,,,,,239.4166666667,277.1666666667,2.4722489443,0.3107078908,2.5640322629,37.75,62.377533504,1.9365685422999999,0.13002214939999998,2.7508994748,-0.6535226891,3.5,6.0,6.0,2.0,4.0,54,-0.417549044,-0.4032488559,0.5658610138,0.0557186525,2.0060720401,-0.0381300173,-0.0857096874,2.7,3.7777777778,2.4444444444,2.6,2169.4166666667,-2,2,3651.5714285714002,,,1.9,2.1818181818,3.0,3.0,1.75,0.8191182067,0.3053984067
s181,0.6649645147000001,0.0737196915,1.6359339701,1.55,29.05,0.33333333330000003,553,7.8947368421,0.3666666667,144,-0.7753930868000001,-0.527527861,2.1848228751,0.353295256,1.6824923147000002,-0.5878631906,0.007753449599999999,0.0155952759,0.11843359380000001,5.466666666699999,3.3571428571,4.6,2.25,2.0,3.4,2.7142857143,46,2.4085241433,0.3061753765,1.147543667,0.1666666667,0.33333333330000003,11.0,-0.18333333329999998,0,0.006666666700000001,-0.33333333330000003,23.9583333333,-0.1401408451,0.0,-0.0011830986,1.1338028169,1.0,1.5454545455000002,0.1455014175,0.5003232812,5.9,6.6,0.5626905244,0.12734827699999998,1.9233845747,-1.0966570047,0.0833333333,1.5,1.5,1.5,3.0,3.8333333332999997,5.0,4.6666666667,5.833333333300001,3.5,2.8333333332999997,1.8333333333,2.1666666667,2.6666666667000003,3.3333333332999997,4.1666666667,-0.17481977610000002,-0.2791924829,-0.5500992784000001,2.4491780572,1.4052186234,0.054420507199999996,2.1752706767,27.7777777778,88.8888888889,62.962962963,4.5,5.5,3.375,2.0,3.25,2.8571428571,2.125,51,-0.5995294214,3.0961289244,27,159.0,7,1.1875,1.4666666667,0.8335252762,0.0015754073,0.9984375,0.0017215798,0.5555555556,0.009797959,0.1265219767,0.0250316331,2,-0.8145058542,1.2997109302,0.44328860369999995,1.8564457793,-0.2300026344,3.5333333333,440.0,2.2286212833000003,0.3302195711,1.1693331103,38.5,5.0,44,-0.9864783225,3.564877623,0.7909224295999999,9,1.1265980485,0.553200597,2.126378989,0.0422195528,,0.33333333330000003,0.8333333333,0.75,111.5,0.2,0.1,0.8,,1.4024580681999999,0.0853075069,3.1555413218,-0.48596334609999997,0.29946524059999996,0.0580729842,2.9814122093,0.36753540799999995,1.3291104751,-1.018813461,350.0,5.9,5.2,298.3333333333,2.0090572194,0.34474536110000004,1.865042993,290.1666666667,337.6666666667,2.3168534808000003,0.12609886380000002,2.7496239471,47.5,46.1178674056,1.2982154569,0.344437751,1.6006172124,-1.3962097659,5.0,3.5,4.0,2.0,5.0,50,-0.3615874628,0.0327755255,1.1181150690000001,0.2729099446,2.1396845817,0.27183331899999996,-0.41052643619999996,2.9,4.1111111111000005,3.0,2.5333333333000003,2550.5416666667,-2,10,3967.0833333333003,-0.25139821900000003,0.5260930959000001,2.2,2.2727272727,1.8333333333,1.7857142857,2.5833333333,0.5988381214,0.1513149966
s183,1.4754508122999999,0.1043906432,1.536169417,2.85,46.05,0.33333333330000003,876,27.0769230769,0.5666666667,309,-0.137702074,-1.5153133347999999,3.6428864979,0.3628101729,2.9655740254,-0.6693685006,0.0004411835,0.0025400772,0.06250390630000001,2.7333333332999996,2.9285714286,3.5,3.75,2.75,3.4,2.4285714286,53,4.633419992099999,0.35439396799999995,1.3377666445,1.0,0.0,15.541666666700001,0.17083333329999997,3,-0.0078333333,-3.9583333332999997,10.6666666667,0.1888095238,2.0,-0.004852380999999999,-3.8702380952,1.0,1.5454545455000002,-0.0631216892,0.9759233113,7.7,6.9,2.0368666155,0.5217097992999999,1.6255893254,-0.4860334608,0.1388888889,2.6666666667000003,2.5,1.1666666667,3.0,2.8333333332999997,4.6666666667,5.666666666699999,5.1666666667,4.0,3.3333333332999997,3.0,2.6666666667000003,1.6666666666999999,4.8333333333,3.8333333332999997,-2.0053880524000003,0.6758550139,0.1910395678,4.9380558016,3.9375162557,0.0204264233,3.6353166014999996,22.2222222222,33.3333333333,33.3333333333,4.6666666667,4.25,4.125,3.375,3.875,3.5714285714000003,3.125,44,-0.8893284576999999,4.1867508355,35,197.0,6,1.0,1.6666666666999999,0.8021636963000001,0.001605677,0.9620117187999999,0.0019626967999999997,0.5555555556,0.06403124240000001,0.06403124240000001,0.06403124240000001,2,-0.8775086,1.8635977419999998,0.5198456749,2.0966749295,-0.5915258715,4.2,320.6666666667,2.3757304096,0.4081469689,1.0734195447,26.0,15.0,47,17.9365485288,-14.2667130654,0.5995615586,16,1.7748711927,0.5383126518,2.2218978642,-0.3201293444,0.6666666667000001,0.8333333333,0.9166666667,0.8333333333,131.0,0.2,0.1,0.5,0.9,3.3313710769,0.5089250634,1.8337801649,-2.4178236151,0.5285359801,0.049613222500000005,4.4172180875,0.32434529770000003,1.3770526329,-1.4685416740000001,346.5,7.2,6.5,311.5,5.2150233062,0.378457012,1.6558807337,279.6666666667,307.6666666667,4.3358240139,0.4115422649,1.2968845489,28.0,-6.5376540832000005,2.8449410766,0.4481661482,1.5160890405,-1.6448347988999998,5.5,6.5,7.0,1.5,5.0,39,-0.43674499079999995,-0.4635952877,1.7573111797,0.41101328880000004,1.6500982012,0.32977870670000003,0.137358654,2.6,2.8888888889,2.5555555556,2.9333333333,1791.6398148148,14,8,2692.0,0.9288950866,-0.7492366471999999,1.3,1.6363636363999998,1.0833333333,1.3571428571000002,3.0833333332999997,0.19711936019999998,0.28337450410000004
s185,0.25145041760000003,0.0134405256,1.2903495668,1.4,1.0,0.0,29,1.0,0.0,29,0.3351659683,-1.790982505,4.341084136,0.402696225,2.3945950076,0.0069135271000000005,0.0015247513,0.0031178589,0.0024492188,4.0,3.5,4.7333333333,2.5,2.5,2.8,1.7142857143,51,2.8951889267000004,0.2695884794,1.1620836821,0.5,0.33333333330000003,13.458333333299999,0.0041666667,2,-0.0118333333,-3.125,22.7916666667,0.4713852376,1.0,-0.0002649141,-1.4595551062,1.1666666667,1.9090909091,-0.0088512999,0.2082820603,11.5,11.4,1.8465322772,0.3858333803,2.1604176606,-0.5201831607,0.9166666667,1.0,1.6666666666999999,1.5,2.1666666667,1.3333333333,4.8333333333,5.5,5.1666666667,4.8333333333,3.3333333332999997,1.0,2.8333333332999997,2.6666666667000003,3.8333333332999997,4.0,-2.1003187117,-0.9601775506,0.0106699265,2.1138011947999997,1.1526242882,0.0067213494,1.6945104358,11.1111111111,0.0,0.0,4.0,4.5,4.0,4.0,3.875,3.8571428571,3.0,41,-0.7017421781000001,4.5619233948,26,119.0,3,1.0,1.5333333333,0.6685333729,0.0013471670999999998,0.5741770386999999,0.0013868916,0.8055555556,0.0002011893,0.0002011893,0.0002011893,3,,,,,,5.0,204.5,3.2052969747000004,0.3178104054,1.5507720386000001,27.5,13.5,44,,,0.4504887783,4,0.90462777,0.5146908421999999,1.9285278402,-0.1403382091,0.6666666667000001,0.1666666667,0.5,0.8333333333,116.5,0.5,0.4,0.2,0.5,2.9084316276999997,0.44147545969999996,2.0219622278,-1.5696742894,0.4005037783,0.030606511500000006,1.884121331,0.2756454653,1.2489180358,-1.1486612265,331.0,5.8,5.8,185.0,3.1089085878,0.3631642981,2.0439428699,343.3333333333,251.1666666667,2.8121586616000003,0.1979433939,1.9880993181,-92.1666666667,-8.9209334176,3.1005631491,0.36291348450000005,2.0530880093,-1.4534417866999998,5.0,6.5,6.5,6.0,4.5,30,-0.6879377642000001,-0.1874937953,1.0354463458,0.0319880207,2.1980190831999997,0.21986006219999998,-0.2393233359,2.9,4.3333333333,1.7777777778,3.0,2268.8606060606,-1,9,5352.1666666667,-1.2932039381,0.7985076962000001,1.6,2.1818181818,1.25,1.0,2.75,0.8393165456999999,0.4028723258
s189,1.1204655005,0.049029903400000005,1.9668471778,2.15,29.409090909099998,0.2666666667,602,28.3333333333,0.30000000000000004,564,-0.4761610226,-1.2979666612,2.5888404624,0.43044225630000005,1.4466924944,0.05836177400000001,0.0027012685,0.0178348389,0.0393505859,4.8,4.3928571429000005,6.166666666699999,2.0,2.5,3.0,3.1428571429,28,2.3158972055000002,0.27768868399999996,1.3223114865999999,0.33333333330000003,0.5,16.0833333333,-0.1083333333,1,0.0016666667,-5.583333333300001,17.25,0.0213790714,1.0,0.001010395,-1.7411642412000001,1.0833333333,1.3636363636000002,0.0204982063,1.0611057095999998,7.4,7.4,1.4244005369,0.4846522853,1.6699883863999998,-0.7235388769000001,0.055555555599999994,2.1666666667,3.1666666667000003,1.1666666667,3.1666666667000003,4.3333333333,5.5,4.3333333333,5.5,5.5,3.5,1.6666666666999999,2.1666666667,1.8333333333,2.0,4.6666666667,-0.3050183266,-0.5402261212,-0.8199956179000001,3.6801437014,2.1020805378,0.014882411699999999,2.8390390157999996,44.4444444444,44.4444444444,37.037037037,5.833333333300001,5.75,2.5,2.875,2.75,2.7142857143,3.25,49,-1.3646783862,3.2360509786000002,22,219.0,7,1.0625,1.4,0.6671132088,0.0016389391,0.9040594101,0.0021166582999999997,0.5277777778,0.06403124240000001,0.06403124240000001,0.06403124240000001,2,-0.966457426,1.6805831367,0.42897797579999997,1.6143669438,-0.2880233011,4.6666666667,388.3333333333,2.1181300664,0.2824645682,1.355585922,-0.5,40.5,45,8.7368713706,-9.3849901191,0.3273362575,12,1.3730098735,0.6484790245000001,1.9789745022999998,0.21956510420000003,0.25,0.1666666667,0.5833333333,0.5833333333,114.0,0.30000000000000004,0.5,,0.5,1.8448875462999998,0.4069005352,1.5687193494999998,-1.1854931164,0.5498721228,0.0782432983,2.1105082669999997,0.28081984800000004,1.3140500117,-1.1335558306,409.0,5.3,6.0,378.1666666667,2.1285283803999997,0.2697616485,1.6451786574,330.1666666667,388.5,1.9962552454,0.1530460982,1.8870816174,58.3333333333,-2.8333994185000004,2.4446235302,0.29936211020000003,1.9673770708000002,-0.5585646234,6.5,4.0,5.5,1.5,5.0,38,,,,,,,,3.3,4.1111111111000005,2.2222222222,2.9333333333,2160.1851851851998,9,8,3798.4166666666997,-0.43428554659999996,0.43428554659999996,2.5,2.2727272727,2.25,2.1428571429,2.25,0.8131735827000001,0.3905391029
s191,0.7269539451,0.236656022,1.3063238218000002,1.5,30.0416666667,0.2,696,16.565217391300003,0.23333333329999997,363,0.3145423177,-0.1066080599,3.2883087938999997,0.3264681185,2.3487806806,-0.3993800909,0.07814898490000001,0.2225957031,0.2716679688,4.0,4.1428571429000005,4.0333333333,2.75,3.0,3.0,2.7142857143,54,2.0471106287,0.1812478215,1.8802634719,0.1666666667,0.8333333333,7.125,0.2208333333,3,-0.0151666667,-3.7083333332999997,10.791666666700001,0.005910165500000001,1.0,-0.00356974,-1.7907801418,1.0,1.8181818182,-0.0413876284,0.6056493649,7.9,5.2,1.4868198921,0.44873678229999997,2.1196728293000002,-0.3326008123,0.0,1.8333333333,3.8333333332999997,1.1666666667,2.1666666667,3.8333333332999997,5.0,4.8333333333,5.3333333333,5.0,3.0,1.6666666666999999,3.6666666667,3.6666666667,3.0,5.666666666699999,-1.6155952841,-0.9523726906,-0.421778931,2.5268003291,1.8480528874,0.1435614478,1.636303379,61.111111111099994,33.3333333333,29.6296296296,5.666666666699999,4.0,3.875,3.5,4.25,3.0,3.625,42,-0.8308046694000001,3.7967503866,31,116.0,7,1.125,1.4666666667,0.8454177856,0.0011523462,0.9572189331,0.0017846671,0.5555555556,0.25,0.25,0.25,2,-0.9142983506999999,1.6018538657,0.35250137200000004,1.6416511493000001,-0.6213599283,4.6666666667,,,,,,,45,,,0.6253387898,8,1.2894488389,0.6521079695,2.0284015237,0.2266211906,0.6666666667000001,0.5,,0.8333333333,119.5,0.30000000000000004,0.30000000000000004,0.7000000000000001,0.1,1.9132615122,0.4788995130000001,1.9165459274,-0.945813648,0.4438902743,0.0340753246,1.9215777585,0.2985342379,1.5654390938999998,-0.3719279443,357.0,6.6,5.2,402.5,1.7683874918,0.1944578904,2.4695043229,,,,,,,,1.5961937237000001,0.34873800120000004,1.7760445994,-0.8069093989,5.0,5.0,5.0,5.0,6.0,37,0.4058106226,-0.2185126025,1.3411661414,0.2506158921,2.078755825,-0.6664769882,-0.285466485,1.9,3.6666666667,2.1111111111,3.2,2317.4166666667,7,6,6529.166666666701,,,1.9,1.9090909091,2.0,1.9285714286,2.6666666667000003,0.8085321414000001,0.39503100840000005
s193,1.5213921096,0.2359892725,2.0168339495,3.3333333332999997,32.8181818182,0.2666666667,676,32.45,0.33333333330000003,625,-0.7675655031,-0.1629951105,3.3508020933,0.35375330299999996,1.969933526,-1.3843296612,2.26777e-05,0.00045886989999999997,0.0017700195,2.6666666667000003,4.0357142857,3.6333333333,2.75,2.75,3.2,3.0,57,3.5000226356999997,0.2951958028,1.6652442336000002,0.6666666667000001,0.0,8.125,0.0375,2,-0.012166666699999999,-3.625,10.5416666667,0.172271896,3.0,-0.008033733000000001,-4.6379800853,1.0833333333,1.7272727273,0.4923508954,0.6036472461,8.4,7.2,2.6629607465,0.3622729794,2.7917550357,-0.8130867020999999,0.9166666667,3.8333333332999997,3.6666666667,2.1666666667,4.1666666667,4.1666666667,3.8333333332999997,5.5,4.8333333333,2.5,2.5,2.6666666667000003,2.5,3.0,5.666666666699999,6.333333333300001,-2.0396015365,0.2058704334,0.0,5.320134937200001,3.6030266117000003,0.0031131041000000003,4.0586158122,72.2222222222,0.0,7.4074074074,5.3333333333,2.0,4.25,4.625,4.875,3.4285714286,4.125,48,-0.8075379761,4.3503317988,36,171.0,3,1.0,1.6666666666999999,0.7813293456999999,0.0016867328,0.9934326172,0.0017143939,0.6944444444,0.0015811388,0.0015811388,0.0015811388,4,-0.3863207029,1.6837881923,0.4320639979,2.3817477497,-0.8228001923999999,5.7333333333,372.8333333333,2.8831493543,0.3445108951,1.8794037961,47.5,91.0,47,18.7547385271,-9.8187839027,0.6104448646,15,1.929161809,0.5134524731,2.0111087456,-0.3709895564,0.75,0.4166666667,0.9166666667,1.0,139.0,0.0,0.7000000000000001,0.8,0.9,3.1888988232999997,0.4425566052,2.2290908185,-1.9176466472,0.5375,0.1098588373,3.753569928,0.2604013542,2.5674817912,-0.8349980266,366.5,5.8,6.3,352.3333333333,3.4848007579000004,0.36600492479999996,2.0900280794,360.5,315.0,3.7442612974,0.35599037580000004,1.5845281391,-45.5,-1.3730407524,2.6061629921000002,0.4177483445,1.9123480108,-0.9915760583,7.0,7.0,6.0,2.5,6.0,26,-0.7213643121000001,-0.1784190371,1.8835423364,0.09397273800000001,2.9744313773,-0.2588928038,-0.32918254269999997,1.8,3.6666666667,1.3333333333,3.2666666667000004,2938.1916666667,4,8,3345.75,27.0185408763,-24.5660695023,1.2,1.6363636363999998,1.4166666666999999,1.0714285714,2.6666666667000003,0.14943798260000002,0.3797930893
s194,1.489641209,0.270665033,1.4928333364,2.8,23.32,0.1666666667,555,16.1578947368,0.3666666667,289,-1.0671464037,-0.42083141119999995,2.8131808571,0.3310582709,1.5810064550999998,-0.6134710407,4.3503000000000005e-06,0.0006063118000000001,0.046083007800000006,3.3333333332999997,3.2142857143,3.6333333333,3.0,2.75,3.4,2.8571428571,46,2.8090697023,0.29283687680000003,1.5769601943,1.0,0.0,12.625,0.27083333330000003,3,-0.0165,-7.791666666699999,15.625,0.1766832918,1.0,-0.0029991686999999998,-7.0361596010000005,1.0833333333,2.0,0.1090276608,1.0974128494,9.5,5.8,2.1876840630000003,0.29791226660000003,2.1557675403,-0.289121548,0.0833333333,2.0,3.5,1.1666666667,2.3333333333,3.3333333332999997,3.5,4.6666666667,4.8333333333,5.833333333300001,3.1666666667000003,3.3333333332999997,3.5,3.1666666667000003,4.6666666667,6.166666666699999,-1.707150551,-0.6658956131,0.3298219498,4.6604910377,3.2057101056,0.008421253100000001,3.0457886114,38.8888888889,77.7777777778,66.6666666667,5.1666666667,4.25,4.5,4.5,4.0,3.0,4.0,54,-1.3273158840000001,3.310775983,28,154.0,6,1.1875,1.8,0.7466804026999999,0.001644775,0.8271181107000001,0.0026799949,0.5833333333,0.0038729833,0.0038729833,0.009797959,2,-0.9695232201999999,1.8831314104,0.35883298399999997,2.1305273073,-0.1518974726,4.7333333333,270.1666666667,3.1004625563,0.33563255410000004,1.1583126408,-14.5,53.5,46,0.919909778,3.1328525343,0.4066357446,13,1.4408140272,0.34286196300000005,2.4154207756,-0.0547725474,0.8333333333,,0.5833333333,0.8333333333,125.0,,0.4,0.5,0.6000000000000001,2.8198083605,0.3855644482,1.6307581272,-1.5120371041999998,0.6354679803000001,0.10718174189999999,2.7975887241,0.2674165062,1.5456710103,-0.8981103186,305.5,7.2,7.2,311.1666666667,2.5971809269999997,0.3248035973,1.2388392343999999,263.6666666667,260.5,3.161127467,0.35583003189999995,1.297332319,-3.1666666667000003,9.9377076412,2.9707386982,0.3150409067,2.173256156,-1.0245779484,4.5,7.0,5.5,4.0,5.5,28,-0.6632919454999999,0.3655325299,2.171853836,0.3152873473,1.4444959794,0.33184590950000004,-0.20596887309999998,4.0,2.1111111111,2.6666666667000003,3.3333333332999997,1304.8703703704,10,9,5264.8333333333,2.1907367929,-2.4218485138,1.2,1.5454545455000002,1.9166666666999999,2.0714285714,3.3333333332999997,0.8190662639,0.2236496678
s195,0.7376001164,0.3202183983,1.3709868872,1.6,40.9523809524,0.30000000000000004,830,30.4545454545,0.2666666667,645,-0.8122696431,-0.7195497174000001,3.5638984048,0.40931326240000004,1.3476409543999999,-0.9222211759,0.0017848142,0.0011778678999999998,0.012902343799999999,6.0666666667,5.9642857143,5.2333333333,1.75,3.75,2.8,3.1428571429,26,4.6305681896,0.2116890812,1.7896069452,0.6666666667000001,0.33333333330000003,9.0833333333,-0.1083333333,2,0.0003333333,-4.0,9.4166666667,-0.035225648400000004,1.0,0.0006632632,-3.0677966102,1.5833333333,1.3636363636000002,-0.1406221541,0.3999233092,8.4,6.6,2.3991614002,0.6333741999,2.1096317141,-1.2428732496,0.4166666667,3.1666666667000003,2.6666666667000003,2.0,5.1666666667,4.6666666667,3.6666666667,6.333333333300001,4.0,3.6666666667,2.6666666667000003,3.1666666667000003,1.6666666666999999,3.5,5.5,6.166666666699999,-2.3326449036000003,0.1751083394,0.0,5.320134937200001,3.9055699865,0.0285618307,4.3956126679,33.3333333333,44.4444444444,25.925925925900003,5.0,5.0,3.375,3.75,2.5,2.2857142857,3.125,40,-1.0170844173,3.9312389163,16,241.0,2,1.6875,1.8,0.7948562621999999,0.0010895343,1.0,0.0020932632,0.4166666667,0.0038729833,0.0038729833,0.009797959,2,-0.43278735450000005,2.0199258372,0.5450127105,2.7302012813000003,-0.4036510039,4.4,245.6666666667,4.5909614492,0.3585472511,1.7239653988,17.0,30.0,26,14.239211782,-12.1489307996,0.6499068902,17,2.1063608602,0.5397590655,1.5775533572999998,-1.0078468329,0.1666666667,0.0,0.33333333330000003,0.1666666667,64.0,0.5,0.6000000000000001,0.9,1.0,3.2897450114,0.4672820853,1.4498406531,-1.7722557499,0.443627451,0.050431095999999995,2.9199712957,0.2761209269,1.0530942999,-0.7634992533,264.0,6.2,6.0,321.6666666667,4.5179049489,0.4888554622,1.4688985003,288.8333333333,372.3333333333,2.6377312385,0.32333092880000003,1.1935697096,83.5,56.8776185824,2.9099999760000004,0.3661207176,2.0841767187999998,-0.8843655746,6.5,2.5,4.5,2.0,7.0,55,-0.5372128429999999,-0.5847175163,1.167523678,0.35628747270000005,1.5840869431,-0.2347486193,-0.065533911,4.2,1.8888888889,2.6666666667000003,3.4666666667,2214.22,0,8,5250.1666666667,2.2193242497,0.0689928715,3.0,2.9090909091,3.0,2.7142857143,3.6666666667,0.1691147262,0.16070282589999998
s197,1.3100564362,0.27571442620000003,1.5521145756999999,2.6,21.8260869565,0.23333333329999997,464,20.7391304348,0.23333333329999997,455,-0.7527258793000001,-0.5940681392,3.1523235168,0.33391956980000004,2.1564578809,-0.8426138738000001,8.04875e-05,0.0003308868,0.013915039099999998,5.0666666667,4.8928571429000005,4.5666666667,2.5,2.5,3.2,2.8571428571,29,2.7865195122000004,0.23903828920000003,2.6453374392,1.0,0.0,9.2916666667,0.0041666667,0,-0.0031666666999999996,-0.9583333333,8.3333333333,0.14762243449999998,2.0,-0.011523674,-0.8769559033000001,1.0833333333,1.0909090909,0.2601711531,0.14594992029999998,9.5,6.0,1.4204217545,0.4515210715,1.8929628028999999,-0.096404277,0.8611111111,3.6666666667,3.0,1.6666666666999999,2.3333333333,4.3333333333,4.3333333333,5.3333333333,5.3333333333,5.5,2.8333333332999997,3.0,3.0,3.3333333332999997,2.1666666667,5.3333333333,-2.9787577018,-2.8637188767,-0.26185826370000004,2.8244152882,1.9856374828,0.1718313491,2.0811523733,66.6666666667,55.5555555556,33.3333333333,5.5,2.5,3.0,2.0,3.25,2.2857142857,3.125,52,-0.8005189753,3.0881574643,31,163.0,4,1.5,1.4666666667,0.9870849609,0.0013687879,0.998046875,0.002025484,0.5833333333,0.0015811388,0.0015811388,0.0015811388,4,-1.2820472165999999,1.4687978857,0.5704698329,1.8971417535,-0.1379746009,3.4666666667,,,,,,,44,,,0.3387067707,10,1.3677934063,0.5594899732,1.7372345720000002,-0.4834277684,0.9166666667,0.4166666667,0.9166666667,1.0,122.0,0.30000000000000004,0.2,0.5,0.30000000000000004,3.4923254797000003,0.476702688,1.8238563065,-0.5349629113000001,0.5247524752,0.0584450537,1.3905717347,0.311967333,1.5091714285,-0.38039672409999997,400.0,5.6,5.9,424.5,1.8276461881,0.4022788506,1.7399353234,368.0,436.5,1.5828878556,0.0643978773,2.4735701109,68.5,-56.387240829300005,2.2044578827000003,0.4033130458,1.8705971400999999,-0.47869685829999997,4.5,4.5,5.5,5.5,3.5,40,,,,,,,,3.0,3.0,2.0,3.4,2147.8738095238,30,4,3588.9166666666997,2.5709644132,-1.3072723742,2.1,2.4545454545,2.6666666667000003,2.0714285714,2.75,0.436194615,0.6181068190000001
s199,2.5837679935,0.1150193684,2.0049715378,2.8,43.210526315799996,0.3666666667,781,25.125,0.4666666667,378,-0.2200134818,-0.5898195532,4.0185181697,0.3563126977,1.9567509638,-1.4719032553,0.0189454974,0.057714111299999996,1.1927919922,5.6,5.3928571429,5.9333333333,3.25,4.0,4.0,2.4285714286,19,6.5965986225,0.2461076797,1.7311218136000002,0.5,0.0,10.5416666667,0.1041666667,3,-0.0041666667,-1.2916666667,15.791666666700001,-0.1421779141,0.0,-0.0016897458,-1.2193251534,1.5833333333,2.0,-0.2359092996,0.8037547376,8.7,7.0,2.3880151969,0.4166209218,1.5886578467,-1.1846542237,0.0,5.3333333333,4.1666666667,2.0,5.1666666667,3.6666666667,4.1666666667,6.333333333300001,4.8333333333,3.8333333332999997,4.6666666667,5.0,5.5,4.1666666667,6.5,6.333333333300001,-3.6976432361,-1.6488036385,-0.7548590440999999,3.8104168489999997,2.3143913169,0.2118882674,1.6505847031999998,0.0,0.0,44.4444444444,5.0,5.75,2.375,4.0,2.75,2.4285714286,3.375,46,-0.9575666758,4.0502743994,22,105.0,7,1.6875,1.6666666666999999,0.6727058411,0.0023119934,0.834375,0.0031148992,0.6111111111,0.25,0.06403124240000001,0.25,1,-1.5994422853,1.9556303104,0.4173672553,1.5701623231,-0.2499658598,2.7333333332999996,221.6666666667,2.1653393773,0.2774069864,1.2957241775,1.5,160.5,33,15.8803947755,-13.2067943873,0.2218066842,9,,,,,0.5833333333,0.25,0.5833333333,0.75,110.0,0.6000000000000001,0.9,0.7000000000000001,0.9,2.4566838624000003,0.45023329009999996,1.2173171584,-2.8550117439,0.5857843137000001,0.0783620334,3.7888952599000003,0.3474360885,1.4455984737,-0.6575124149,361.0,6.5,6.1,202.0,3.9633588613,0.2856736204,1.945422295,200.8333333333,167.3333333333,1.9923388124,0.27446636,1.5159924347,-33.5,262.0320485966,3.0578350355,0.3814928409,1.5226348235,-2.1686308296,4.5,1.0,6.5,1.5,7.0,42,-0.4321579908,-0.5236131573,1.4811154007,0.3877380633,1.4190619355,-0.4608820482,-0.6592816813,3.2,3.6666666667,1.5555555556,4.4,1542.8717460317002,33,4,2343.75,2.2673279431,-0.19415601440000002,2.4,2.7272727273000004,3.1666666667000003,2.8571428571,4.0,0.22388036719999999,0.16454222000000002
s200,1.0924078003,0.0941358591,1.8856618328,2.2,50.0,0.4,840,22.7272727273,0.2666666667,450,-0.2703512937,-0.9493544279999999,2.9404694473000004,0.2949511168,2.3489047824,0.33856645409999997,0.0009104694,0.016396240200000002,0.0064775391000000005,3.6666666667,3.6071428571,3.2666666667000004,2.5,2.5,3.8,3.1428571429,57,1.7086764702000001,0.06240888660000001,2.0033470111000002,1.0,0.0,6.458333333300001,0.0958333333,2,-0.0218333333,-2.375,12.583333333299999,-0.0017857143,1.0,-0.0367619048,-1.0238095238,1.0,1.1818181818,-0.14064047429999998,0.9764600777,6.9,6.7,1.2797755978,0.2864358287,1.9568093134,-0.8623504451999999,0.1388888889,1.1666666667,3.0,1.6666666666999999,2.0,4.6666666667,4.6666666667,5.0,5.833333333300001,6.5,3.3333333332999997,2.0,4.0,2.5,1.1666666667,5.1666666667,-1.2052919728,-0.9118465848,-0.5952459227,2.4363432919,1.4368031372,0.0122558179,2.1470255244,16.6666666667,44.4444444444,25.925925925900003,5.0,2.0,3.75,4.125,4.25,3.8571428571,3.25,54,-0.9437793146,3.5708010963,35,145.0,9,1.0625,1.4,0.7779387473999999,0.0012471691,0.8535766602,0.0015191271,0.6111111111,0.0038729833,0.003935979300000001,0.0256124969,3,-1.1579135493000001,1.9737188898,0.3113940684,1.6203799566,-0.015905781,4.5333333333,344.6666666667,3.1854229113,0.2914516102,1.5364453807,40.0,20.5,46,5.1919482058,-1.0507249237,0.7088896826000001,12,1.4019176183000002,0.3976875631,1.8180354252,-0.6650493626,0.8333333333,0.8333333333,0.8333333333,1.0,130.5,0.2,0.30000000000000004,0.5,0.2,2.2051640805,0.39683115840000005,1.5652297578,-0.5956749884,0.37279596979999996,0.0290344167,1.992757863,0.28977443270000003,1.7297939379,-0.9648913884999999,474.0,5.7,5.4,320.3333333333,1.8531311766,0.2871505091,1.2048290996,,,,,,,,2.3737198268,0.3167978574,1.9404357677000001,-1.7058101556,7.0,5.5,7.0,5.5,7.0,43,-0.2194140345,0.14842994010000002,1.4701431503,0.3036276879,1.6768990547999998,0.1036393985,-0.33725960979999997,3.2,4.1111111111000005,1.7777777778,2.7333333332999996,2150.1240740741,14,5,2966.3333333333003,,,1.7000000000000002,1.9090909091,1.8333333333,1.2142857143,1.5833333333,0.7921570809999999,0.16233006560000002
s201,0.9862388868,0.0101680137,2.0074266278,2.15,14.380952380999998,0.30000000000000004,287,13.36,0.1666666667,320,-0.07657992870000001,-0.9477396576999999,2.8343607397,0.4097097299,1.7865972444,-0.28915705070000003,0.0006067197,0.0063938599,0.0268359375,2.8666666667,3.1785714286,3.3,3.5,2.75,4.0,1.5714285713999998,60,5.80542895,0.2521850902,2.6497675938,0.5,0.1666666667,13.708333333299999,-0.1625,2,-0.0038333333,-3.0416666667000003,12.041666666700001,-0.1514705882,2.0,-0.0005,-2.1274509804,1.0833333333,1.0909090909,-0.0703001823,-0.8423831534999999,8.6,6.9,1.8072185903,0.4866174082,2.0902205007,-0.4621326017,0.5,1.3333333333,2.6666666667000003,1.0,2.8333333332999997,4.6666666667,5.3333333333,6.166666666699999,6.5,4.1666666667,2.3333333333,1.1666666667,2.3333333333,1.1666666667,2.1666666667,5.833333333300001,-0.8852416349000001,-0.5218216757999999,-0.5836083582,3.3887599497000003,2.5716552553,0.2959971187,1.5025737447999998,61.111111111099994,66.6666666667,37.037037037,5.666666666699999,3.0,4.625,4.5,4.75,4.7142857143,4.625,46,-0.9536203075,2.5633848301,34,205.0,9,1.0625,1.5333333333,0.6305249214,0.0004606606,0.9364181519,0.0007165679000000001,0.6111111111,0.0015811388,0.0015811388,0.0256124969,2,-0.7998137276,1.7605049088,0.15204029330000002,2.3668666673,-0.1316940613,5.0666666667,410.0,2.6859687498,0.1320447118,2.5952449376,25.0,127.0,47,-23.4727525348,26.2175120066,0.3844010616,11,2.1984063564,0.6416543880000001,2.1629471485,-0.2867940321,0.6666666667000001,0.75,,0.8333333333,141.0,0.2,0.30000000000000004,0.8,0.7000000000000001,3.06906138,0.4794443178,1.6800071091,-1.9149365076,0.5073891626,0.046211672200000005,4.4049702985,0.2899737006,1.6852968402000001,-1.4766352668,356.0,6.2,5.7,350.6666666667,3.6687320254,0.39250813079999997,1.9931819705,326.75,338.1666666667,3.9980464527999997,0.4102703048,1.4001985568000002,11.416666666700001,7.6113636364,2.5611497706999997,0.2413992892,2.60699142,-0.7983456671,6.0,7.0,7.0,4.0,6.0,21,-0.3215819499,-0.3666224792,1.7070920828,0.3514738716,1.781067937,-0.2602453972,-0.1451035181,3.7,4.1111111111000005,2.5555555556,3.2,2200.250952381,11,7,2626.0,-0.8985911548000001,0.6109090823000001,1.4,1.1818181818,1.25,1.0714285714,2.8333333332999997,0.8129595456,0.7035841412999999
s203,,,,,15.0,0.1666666667,365,10.1851851852,0.1,265,-0.4706549435,-0.1596614174,3.7872219226999997,0.3581813411,2.4246577178,-1.9964664894,0.00032324700000000003,0.0007234019999999999,0.0103330078,3.8,4.1071428570999995,3.4,3.0,2.75,3.6,2.7142857143,51,3.3206108885,0.3385522292,1.7692361903,0.6666666667000001,0.1666666667,11.375,0.0291666667,1,0.0021666667,-1.4583333333,9.3333333333,0.033052985699999995,0.0,0.0017123632999999998,-0.5550883095,1.0,1.1818181818,0.083888719,0.5462855396,8.2,7.9,1.7765510947999998,0.6287052710000001,1.7243901386000002,-0.4866204566,0.5277777778,2.1666666667,3.3333333332999997,1.8333333333,3.1666666667000003,4.3333333333,4.3333333333,3.5,3.8333333332999997,4.3333333333,2.6666666667000003,1.8333333333,2.6666666667000003,2.6666666667000003,2.0,4.5,,,,,,,,77.7777777778,33.3333333333,37.037037037,5.0,4.25,3.5,5.0,4.125,2.5714285714000003,3.375,47,-0.6529863250000001,2.9892151170999997,28,108.0,5,1.0625,1.2666666667,0.7182440757999999,0.0008907594999999999,0.6771244048999999,0.0011079621,0.6111111111,0.0015811388,0.003935979300000001,0.0015811388,2,-1.1052442245,1.1763901691,0.4813358464,1.7312923294999998,-0.4739595090000001,4.6666666667,407.5,2.4840128300999997,0.2608233693,1.64912419,8.0,106.5,47,2.4982969308,-2.1090459421000003,0.6102971402,9,1.5802331488999999,0.6207906057,1.5932788513999998,-0.0707335647,1.0,0.0833333333,0.75,0.9166666667,123.0,0.0,0.5,0.8,0.5,2.664506739,0.5047589264,1.5280695166999998,-1.2779399403,0.3846153846,0.0154882995,2.6099479214,0.2605089504,1.6383340393,-1.3657354834,307.5,3.7,5.1,335.1666666667,2.2238349493,0.3789505642,1.7669358065,288.5,336.1666666667,3.0002245539,0.3623991638,1.8211994163999998,47.6666666667,12.6857641921,2.3813317564,0.45549552039999996,1.6507398494,-1.2948967854,6.5,6.0,5.0,2.0,7.0,34,-0.4206287397,-0.7667397130000001,1.1573431109999999,0.3994704603,1.4878668459,-0.365445911,0.4750018869,2.7,4.0,2.0,2.6666666667000003,3450.3333333333003,-2,2,4290.1818181818,-0.40254539799999994,-0.25423413840000003,1.9,1.3636363636000002,1.6666666666999999,1.5714285713999998,2.1666666667,0.0767382238,0.3482613713
s204,1.0261279676000001,0.026259277799999998,1.6000246594,1.7000000000000002,32.0952380952,0.30000000000000004,637,19.5,0.2666666667,405,-0.3174180103,-1.3367344844,3.8769023213,0.38200457409999994,1.8875133181000001,-0.4680424529,3.5467219238,0.0160662231,0.0693671875,3.7333333332999996,3.1428571429,3.1,2.25,1.5,4.0,2.1428571429,53,3.417557027,0.2598050019,1.5504005721,0.5,0.33333333330000003,11.458333333299999,0.1041666667,1,0.005833333299999999,-6.041666666699999,6.208333333300001,0.2451219512,3.0,-0.013199187,-3.5487804877999998,1.0,1.0,0.12854623210000002,1.0554398512,9.7,7.0,1.4930139427000002,0.4549656135,1.7469238622999999,-0.48490076979999996,0.30555555560000003,3.5,1.0,2.0,1.3333333333,5.3333333333,4.8333333333,7.0,4.0,6.333333333300001,1.0,2.8333333332999997,1.0,3.6666666667,1.6666666666999999,6.166666666699999,-2.3618576875999997,-1.7549786532,-0.5493119221,2.8729169622,2.0206743132,0.17359874420000002,1.5891840462,55.5555555556,0.0,25.925925925900003,5.833333333300001,6.0,3.25,1.875,3.125,3.7142857143,3.5,52,-1.0705413209999999,3.8243251091,23,164.0,4,1.0625,1.0,0.7050742388,0.0009235150999999999,0.758763504,0.0013235623,0.30555555560000003,0.009797959,0.0256124969,0.0099597577,4,-0.6972989048999999,1.7430345040000002,0.43000150859999997,2.2000667155,-0.5452095690000001,4.6,417.8333333333,2.4174807691,0.3151307029,1.1935062371,71.0,141.5,44,2.8834997062000003,2.4192820472,0.4758702371,5,1.0580355546,0.4859761328,1.9192849641999998,-0.7618529668999999,0.8333333333,0.8333333333,1.0,0.9166666667,127.5,0.2,0.1,0.4,0.0,3.0936695761,0.4258582153,1.9208016462,-1.7903743699,0.5170731707,0.0489361608,2.7614521279,0.2440739517,1.5930669524,-0.38068677009999996,279.5,6.6,7.7,,,,,322.4166666667,225.5,1.9487947939,0.33757480440000004,1.3835735238999998,-96.9166666667,66.9289131921,2.0834689697,0.31349893360000003,1.8299558152000002,-1.3693469963999998,2.0,6.0,5.0,2.0,5.5,45,-0.1341571509,-0.47832626289999997,0.9289203022,0.067690477,2.024559469,-0.141176669,0.25591624500000004,3.1,3.8888888889,1.5555555556,1.9333333333000002,1971.5574074074,10,8,4520.5,0.2618126925,-0.071458964,1.6,1.0,1.5833333333,1.1428571429,1.3333333333,0.7926635126999999,0.2537623755
s211,0.9861416073,0.08576042060000001,2.4681952727,2.5,35.9523809524,0.30000000000000004,715,20.238095238099998,0.30000000000000004,405,-0.6284903031,-1.1894575466,3.5501873323,0.4421233425,2.0575334629,-0.5031208111000001,0.00020439330000000003,0.0004690247,0.0108935547,4.2,3.0357142857,3.8,2.25,2.75,3.2,3.0,43,3.5960432567000002,0.32352786650000004,1.3988352116,0.5,0.33333333330000003,1.875,0.0208333333,2,-0.0035,-1.125,4.5833333333,-0.06346279020000001,2.0,-0.0132115426,-1.2755478412,1.0833333333,1.5454545455000002,0.35276967929999997,0.6397594752,6.9,6.6,1.8488309278,0.6262366849000001,2.1694859216999998,-0.5808012944000001,0.6666666667000001,1.8333333333,2.5,2.0,4.6666666667,4.5,3.8333333332999997,4.6666666667,4.0,3.0,2.0,1.8333333333,3.0,2.0,5.0,5.1666666667,-1.7549557858000002,0.21349591920000002,0.1932209246,4.933693088,2.7008061736,0.0342418015,3.7801614731,33.3333333333,22.2222222222,29.6296296296,5.833333333300001,6.0,2.5,2.875,2.5,3.1428571429,4.0,46,-0.8075379761,4.3503317988,22,182.0,7,1.0625,1.7333333333,0.8814544678,0.0008193759,1.0,0.0010988563000000002,0.4722222222,0.0038729833,0.0256124969,0.0256124969,6,-0.9866070454000001,1.0828206084999998,0.6660170450999999,1.9211405919,-0.6975460789,3.8,,,,,,,46,-8.3584808501,10.5514497569,0.7945396831,15,1.5386402161,0.7133552674,2.0764411267,-0.6695193804,0.5,0.0833333333,,0.5,102.0,0.4,0.5,0.6000000000000001,0.9,2.8230624108,0.4515683598,1.6222672109,-1.330179847,0.4827586207,0.0472764045,2.706088162,0.27648503609999997,2.1556175125,-0.28159921720000003,409.0,6.2,5.5,479.0,3.3414944011000003,0.4008610439,1.3238619225,,,,,,,,1.6304430965,0.3078070391,1.9281412322999998,-0.7293445030000001,5.5,5.0,4.0,2.0,5.0,37,-0.9871117198999999,-0.28365845430000003,1.4362983016,0.41353777979999995,2.0188813438,0.7918408081,-0.1639983712,3.7,3.4444444444,2.3333333333,3.0666666667,3361.1190476190004,0,7,4993.5,-0.9720870895,0.8209805521,2.5,1.9090909091,2.1666666667,1.0714285714,3.25,0.5646028482000001,0.17507373699999998
s213,1.5418967534999999,0.2653376845,1.2729326982,2.25,16.2,0.1666666667,394,19.578947368399998,0.3666666667,356,-0.3841985993,-1.8954693513999998,5.0531747172,0.28630889600000003,3.1341232513999997,-0.484851837,0.0056645875,0.1374111328,1.0073779297,3.0666666667,2.7857142857,3.1333333333,3.0,2.75,3.6,1.4285714286000002,63,5.1883559012000005,0.27458577219999997,1.7812886138,0.1666666667,0.6666666667000001,11.208333333299999,-0.0625,1,0.0035,-2.625,10.125,-0.0130156472,1.0,-0.0005433855,-2.6058727901000003,1.0,1.0909090909,0.052352949800000007,0.8530094654000001,6.8,7.2,2.1674041145,0.3491041696,1.6768066112,-0.2661879868,0.0,1.1666666667,2.1666666667,1.3333333333,2.0,2.1666666667,6.0,4.0,4.0,5.1666666667,2.5,1.0,1.6666666666999999,2.8333333332999997,2.6666666667000003,4.3333333333,-3.1961424102,-1.096576898,0.0,5.320134937200001,3.3978753833999997,0.2098566185,2.2352567061,5.5555555556,0.0,11.1111111111,6.5,2.0,4.875,4.75,4.875,4.5714285714,3.25,46,-0.8893284576999999,4.1867508355,39,227.0,5,1.0,1.2,0.6219864249,0.0013124226,0.7419027805,0.0018720082,0.4722222222,0.25,0.25,0.25,3,-1.1497334748999999,1.6577582122,0.44136449969999997,1.7017736980000002,-0.0424889422,5.533333333300001,295.1666666667,2.8325123480000003,0.35897049579999996,1.0748271712000002,3.0,-6.0,46,-22.0616014476,24.647284389699998,0.6035398926000001,6,1.4153878416999999,0.4949168513,1.5965112024,-0.06743230929999999,0.75,0.4166666667,,0.75,150.0,0.1,0.0,0.30000000000000004,0.2,3.0153067671,0.388416161,1.53311265,-0.6019082081,0.4753694581,0.0241109085,4.9027793328,0.2844556225,2.0875971033000003,-0.7757245073000001,330.5,6.5,5.9,327.0,3.6271525741,0.3129556833,1.3916701804,308.0,336.8333333333,3.6156391947000004,0.3390903515,1.1603710131,28.8333333333,-3.736453202,1.8544113662000001,0.3709530418,1.5546431904,-1.6399772633,7.0,7.0,7.0,4.0,5.5,31,-0.857305768,0.0675575092,0.8401169539000001,0.0869614594,1.8615264521,0.8001220697,-0.047794811799999996,1.5,4.8888888888999995,1.4444444444,2.9333333333,1792.4818181818,8,8,2764.8333333333003,2.1633230257,-1.0296194172,1.1,1.0909090909,1.25,1.0,1.5833333333,0.5660925674,0.18007262079999997
s214,1.7168616757,0.3061289262,1.2289667418,2.4,45.058823529399994,0.43333333329999996,730,21.3333333333,0.5,305,-0.6898879983,-1.2819584799,4.1175532596,0.3533894309,2.0438964733000002,-0.7060646347,0.0017595564,0.0026908264,0.020740234399999998,4.4,4.3571428570999995,4.0,2.75,2.25,3.4,2.8571428571,43,4.2579310424,0.2831379322,1.1299504490999999,0.6666666667000001,0.33333333330000003,6.291666666699999,-0.0041666667,2,-0.0051666667,-1.7916666666999999,16.0416666667,0.0761178862,1.0,0.0012886179,-4.1329268293,1.0,1.8181818182,-0.1973253275,0.6182678310999999,8.4,4.6,2.2726350029,0.4356573715,1.4851089915,-0.5464082597000001,0.19444444440000003,2.1666666667,3.8333333332999997,1.6666666666999999,2.5,4.3333333333,4.6666666667,5.0,5.0,5.0,3.5,1.8333333333,3.3333333332999997,1.3333333333,3.5,6.0,-0.12761794140000002,0.43496171149999996,-0.3719338943,3.8121088774,2.937314979,0.25012327560000003,2.4666111067,50.0,33.3333333333,40.740740740700005,5.0,2.75,3.625,3.875,3.875,3.5714285714000003,4.0,39,-0.7717910818000001,3.4406522452,28,111.0,6,1.125,1.6,0.8114501953000001,0.0016706529999999998,0.9273849487000001,0.0016361003,0.5277777778,0.0038729833,0.009797959,0.009797959,2,-1.8164424209999999,1.7999057357,0.4204152465,1.731740171,-0.30789385810000003,4.4666666667,292.3333333333,4.0422799391,0.3805573162,1.5920432986000002,29.0,61.0,46,1.7280447974000002,-0.8968903201999999,0.6956120869,14,1.9741434291,0.4690482784,1.8570567647,0.0036896551,0.6666666667000001,0.5833333333,0.9166666667,0.9166666667,132.0,0.5,0.7000000000000001,0.9,0.7000000000000001,2.7799780074,0.42733106719999997,1.5377255552000002,-1.8323494538,0.4779411765,0.0202718866,4.1040204744999995,0.2922238433,1.6377591554,-0.9167099642,341.0,6.5,6.0,301.0,3.8688716595,0.30732992719999996,1.5832470821,245.6666666667,257.5,2.8690481388999998,0.3238386757,1.6681900491,11.833333333299999,30.357579538400003,2.3335107126,0.3326929764,2.2829380275,-2.1290464685,6.0,6.5,6.0,4.0,6.0,45,-0.1230897971,0.6777460343,1.0955419913,0.08482769,2.3248901181,-0.7050260964,-1.2963183591,3.2,2.6666666667000003,2.3333333333,2.5333333333000003,1963.3636363635999,2,9,4185.4166666667,-0.5418488621,0.7919930152,1.6,2.0909090909,1.6666666666999999,1.1428571429,3.0833333332999997,0.754242374,0.2096184921
s215,0.4760391954,0.026274277,1.4647458846,1.2,32.2727272727,0.2666666667,670,36.3888888889,0.4,630,-0.4681355656,-0.9105289954000001,2.9036225508,0.4245026218,1.5028154594,0.0969726238,0.1002468033,0.1574296875,0.0625205078,3.8,2.6785714286,5.0333333333,1.25,1.5,2.8,1.8571428571000002,49,3.7876751057,0.25220877280000004,1.7136510204,0.1666666667,0.6666666667000001,8.3333333333,0.05,1,-0.0016666667,-2.5833333333,9.6666666667,0.06,1.0,-0.004,-3.4,1.0833333333,1.2727272726999999,-0.4467059211,-0.0864844627,6.2,5.0,1.8117823003,0.41839003469999997,1.2514890177,-1.349210684,0.0,1.0,1.0,1.8333333333,1.0,2.5,5.5,6.166666666699999,5.1666666667,5.1666666667,2.6666666667000003,1.1666666667,1.0,2.8333333332999997,1.0,4.6666666667,-3.2323907475,-1.2585935712,-0.5502881581,3.4012750769,2.5891879514,0.2937840114,1.3992696930000001,33.3333333333,22.2222222222,11.1111111111,4.1666666667,2.75,4.375,3.625,4.75,3.4285714286,3.0,36,-1.3273158840000001,3.310775983,33,118.0,10,1.0,1.1333333333,0.6868027210000001,0.0008127233,0.7543029784999999,0.0011259012,0.25,0.25,0.25,0.158113883,2,-1.7566478153999998,1.5470053355000002,0.4753822693,1.3872044515000002,-0.6359818414,5.8,386.0,2.9774053848000004,0.35334146320000004,1.5404411799000002,19.5,153.5,46,4.5303922036,-2.6345921177,0.4270450939,9,1.1755813388,0.3813139569,1.4728318997,-0.4790893604,0.4166666667,0.5833333333,,0.75,114.0,0.0,0.1,0.6000000000000001,0.1,2.8327747763,0.4335095094,1.3856754288,-1.94218379,0.3577023499,0.0404311141,2.9863157957,0.33484252600000003,1.3290624308,-1.2964677452,406.5,6.1,4.8,294.5,3.403747762,0.30607463700000004,1.793438499,288.0,362.8333333333,3.1292629218,0.31865000400000004,1.8954014637,74.8333333333,36.203949307399995,2.8146765352000003,0.4639016351,2.2856438725,-1.5860955418,6.5,6.0,6.5,6.0,3.5,42,-0.8984656076,-0.8750315612999999,1.0229184158,0.2033582849,1.7863151019999999,0.2514040339,0.22675973829999999,1.8,3.6666666667,2.2222222222,2.1333333333,2248.395,7,6,4153.0,-0.0797696876,0.427937964,1.5,1.4545454544999998,1.25,1.1428571429,1.4166666666999999,0.7032419595,0.1579536959
s217,0.8244434373,0.2096044182,1.0783760126000002,1.55,6.7142857143,0.0666666667,176,4.1428571429000005,0.0666666667,107,-0.7498604268000001,-0.8552163840000001,3.4552495714999996,0.3569915725,1.709667091,-1.0923196847,0.005531515600000001,0.005775238,0.9929121094,4.6,4.6428571429000005,5.3,2.75,3.0,2.2,2.0,35,2.6037343723,0.24339737500000005,1.8517327284,0.1666666667,0.1666666667,14.666666666700001,-0.15,0,-0.0023333333,-1.4166666666999999,6.833333333300001,-0.1101694915,0.0,-0.0009707984,0.1445783133,1.4166666666999999,1.4545454544999998,-0.13988116679999998,0.1618530966,6.8,5.1,1.8335775697999999,0.47946249590000006,1.3968213863999999,-0.9772978286,0.19444444440000003,4.5,5.666666666699999,4.6666666667,2.8333333332999997,5.0,4.1666666667,4.1666666667,5.3333333333,4.6666666667,4.1666666667,3.0,1.6666666666999999,2.8333333332999997,3.0,5.1666666667,-3.9192936451,-0.7353976761000001,-0.3697525375,3.8077461637,2.2493801636,0.037325803399999996,1.9470842349,66.6666666667,66.6666666667,48.148148148100006,3.6666666667,4.25,3.0,3.375,3.625,3.0,3.5,44,-0.8893284576999999,4.1867508355,24,133.0,5,1.25,1.2666666667,0.74608078,0.0021026352,0.8316768645999999,0.0022646216000000003,0.1388888889,0.0256124969,0.0256124969,0.0250474647,4,-2.2949191244,1.6637475597,0.35702917370000004,0.7155589644,-0.8586620918000001,3.1333333333,250.8333333333,4.6467368174,0.356327331,1.3894315677000002,-9.0,23.0,47,,,0.32328562380000003,2,1.9340267418000001,0.4785846931,1.7182056475999998,-0.6359096591,0.4166666667,0.4166666667,0.25,0.6666666667000001,82.5,0.30000000000000004,0.4,0.7000000000000001,0.4,2.6151966163,0.3579580276,1.6879792516999998,-0.5939765826,,,4.1348898445,0.31177707120000003,1.5703290571000001,-1.0267092737,305.0,5.2,6.0,268.8333333333,3.6578124872,0.35521786800000005,2.3457069277,246.3333333333,344.8333333333,3.3116122532,0.0604593749,3.2751775321,98.5,6.5556836297,3.042015691,0.4058754797,2.4022355465,-1.1243864139,7.0,3.5,3.5,2.5,4.0,49,-0.32386043200000003,0.2166369482,1.6132000435,0.3450182657,1.1500841641,-0.1820684073,-0.5867886298,3.7,2.7777777778,3.5555555556,3.4666666667,1954.2314814815,16,5,3930.6666666666997,,,2.3,2.0909090909,2.9166666667000003,2.1428571429,2.5833333333,0.2798973581,0.3964931379
s219,1.6567638123,0.2596257536,1.4023075365,2.4,20.1923076923,0.1333333333,500,27.5,0.33333333330000003,525,0.13686055600000002,-0.5285213763000001,3.1305626659,0.3270475577,1.7682114583,-1.5510620328,0.0026369909999999996,0.0228800049,0.049978515599999995,6.4,3.1785714286,3.7666666667000004,2.0,2.75,2.8,2.5714285714000003,33,3.2192660629,0.2603643871,1.5324856269,1.0,0.0,5.833333333300001,0.2916666667,3,-0.008333333299999999,-0.8333333333,8.2083333333,0.3274193548,2.0,-0.0106728111,-1.3824884793,1.0,1.0909090909,-0.17252995940000002,0.8897546675,8.7,7.7,2.1526701916,0.3709328157,2.1180266669,-0.0694891883,0.19444444440000003,2.1666666667,2.8333333332999997,1.8333333333,3.1666666667000003,3.6666666667,3.6666666667,4.0,3.5,3.6666666667,2.3333333333,3.1666666667000003,2.1666666667,2.8333333332999997,4.0,5.833333333300001,-1.7516058294,-0.6943980464,0.0,5.320134937200001,2.9647999636,0.1313120183,2.2731757996,16.6666666667,33.3333333333,59.2592592593,5.0,5.25,2.875,4.0,2.5,2.8571428571,2.375,43,-1.0705413209999999,3.8243251091,17,118.0,5,1.125,1.6666666666999999,0.5717409134,0.0015325677,0.9128585815000001,0.0016438829,0.6944444444,0.06403124240000001,0.06403124240000001,0.158113883,2,-0.9124641873,1.8114381416,0.41184396590000005,2.0018386873,-0.47079602,3.8,353.5,2.3606334755,0.3028268659,1.2798139025,-4.5,12.5,42,-2.3446441868,2.5512773853,0.5168936179,17,1.8875831957,0.3829331302,2.3874131652,-0.0094145956,0.4166666667,0.0,0.0833333333,0.33333333330000003,98.0,0.6000000000000001,0.5,0.6000000000000001,0.5,2.2993527927,0.42431997880000005,2.0019728311000002,-1.3202662983,0.5112219451,0.07186329670000001,3.283592633,0.27432845980000004,1.019128252,-0.1356061135,318.5,6.3,6.1,415.6666666667,2.1777853667,0.3331529193,1.0914091483,253.1666666667,289.5,1.5307045484,0.3410001342,1.0976992258,36.3333333333,1.2205666470999998,2.5525267459,0.3237856998,2.082476699,-0.3053698822,5.0,5.0,5.0,2.0,7.0,43,0.1713053371,-0.10484436289999999,1.2858978045,0.32597558460000003,1.3768902697999998,-0.6516160360000001,-0.8106771262000001,4.0,2.0,2.7777777778,3.2,1972.2407407407002,-3,9,5371.3333333333,-0.1334432053,0.273293335,2.8,1.8181818182,2.8333333332999997,2.0714285714,2.8333333332999997,0.1401869658,0.3605328075
s220,0.7214509621999999,0.1151433616,1.3851287268,1.35,24.0,0.30000000000000004,473,14.565217391300001,0.23333333329999997,318,-0.07449461040000001,-1.4961467681,3.3663379413,0.44785961799999996,1.9069075473,0.006293992700000001,0.0001061895,0.0140145264,0.2098779297,4.3333333333,4.1785714286,2.9,3.0,3.25,3.8,2.4285714286,48,3.3082060961,0.33040820649999997,1.6163218066999998,0.0,0.8333333333,9.5416666667,0.0291666667,1,-0.0015,-2.875,15.041666666700001,0.0735714286,2.0,0.005457142900000001,-4.5642857143,1.1666666667,2.0,-0.0199143212,0.5108072078,8.8,9.2,1.8456621415,0.4533334655,1.4751252866999998,-1.0065344381,0.0,1.8333333333,3.8333333332999997,2.0,2.0,4.5,4.1666666667,4.0,4.8333333333,5.666666666699999,3.0,1.6666666666999999,4.0,3.0,1.8333333333,5.833333333300001,-1.8237571581,-2.3092233161,-0.9927888592,3.3345572188,2.7759366039,0.2827961016,1.4547369577,66.6666666667,77.7777777778,66.6666666667,4.1666666667,2.0,4.25,4.0,3.75,3.1428571429,4.625,54,-0.8075379761,4.3503317988,37,162.0,8,1.25,1.5333333333,0.8747362137000001,0.001286605,0.9548828125,0.0012882146,0.4722222222,0.0256124969,0.06403124240000001,0.25,3,-0.7514690329000001,1.2205590814,0.18103715609999999,2.6611489146,-0.1758823145,5.4,544.0,3.0023456944999998,0.3561524327,1.508609125,32.0,40.0,42,8.414303298,-6.6411197439,0.5216269094,7,1.5181722954,0.5207690916000001,1.9096092211,-0.6931440034,0.75,0.8333333333,0.6666666667000001,,138.0,0.7000000000000001,0.6000000000000001,0.8,0.8,3.543322713,0.38247104340000004,2.1371642809,-1.1218321232,0.36432160799999996,0.045934112400000005,4.181400608500001,0.2891128911,1.6257032966,-1.5139413578999998,344.0,4.5,4.4,247.0,4.6990426295,0.2823905753,3.0422988968,301.4166666667,297.3333333333,3.0560804087999998,0.34794803090000004,1.8211837273,-4.0833333333,1.4832234432,2.2352025391,0.41645965409999997,1.6930634538999998,-1.8062330532,6.0,6.5,5.5,7.0,7.0,35,-0.6585355679,-1.4265346903,2.0578461250999998,0.3690246061,1.6528963539,0.29835335090000004,1.3190040621,4.0,4.0,2.6666666667000003,3.8,2672.1574074074,4,8,4383.9166666667,-1.4827486789,2.8838143574,1.2,2.2727272727,2.0833333333,2.0714285714,2.75,0.8108728075,0.48940197939999996
s221,1.0969502387,0.1783604625,1.4352023743,1.95,35.5555555556,0.4,590,31.1111111111,0.4,530,-0.1532410524,-0.8687783967,3.4689820647000005,0.2951996702,2.1149430129,-1.8468469553,0.0011551747,0.0011067924,0.0190419922,3.4,2.6428571429,2.6,2.25,1.75,3.8,3.4285714286,61,5.0349930314,0.3275317868,2.0528367043999998,0.8333333333,0.1666666667,15.166666666700001,0.0666666667,2,-0.01,-3.75,16.3333333333,0.1718309859,2.0,-0.0024788732,-2.2816901408000003,1.0,1.3636363636000002,0.18616376420000003,0.8253100120000001,9.6,9.5,3.2038341656,0.4747584712,2.3558925932,-0.4633315923,0.75,1.5,4.0,1.1666666667,2.3333333333,4.1666666667,5.1666666667,4.8333333333,6.166666666699999,5.0,2.1666666667,1.0,4.0,2.8333333332999997,1.5,6.0,-2.6989183018,0.1267708497,0.0,5.320134937200001,5.0161764959,0.1270103088,3.2968910392,94.4444444444,22.2222222222,33.3333333333,2.3333333333,3.0,5.0,5.0,5.0,4.5714285714,4.5,55,-1.0705413209999999,3.8243251091,34,151.0,6,1.0,1.2,0.7308265686000001,0.0015809201999999998,0.9,0.0019542754,0.75,0.0015811388,0.0015811388,0.0038729833,2,-0.6886983368999999,2.3778184758000003,0.4460396290000001,1.9260887893,-0.08521424670000001,5.2666666667,266.1666666667,3.6392160082,0.2534111325,2.3601422618,-17.5,105.5,46,-4.0948712539,6.821516525,0.4559782384,15,1.9044475166,0.5051017592,1.7613312013999998,-0.6559202157999999,0.75,0.33333333330000003,,0.9166666667,147.0,0.2,0.1,0.4,0.4,4.2398474126,0.4356753274,2.6106326984,-1.7979562855000002,0.4682926829,0.0296015739,4.0769525737,0.2838522446,1.4349225285,-0.4386428742,258.5,5.9,5.0,223.6666666667,4.3149333667,0.2200129091,2.8915024857,245.0,267.0,5.2695174421,0.25131217770000003,3.4534772302,22.0,57.7579831933,3.7661132544,0.2736837823,2.4919658231999997,-0.5199788757,6.5,6.5,7.0,3.0,6.5,46,0.200891888,-0.0789412433,2.5606949838,0.2887296401,1.9082895355,-0.5363188605,0.1203128368,2.8,4.0,1.2222222222,2.2666666667,1869.6435185185,6,7,3832.4545454545,0.08978410349999999,0.6993777303000001,1.0,1.1818181818,1.0833333333,1.0,1.9166666666999999,0.8303195955,0.169816071
s222,1.5734388713,0.380966711,1.8686402437,3.15,51.7777777778,0.4,883,40.3888888889,0.4,687,-0.9651498296,-1.2866398728,2.9719955514999996,0.373590835,1.2016893931,-1.6725919046000002,3.39167e-05,0.0017330932999999999,0.0039443359,4.6666666667,5.0357142857,4.3333333333,2.25,1.75,3.0,2.7142857143,33,5.3031182358999995,0.2447092421,1.4692700122,1.0,0.0,9.0,0.2166666667,3,-0.012666666699999999,-2.75,12.291666666700001,0.2289156627,3.0,-0.0108568511,-3.0084745763,1.0833333333,1.4545454544999998,0.1018056282,1.0681790731999998,8.3,8.1,2.0701133919,0.5068361316000001,1.9047716903,-0.7910528306,0.75,2.6666666667000003,3.0,1.3333333333,4.3333333333,4.6666666667,4.0,5.0,4.0,2.1666666667,1.8333333333,1.5,2.1666666667,3.1666666667000003,3.1666666667000003,7.0,-4.8735937892,0.8891865094,0.0,5.320134937200001,3.7436168632,0.16458693970000002,1.8963090809,16.6666666667,100.0,70.3703703704,5.833333333300001,3.0,3.375,4.0,4.375,3.4285714286,3.375,51,-1.3273158840000001,3.310775983,17,277.0,9,1.125,1.2,0.5,,1.0,0.0019204505,0.6388888889000001,0.0015811388,0.0038729833,0.0038729833,3,-0.6413530057,1.9139873818,0.3929518864,1.8273110958,-0.5820231719,4.0666666667,362.5,3.0806693899,0.3126040174,1.4962163778,4.5,130.0,42,-3.2083099811,16.4841353944,0.3347694933,17,1.8243951388,0.5420580907,2.2162441156,-0.7523880425,0.25,0.4166666667,0.75,0.5,107.0,0.2,0.2,0.9,0.2,3.4438793737999998,0.45238011359999997,1.4457812465,-2.1939905349,0.5344827585999999,0.07124994450000001,4.2261201836,0.2477162587,1.1358748227,-1.4036067608000002,288.5,7.6,5.6,271.0,3.9063398036000003,0.4362480403,1.7085421228,248.8333333333,260.3333333333,3.4685032899,0.34163293850000004,1.3156477526,11.5,-24.765795426,2.677499895,0.3611483474,1.8070144961,-1.0286873779,2.5,5.5,6.5,5.5,5.0,27,-0.6708070035,-0.7487150571000001,2.0736928663,0.3393180951,1.8292033706,0.6071939668999999,0.5385479925000001,3.7,4.2222222222,3.1111111111,2.6666666667000003,1516.8560606060998,7,9,2470.0,2.2522452913,-0.7683706018,2.4,1.8181818182,2.4166666667,1.8571428571000002,1.6666666666999999,0.1885790917,0.18014955579999997
s223,0.641765798,0.26380776219999996,1.0192346252,1.4,40.4210526316,0.3666666667,719,39.9285714286,0.5333333333,518,-0.33940288020000003,-1.2218988229,3.9095036575,0.4044623984,2.5007896248,-1.7775439769999999,0.0005635988000000001,0.0059208679000000005,0.0409521484,2.7333333332999996,2.6785714286,2.4,3.5,2.5,3.8,2.4285714286,63,5.0095797607999994,0.35546197939999996,1.1353772573,0.6666666667000001,0.1666666667,3.5,0.0416666667,2,-0.0096666667,0.1666666667,13.291666666700001,0.1569073456,0.0,-0.0070375626,-0.9707846411,1.0,1.9090909091,0.7041841981999999,0.4267180926,8.6,5.3,2.7713001383,0.4737450277,1.3038236773,-0.6120921212,0.1388888889,1.8333333333,4.5,1.0,2.3333333333,4.1666666667,5.3333333333,4.8333333333,5.1666666667,5.1666666667,3.1666666667000003,1.3333333333,2.8333333332999997,1.6666666666999999,3.3333333332999997,5.5,-0.7141896567,-6.4408489324,-1.9038730819,0.7395050750000001,2.4787837759,0.33478268250000004,0.8466263975,94.4444444444,33.3333333333,14.8148148148,5.833333333300001,5.5,4.625,3.875,3.875,3.0,3.125,44,-0.5402436899,4.8849203713,31,206.0,6,1.0,1.6,0.6007091522,0.0011111411,0.9984375,0.0016663034,0.6111111111,0.009797959,0.0256124969,0.06403124240000001,4,-1.3831544046000002,1.3996249090000001,0.4734899828,1.612750762,-0.3101407771,5.1333333332999995,296.1666666667,3.6197609741,0.4156907050000001,1.3647741661,21.0,34.0,47,29.4135983478,-23.3751679631,0.3324182862,8,1.5561294959,0.44140210869999996,1.499577818,-0.6929916319,0.5833333333,1.0,0.9166666667,0.9166666667,142.0,0.30000000000000004,0.2,0.4,0.8,3.5452921741,0.5174714534,1.1267009011,-2.9721099008999996,0.3645320197,0.07029083900000001,4.4113275653,0.34015120179999997,1.4665938369,-2.2606078773,307.0,4.8,5.2,383.5,5.1127370135,0.363538894,1.9073133719,307.1666666667,289.3333333333,5.1012772025,0.35615460409999994,2.3491469703,-17.8333333333,65.1545327755,1.8505923123,0.3731402281,1.7334110406999998,-1.0408438262000002,6.0,7.0,7.0,2.5,6.0,30,-0.8697940762,-0.4523068829,1.9882874516999998,0.38636635259999996,1.3079013513,1.4507567651,0.4966783685,2.6,3.4444444444,1.3333333333,2.2666666667,2925.3645833333003,4,7,4356.9166666667,-21.8623007798,22.198773016399997,1.2,1.1818181818,1.1666666667,1.0,3.0,0.8562787947,0.4679030338
s224,1.0072745924,0.0794293157,1.6730650957000002,1.65,25.15,0.33333333330000003,477,21.3913043478,0.23333333329999997,470,-1.1286667098999998,-0.969713509,2.9076736088,0.34986218820000003,1.5004377025,-0.8597859337999999,2.26777e-05,0.00010329959999999999,0.0008972167999999999,5.2666666667,3.75,3.7,3.5,3.5,3.4,2.5714285714000003,41,3.7410431545,0.2273490539,1.5498973561000002,1.0,0.0,14.916666666700001,0.6833333333,3,-0.0363333333,-6.833333333300001,3.625,0.12905965619999998,1.0,-0.0086734075,-1.3609706775,1.4166666666999999,1.7272727273,-0.0924915165,0.48493709590000006,8.4,7.4,1.951938147,0.35051125990000004,1.8929844858000002,-0.8172890194,0.9722222222,4.0,3.3333333332999997,1.8333333333,3.8333333332999997,4.3333333333,2.8333333332999997,4.3333333333,5.0,3.8333333332999997,3.5,3.3333333332999997,3.0,2.3333333333,5.0,5.3333333333,-2.3786656019,-2.1056733071,-0.4887041709,1.8388629404,1.7556724518,0.17592354000000002,1.2886265126,61.111111111099994,88.8888888889,74.0740740741,4.0,4.25,3.625,3.125,2.75,3.2857142857,2.25,56,-1.1195720593,3.7262636324,25,195.0,10,1.4375,1.9333333333000002,0.7910178185000001,0.0016164228,1.0,0.0028524425,0.5833333333,0.0002011893,0.0002011893,0.0006324555,6,-0.5810288187,1.5514166999,0.374298543,1.9720851256,-0.1922231924,4.0,228.3333333333,2.5895808985,0.3370462346,1.3165794568,-52.5,2.5,47,16.148602338499998,-4.4686596451,0.4114067512,12,2.0143093572,0.5187256468,1.989447625,-0.45722372899999997,0.4166666667,0.75,0.4166666667,0.6666666667000001,117.0,0.4,0.5,0.4,1.0,2.5764799536000003,0.1018170434,3.1754926131,-0.9951676206,0.43520782399999997,0.0358353342,2.1298589191,0.2419585772,1.1801785369,-0.6167840629,309.5,6.6,6.6,288.6666666667,2.508802986,0.3318086112,1.2868055605,219.8333333333,280.5,1.8812720475,0.3072221171,1.1083361701,60.6666666667,87.5750046703,1.8921373732,0.33002439580000004,1.5737546907,-0.4750407774,5.5,6.0,5.5,3.0,5.0,43,-0.141261554,0.2783691997,1.5229989763999998,0.3024338244,1.5527037454,-0.0070834364,-0.3896722447,3.5,3.4444444444,2.1111111111,2.9333333333,2169.85,14,6,5048.8333333333,1.6017736739,-0.022472855899999998,1.8,2.0,2.4166666667,1.7857142857,3.5833333332999997,0.8690343142,0.5430460545
s225,1.3973658706,0.2387718102,1.5538628325,2.95,15.0,0.2,345,11.458333333299999,0.2,262,-0.33820695170000004,-0.6607811199,5.248933485,0.2991903883,3.2824065051,-0.8181699420999999,0.0005269787999999999,0.007068054200000001,0.0061640625,2.3333333333,2.9285714286,2.7666666667000004,1.75,2.0,2.4,2.5714285714000003,63,4.2579167126,0.274864816,2.4521196115,1.0,0.0,11.041666666700001,-0.0625,1,-0.0008333333,-1.0416666667,12.833333333299999,0.023877805499999998,1.0,-0.0018894431,-4.0556940981,1.0833333333,1.7272727273,0.1436248649,1.0159954671,9.3,7.5,1.9216520788,0.3710068504,2.3781789942,-1.0194248325,0.4166666667,1.6666666666999999,2.0,1.3333333333,3.5,5.5,5.0,6.0,5.833333333300001,4.3333333333,1.8333333333,1.8333333333,1.6666666666999999,2.1666666667,3.3333333332999997,6.166666666699999,-2.2302974358000003,-0.8358720681,-0.3719338943,3.8121088774,2.6340470139,0.2020594098,2.1443466235,55.5555555556,22.2222222222,14.8148148148,7.0,3.25,4.875,4.75,4.875,3.5714285714000003,2.875,50,-0.7017421781000001,4.5619233948,38,179.0,5,1.0625,1.5333333333,0.8070728302,0.0021437819000000003,1.0,0.0030486455999999998,0.75,0.009797959,0.009797959,0.009797959,4,-0.40015702799999997,1.5621843101,0.4463194321,2.1967638072,-0.6716678212999999,5.533333333300001,,,,,,,47,,,0.6490458743,18,1.1722915795,0.4929593001,1.9257234837,-0.75582218,0.9166666667,0.5833333333,0.8333333333,1.0,145.0,0.1,0.0,0.30000000000000004,0.5,2.9990678668,0.3740263658,2.6439627706,-2.4317949711,0.4523227384,0.0836355439,4.1432598807,0.2535180888,1.2213039477,-2.0274444245,252.5,7.5,8.2,513.8333333333001,3.4141134963999997,0.34809819750000004,1.8371053853,267.4166666667,202.3333333333,4.1030505112,0.2922478913,1.5191169759,-65.0833333333,-23.762101331799997,2.8363523252999996,0.3064487473,2.585685726,-0.9353289070999999,6.5,7.0,6.5,5.5,4.5,22,-0.5679651667,-0.1673667479,2.0143414083,0.30751064629999997,2.2544524264,-0.18842741920000003,-0.4594655052,1.1,4.2222222222,1.0,2.1333333333,4261.6666666667,-2,3,5217.5416666667,24.8069606821,-22.9270085009,1.1,1.2727272726999999,1.1666666667,1.0,2.1666666667,0.8620988287000001,0.2814449421
s227,1.146232874,0.333671449,1.7117158671,3.6,38.3181818182,0.2666666667,803,18.571428571400002,0.30000000000000004,370,-0.28686700190000003,-0.8897115909000001,2.4683606175999997,0.3909194434,1.1622875073,-0.41898083090000005,4.3253e-05,0.0001755419,0.0005146484000000001,3.0666666667,2.9642857143,2.7,3.0,2.5,4.0,2.4285714286,59,3.0618497794999997,0.2476040731,1.2074724711,1.0,0.0,18.4166666667,0.33333333330000003,3,-0.0183333333,-3.0,23.75,-0.040398292999999995,1.0,-0.005467994300000001,-3.5975411501999996,1.0,1.5454545455000002,0.0254946708,0.6609605016,7.9,6.3,2.5477060181,0.4339894814,1.8353395762,0.2079702732,0.9722222222,2.8333333332999997,2.6666666667000003,1.8333333333,3.3333333332999997,3.5,6.0,4.5,4.5,3.3333333332999997,2.6666666667000003,1.1666666667,2.3333333333,1.3333333333,3.0,4.0,-1.516150334,0.32611014790000004,-0.5629734621,4.194188013,3.0686125695,0.19274105170000003,1.4453618161,44.4444444444,22.2222222222,37.037037037,5.833333333300001,2.75,4.25,4.125,3.875,3.5714285714000003,3.75,55,-1.3273158840000001,3.310775983,30,180.0,4,1.0625,1.4,0.9576660156,0.001450272,0.9719482422,0.0015691382000000002,0.6388888889000001,0.0002011893,0.0006324555,0.0006324555,3,-0.9171636245,1.5742922872999998,0.3667941395,1.5354060347999998,-0.5420960971000001,4.0666666667,316.0,2.6083638922,0.2721534937,1.3796586182,64.0,41.5,43,8.6842389325,-1.2713263553,0.49081835079999997,18,1.9431890128,0.5293864648000001,1.7815014314000002,-0.2874750423,0.75,0.5833333333,0.9166666667,0.9166666667,144.0,0.2,0.1,0.4,0.6000000000000001,2.9293660876,0.4259294992,1.4832709196,-1.9172903127,0.4471744472,0.048199632000000006,2.6595513389,0.29097927360000003,1.1136789091,-0.8393351911,343.0,6.7,6.0,341.6666666667,2.9292628904000004,0.3355670105,1.117917258,258.5,263.0,1.8869824447,0.3281416997,1.1098352356,4.5,28.1416666667,2.2647558733,0.2824271929,1.268399947,-0.2886879852,6.0,6.5,7.0,4.0,4.0,22,-0.1398166249,-1.0229143791,1.6555073375999998,0.324243202,1.2763873986,-0.6436967261000001,0.6073138178999999,1.8,5.0,1.3333333333,2.4,1804.6104978355,14,7,2072.4166666667,-0.1295848397,0.5771482667,1.4,1.3636363636000002,1.6666666666999999,1.2142857143,2.5833333333,0.8259281668,0.5182817452
s229,0.7418696379,0.0683819765,1.1599086518000001,1.15,24.9583333333,0.2,577,9.72,0.1666666667,226,0.4775085942,-0.8312861192000001,2.5483591751,0.35373647210000003,1.7811870917,-1.1349205344,0.0007350957000000001,0.019241272,0.0149736328,3.4,3.8571428571,3.6666666667,3.0,3.0,3.4,3.1428571429,49,1.9855279508,0.2809615098,1.2539700819,0.33333333330000003,0.33333333330000003,5.666666666699999,-0.0166666667,2,-0.0046666667000000005,-2.0833333333,5.541666666699999,0.0081792319,1.0,-0.00017557410000000002,-0.9651493599,1.0833333333,1.3636363636000002,0.06152089080000001,0.4819072999,11.5,11.5,1.8077321111000002,0.5855530965,1.6547381961,-0.5802193232,0.0833333333,3.0,3.3333333332999997,2.3333333333,3.3333333332999997,3.6666666667,4.0,4.0,4.5,3.6666666667,3.6666666667,2.8333333332999997,3.8333333332999997,2.1666666667,4.1666666667,3.3333333332999997,-2.4160968181,-3.4638425245,-1.6943799748,1.1672167164,1.1863674403,0.07967652509999999,1.4503860056,61.111111111099994,0.0,40.740740740700005,5.666666666699999,3.5,3.875,4.0,3.125,3.1428571429,3.875,48,-1.3273158840000001,3.310775983,31,114.0,10,1.1875,1.8,0.8921310425000001,0.0015413437000000002,0.9295211792,0.0013959683,0.4166666667,0.06403124240000001,0.06403124240000001,0.06403124240000001,4,-0.9766295798000001,1.59099004,0.34747673370000004,1.8036036693,0.0149343953,5.0,,,,,,,43,,,0.4268131161,8,,,,,0.6666666667000001,0.8333333333,0.6666666667000001,1.0,115.0,0.4,0.6000000000000001,0.7000000000000001,0.6000000000000001,2.1983711841,0.4089281326,1.6633545704,-0.9394573662,0.3960880196,0.0344081379,4.4545830782,0.27344393559999997,1.1858126681999999,-1.165323837,294.0,4.6,4.6,,,,,,,,,,,,2.6553886744999997,0.3281279312,1.6691100587999999,-1.7313975031000002,6.0,6.0,6.0,5.5,6.0,45,-0.4999541295,0.12874853690000002,1.3827188156,0.1236992602,1.9920770353,-0.08162503809999999,-0.25729624440000004,3.1,4.2222222222,2.8888888889,3.8666666667,2885.4583333333003,2,5,8058.583333333299,-0.7901157270999999,1.6802069833000002,1.8,2.0,2.3333333333,2.7857142857,2.9166666667000003,0.13964860369999998,0.3299260385
s230,1.1352570692,0.0433213176,2.3790656306,2.4,24.347826086999998,0.23333333329999997,535,17.8260869565,0.23333333329999997,390,0.1257581347,-0.7319868650000001,3.8064271358,0.3727278432,1.9037335859,-1.273627442,0.0005160178000000001,0.0010027083999999999,0.0090107422,3.4,2.5357142857,2.3666666667,4.0,3.25,3.8,1.7142857143,46,2.9305363770999997,0.3146653378,1.4127594856,0.6666666667000001,0.33333333330000003,7.958333333300001,0.0125,1,-0.0018333332999999998,-2.375,7.75,-0.0180654339,1.0,-0.0002731152,-2.5962202804,1.0,1.9090909091,-0.31290942180000003,0.8887990295,7.7,7.1,2.7244965325,0.41717848469999996,1.8826900589,-0.1238761098,0.8333333333,2.6666666667000003,3.1666666667000003,1.5,3.8333333332999997,3.3333333332999997,4.3333333333,6.0,6.333333333300001,5.5,2.5,3.0,3.8333333332999997,3.3333333332999997,3.6666666667,6.333333333300001,-3.2621613013,-2.4113738986,0.0,5.320134937200001,3.0099111563,0.3077702321,1.7430278419,38.8888888889,66.6666666667,59.2592592593,6.333333333300001,3.5,4.5,4.0,3.625,4.0,4.25,46,-1.0705413209999999,3.8243251091,38,194.0,7,1.0,1.5333333333,0.7574588776000001,0.0013899041,0.9703125,0.0010911555,0.6111111111,0.0015811388,0.0015811388,0.0015811388,6,-0.2026475602,1.7051554930000001,0.4313124958,1.966588073,-0.31934136360000004,4.1333333332999995,334.3333333333,2.7342807955,0.3651025658,1.3088490735,5.0,102.0,46,-7.3720407065,13.579029327699999,0.5644717782,13,2.2021872913,0.4902986602,1.7043474628,-0.4131198236,0.8333333333,0.33333333330000003,0.9166666667,1.0,143.0,0.7000000000000001,1.0,1.0,0.5,3.1437790758,0.4407423948,1.3868715938,-1.5535635328,0.47407407409999996,0.0728045216,3.0530277325,0.3248429091,1.1974893158,-0.8794997270999999,344.0,4.9,3.9,280.8333333333,3.5622807647,0.37694669020000005,1.7891420753999998,254.0,277.6666666667,3.4954436072000004,0.3457794151,1.5108063669999998,23.6666666667,21.3791629826,2.6331596028999997,0.3712653065,1.7273146072,-1.4444116108,4.0,7.0,7.0,7.0,7.0,40,-0.4887927037,0.211092306,1.6812858858000002,0.3918267533,1.4175147121,0.28221561219999997,-0.0296735299,3.1,4.2222222222,1.2222222222,3.3333333332999997,2343.58,9,7,3524.8333333333003,0.4352793708,0.3930425881,1.0,1.4545454544999998,2.0,1.1428571429,3.5,0.3179264059,0.19936648
s231,1.0003318964,0.1333462553,1.6770035634,1.9,53.4375,0.4666666667,800,50.0,0.6666666667000001,455,-0.7876835087,-0.5585490541,3.081190416,0.34020226189999997,1.8720547313999998,-0.8013459292,2.26777e-05,0.0043063965,0.0207988281,3.6,3.6071428571,4.5666666667,2.75,2.5,2.8,3.4285714286,44,4.0389620617,0.2967385916,1.3927655334,0.6666666667000001,0.33333333330000003,3.5416666667000003,0.1791666667,2,-0.0038333333,-1.4583333333,16.1666666667,0.2978766431,2.0,-0.013915065700000001,-1.7027300303,1.1666666667,1.2727272726999999,-0.011119559,0.4012545144,5.7,5.0,1.3674454765000001,0.3960266583,1.7752491237,-1.2728385987000002,0.8333333333,2.1666666667,3.1666666667000003,1.3333333333,1.8333333333,2.6666666667000003,5.3333333333,5.3333333333,6.0,5.5,4.8333333333,1.6666666666999999,2.8333333332999997,1.8333333333,1.6666666666999999,4.3333333333,-2.2374691839,-1.8188502001,-0.2674148576,2.8355284759,2.3298289977,0.26896504200000004,1.28913754,44.4444444444,0.0,25.925925925900003,4.3333333333,2.25,3.625,4.375,3.25,2.8571428571,3.0,44,-0.7017421781000001,4.5619233948,21,145.0,6,1.0625,1.1333333333,0.7667724609000001,0.0007870502,0.8359786987000001,0.0012045314,0.4722222222,0.009797959,0.009797959,0.0256124969,1,-0.7078724569,0.9011373223,0.034233099100000004,2.3210600163999997,-0.4703484965,4.6666666667,,,,,,,47,,,0.598925202,17,1.4687057868,0.3649935046,1.9253525652,-0.1569002428,0.9166666667,0.8333333333,0.8333333333,0.8333333333,117.0,0.1,0.1,0.30000000000000004,0.0,3.0151457589999997,0.44038407380000005,1.6233847066,-2.0365458129,0.5246305419,0.0653957283,3.6616672897000004,0.2865675916,1.1048559440999999,-0.831337395,322.0,4.9,4.6,,,,,,,,,,,,2.9018108613,0.3209853213,2.6384037455000002,-0.6457844583,5.0,4.0,3.5,2.5,5.5,49,0.0982907394,0.1173629107,0.7995345153000001,0.180496952,1.9914240243,-0.720430969,-0.6052178826,3.0,4.0,2.5555555556,2.7333333332999996,2250.6380952381,10,8,3605.5833333333003,0.9408239184,-0.2476767378,1.7000000000000002,1.7272727273,2.25,1.0714285714,1.4166666666999999,0.8345521551,0.3911848348
s232,0.7755460868,0.0183258103,1.9239082248,1.4,37.3913043478,0.23333333329999997,820,10.652173913,0.23333333329999997,235,-0.41135434159999995,-0.9857774313,2.1979811088999996,0.3890889149,1.6656804183,-1.0714182689,0.0001671236,0.001809967,0.00759375,2.6666666667000003,2.7142857143,2.2,3.75,2.75,3.6,2.2857142857,52,2.4278479787,0.150772357,2.1451291555000003,1.0,0.0,7.5,1.110223025e-16,1,-0.01,0.0,16.9166666667,0.15170879680000002,1.0,0.0006430737999999999,-3.2633973711,1.0,2.0,0.2292360401,0.6756860672,5.7,5.2,1.4051431945,0.5440136404,1.9765894772,-0.37185359409999996,0.4722222222,2.0,2.8333333332999997,1.1666666667,3.0,3.5,4.0,6.166666666699999,5.5,4.0,3.1666666667000003,2.5,2.3333333333,2.5,4.0,5.3333333333,-1.0455293079999999,-2.4048371271,-1.2939225801,1.9505664322999998,1.8103924016,0.27237488120000003,1.1806442668000001,72.2222222222,44.4444444444,37.037037037,7.0,7.0,3.75,3.875,2.625,4.0,3.875,51,-1.4184071275,2.6215454703,40,219.0,4,1.0,1.7333333333,0.7256418228,0.0019058214,0.6530343056,0.0018882251,0.6111111111,0.0015811388,0.003935979300000001,0.009797959,3,-0.6879704209,1.33434981,0.3964506698,2.1915957518,-0.17201543400000002,3.9333333333,267.8333333333,2.2110539977,0.31899088340000004,0.9657495767,-2.5,25.0,47,,,0.5842465817,13,1.376025686,0.5871842829,1.9457277597999998,-0.3855669782,0.4166666667,0.5,0.5833333333,0.75,147.0,0.2,0.6000000000000001,0.6000000000000001,0.6000000000000001,2.0465322061,0.4446045908,1.5950658581000001,-0.9613650654000001,0.30174563590000003,-0.0122149897,2.0478011396999998,0.2627948439,1.6008417961,-1.149916909,411.5,7.0,5.9,379.6666666667,3.1183830161,0.333045411,1.6750662309000002,281.5,327.1666666667,2.3318852211000003,0.31151348510000004,1.3151740938,45.6666666667,44.990891456499995,2.3077462831,0.35396473149999996,1.8139603133000002,-0.3802531132,6.0,6.5,7.0,3.5,4.0,39,-1.075712575,-0.015558969399999999,1.247020669,0.3793218437,1.5184764981,1.0060138417,0.3938014612,2.7,3.6666666667,1.8888888889,2.4666666666999997,1472.3848484848002,-2,9,4134.1818181818,,,1.0,1.0909090909,1.0,1.3571428571000002,3.4166666667000003,0.2221015243,0.35611578270000005
s234,0.5528990885,0.11861216880000001,1.5047402337,1.1,20.7272727273,0.2666666667,435,15.9411764706,0.43333333329999996,255,-1.0138164714,-1.4845951396,2.5815061156,0.3739487847,1.6899616756,-0.28865340570000003,0.00020720139999999998,0.0035720367,0.00010772709999999999,4.6,4.9285714286,5.666666666699999,3.5,3.25,3.6,3.1428571429,29,2.8134438793000003,0.217274023,1.7835902492,0.0,0.5,12.791666666700001,0.12916666670000002,1,-0.0048333333,-5.625,21.5416666667,0.403817734,2.0,-0.0032955665000000004,-4.4468390805,1.5,1.4545454544999998,-0.0249611237,0.4969446533,6.7,4.6,0.7360449862,0.5035049145,1.5202020979,-1.4392640407,0.19444444440000003,3.3333333332999997,1.1666666667,1.6666666666999999,1.1666666667,4.0,3.8333333332999997,6.666666666699999,4.5,5.0,3.3333333332999997,4.0,1.3333333333,3.8333333332999997,2.1666666667,3.8333333332999997,-1.2587143806,-0.1295775916,-0.2130060317,2.7267108241000004,1.6965874234,0.20449634809999997,1.7639537074,5.5555555556,100.0,85.1851851852,6.333333333300001,3.75,3.75,4.5,2.75,4.2857142857,2.0,50,-0.6651343888,2.8173882914,18,102.0,5,1.4375,1.2,0.7980497360000001,0.0007323075,0.9696716309,0.0011497106,0.5,0.009797959,0.009797959,0.06403124240000001,2,-1.2930650819,1.4240810738,0.31895677370000003,1.11335264,-0.0003722332,2.8,507.6666666667,1.2629448265,0.2218884007,1.5460120974,133.5,33.0,34,-5.2696385243,5.3872836941,0.6891750918999999,7,1.1302621526,0.5336249318,1.7813391825,-0.7331848503,0.8333333333,0.8333333333,0.4166666667,0.75,89.0,0.1,0.5,0.30000000000000004,0.2,1.7095143335,0.4038488979,1.6295469549000001,-1.3087722875,0.35162094759999996,0.048117161000000006,0.8943346998,0.2340804447,1.5612815062999998,-0.9393638268,307.0,5.4,5.2,337.0,1.6147749092,0.29284823990000003,1.4223172469999998,281.1666666667,307.3333333333,1.3298643247,0.06226312260000001,2.0114115465999998,26.1666666667,-33.1246804265,0.9965353884,0.3108364402,1.5613419336,-1.6195239648,6.0,3.5,3.0,7.0,3.0,51,-0.01429932,0.0503910167,0.34046303079999996,0.0483504686,1.9182173773,-0.2374167644,-0.4769963839,3.0,4.7777777778,2.7777777778,3.9333333333,3662.6683333333003,7,5,2808.8333333333003,-0.1080957421,0.4476978717,1.8,2.3636363636,3.0833333332999997,3.0,2.4166666667,0.8464505183000001,0.20392960850000003
s235,0.9308589956,0.1106274167,1.8080961578,2.1,20.0833333333,0.2,465,18.2272727273,0.2666666667,388,-0.1023237212,-0.6568846552000001,3.5279253406,0.3842066525,1.8654278689,-0.5499747773,0.000365199,0.0114435425,0.6585859375,3.2666666667000004,2.8214285714000003,3.4333333333,2.75,1.75,3.0,3.7142857143,56,2.5771374087,0.2564377466,1.623083986,0.8333333333,0.1666666667,8.75,0.0833333333,0,-0.0016666667,-0.8333333333,15.041666666700001,0.04651493599999999,0.0,0.00046128839999999994,-0.9182076814,1.0,1.0909090909,0.20899331989999997,0.6121539628,7.0,5.1,,,,,0.25,2.5,3.3333333332999997,2.1666666667,2.5,4.0,5.1666666667,5.0,4.1666666667,4.0,3.3333333332999997,2.8333333332999997,2.5,2.6666666667000003,2.6666666667000003,4.1666666667,-0.6110569101000001,-0.8388083493999999,0.14960993150000002,2.7690212256,1.8873070831999998,0.18384188559999998,2.0007618841,72.2222222222,22.2222222222,25.925925925900003,4.8333333333,2.0,4.625,4.0,3.625,3.0,4.0,46,-0.4428242374,3.0207895225,32,121.0,7,1.0,1.0,0.7689060211000001,0.0016758428,0.8187515259,0.0017989563,0.5277777778,0.0250474647,0.0256124969,0.06403124240000001,3,-0.9104078645999999,1.0609300470999998,0.4864565792,1.8794335826,-0.2534166202,4.2666666667,403.3333333333,2.4942884445,0.3403033756,1.6660349906,34.5,24.0,46,-12.743716448199999,17.1731367543,0.5345520152000001,11,0.7918859565,0.2961228239,1.9553360744,-0.28245138129999997,0.9166666667,0.6666666667000001,0.9166666667,0.75,123.5,,0.1,0.6000000000000001,,1.9454426677,0.35016178159999994,2.0165336828,-2.7411697842,0.26954177900000004,0.0441557571,2.1084386201,0.314423887,1.8656287368,0.1054095793,413.5,6.3,5.4,416.6666666667,2.4188520174,0.3502291958,1.7861701374,311.0,379.3333333333,2.3615867733,0.36413483939999997,1.9074553266999998,68.3333333333,95.237590799,1.5979721784,0.4169243581,1.6382673993999999,-0.79778017,4.5,7.0,4.0,1.5,4.0,40,-0.9956831221,0.2414167699,0.8009679387,0.0130717836,2.3386327918000003,0.920561669,-0.4975932254,2.4,4.0,2.3333333333,2.9333333333,1927.1296296296,17,5,3138.5,0.9170451642,0.5679840375999999,1.9,1.7272727273,2.0833333333,1.8571428571000002,1.3333333333,0.8519063385000001,0.1838004686
s236,0.7208020123000001,0.0940794751,1.9542757383000002,1.75,30.9523809524,0.30000000000000004,625,18.75,0.33333333330000003,360,-0.4540218239,-1.1259618267,3.6857880338,0.37278173119999997,2.1859630349,-1.3107383407,0.0009187437,0.0008141632000000001,0.0081435547,2.0,3.2857142857,2.9,2.0,2.25,2.2,1.7142857143,50,1.6390847298,0.2781578091,0.9549614483,0.5,0.33333333330000003,8.25,0.05833333330000001,2,-0.0076666667000000015,-4.3333333333,4.2083333333,0.018794326200000003,2.0,-0.0039148936,-1.7553191489,1.0,1.1818181818,-0.09065951609999999,0.7273830045,8.5,6.1,,,,,0.5,1.0,2.1666666667,1.3333333333,3.3333333332999997,4.8333333333,6.5,5.1666666667,5.3333333333,4.0,2.0,1.1666666667,2.1666666667,2.5,3.3333333332999997,6.166666666699999,-5.011800163399999,-1.1213019312999999,0.0,5.320134937200001,2.7023753814,0.25208369350000004,1.4894496561,88.8888888889,0.0,18.5185185185,6.166666666699999,6.25,4.875,5.0,4.125,4.0,3.75,44,-0.8742787237,3.2356769612000003,37,184.0,5,1.0,1.6,0.7683563231999999,0.0005557959,0.959765625,0.0006800644,0.6388888889000001,0.009797959,0.0038729833,0.0099597577,4,-0.7970719096000001,1.6442877519,0.407929961,2.1437708674000002,-0.7952460243,5.2,220.0,3.7160351772,0.28946861830000004,1.8637419432,-6.0,38.0,44,4.7353003046,-1.2233952173,0.40189889009999996,12,0.692357082,1.0565044856,1.8403557941,-0.2942421449,0.5833333333,0.8333333333,,0.9166666667,140.0,0.4,0.30000000000000004,0.7000000000000001,0.8,2.6630684065,0.40414607049999995,2.5635451843,-1.0898491928,0.5421994885,0.036692253800000005,2.9740254611,0.2936008383,1.5178244001,-0.5973112686000001,264.0,5.8,5.4,241.8333333333,3.8866598608,0.3021300756,1.5991662794,217.8333333333,305.5,3.7120463558999997,0.2802803297,1.6497921612000002,87.6666666667,5.5341044107,2.1278472901,0.2729476066,2.0091234054,-0.7795147291000001,5.5,5.5,7.0,2.5,5.5,32,-0.11757185279999999,-0.5212112815000001,1.6505883224000002,0.31154213420000004,1.7237321834,-0.6555929019,0.3630961357,3.1,1.8888888889,1.4444444444,2.6666666667000003,4110.7333333333,-3,5,6523.0,1.9465768602000002,0.3589450925,1.1,1.5454545455000002,1.25,1.0,2.5833333333,0.19893669719999998,0.2441577431
s239,0.8318213578,0.09861259550000001,1.7248219059999998,1.75,28.35,0.33333333330000003,532,42.4666666667,0.5,592,-0.2776110998,-0.6089237209,4.1317410389,0.3132820608,1.7576286280000002,-1.1967410174,3.02162e-05,0.0134669189,0.0182324219,3.1333333333,3.25,4.2333333333,3.0,2.0,3.8,3.2857142857,40,4.2919568013,0.2573388462,1.4491792766,0.1666666667,0.6666666667000001,18.125,-0.0958333333,1,0.0008333333,-2.7916666667000003,22.1666666667,-0.1047193609,1.0,-0.0004048770000000001,-0.12182047509999999,1.0833333333,1.9090909091,0.3288871231,0.6962926331,6.3,4.8,0.9948280394,0.3221865043,1.5827126772,-0.6782949530000001,0.7777777778,1.5,4.3333333333,1.0,2.0,3.6666666667,5.3333333333,3.6666666667,6.5,4.6666666667,4.1666666667,1.5,3.8333333332999997,1.1666666667,1.3333333333,4.1666666667,-0.304313487,-0.20139438839999999,-0.5629734621,4.194188013,2.4289303494,0.220393389,1.5855146425000002,44.4444444444,55.5555555556,33.3333333333,4.8333333333,3.25,4.625,4.375,4.5,3.2857142857,4.5,47,0.0,5.965407751,24,106.0,4,1.0625,1.2666666667,0.6303457736,0.0017157582999999998,0.9654785156,0.0014362063,0.4166666667,0.0038729833,0.0256124969,0.0256124969,4,-2.7853670033999998,0.8889883033,0.2349023652,1.2321975970999999,-0.3047789314,4.6,264.3333333333,3.0589948787,0.2897348675,1.2370690343000001,-39.0,54.0,44,-1.4031251591,1.6621157588000002,0.5770441327,3,0.7095516075,0.3716872697,1.8588519243,-0.1704093516,0.5833333333,0.5833333333,0.75,0.5,126.0,0.5,0.30000000000000004,0.5,0.30000000000000004,3.4154347500999998,0.3929802103,2.4513561563,-2.1523227415,0.3777777778,0.0359295834,3.465771192,0.30093161,1.4756526709,-0.7109423154000001,320.0,6.8,5.5,413.8333333333,2.7639483979,0.2763837018,1.5318031659,267.8333333333,265.3333333333,3.26025609,0.29071527950000003,1.2256806636,-2.5,-2.0393958463999997,2.3154816558,0.39064308979999995,1.6448686868,-2.0246910785,3.0,6.5,5.0,5.5,4.5,41,0.0361000507,-0.4840230732,1.9493694217,0.2988611999,1.5084119222999999,-0.1459263532,-0.0743453173,2.8,3.7777777778,2.0,2.8666666667,1483.7507575757998,14,6,2812.9166666666997,-0.2454122711,0.7537718024000001,1.9,2.0,2.0,1.5714285713999998,2.3333333333,0.2134281086,0.1766132218
s240,1.1344854967,0.0296425531,1.4780901638,1.95,51.3157894737,0.3666666667,925,40.9090909091,0.6333333333,400,-0.979809984,-0.6840108295999999,3.0575690305000003,0.27634330700000004,1.6705724378,-1.6086932126,3.71396e-05,0.0008823241999999999,0.015993164100000002,4.7333333333,4.3214285714,4.5333333333,3.5,2.5,3.4,3.1428571429,37,2.3294084082,0.25271522760000004,1.1233154996999999,0.1666666667,0.5,16.7916666667,0.12916666670000002,3,-0.0041666667,-1.7083333333,20.0,0.0294466,1.0,-0.0003643047,-3.3012048193,1.4166666666999999,1.3636363636000002,-0.06628372269999999,0.3009552085,8.6,6.8,1.9783323313999999,0.3287656919,1.637742019,-1.2589028371,0.2777777778,4.0,3.1666666667000003,2.8333333332999997,5.1666666667,4.5,4.1666666667,5.3333333333,4.1666666667,4.5,3.6666666667,3.3333333332999997,3.3333333332999997,3.5,3.6666666667,4.1666666667,-1.3623585724,0.7737278849,-0.33672694870000003,2.9741526582,1.8544451197999998,0.0144081672,1.6060451904000002,33.3333333333,33.3333333333,44.4444444444,5.0,5.0,2.5,2.125,3.375,3.0,3.0,54,-1.0820225484000001,2.8201893119,26,206.0,4,1.375,1.3333333333,0.6774168015,0.0015770303,0.8531234741,0.0025652648999999997,0.5833333333,0.003935979300000001,0.0038729833,0.009797959,2,-1.9636167049,1.7870631706000002,0.2884637129,1.4746153961000001,0.2570770244,3.7333333332999996,311.3333333333,1.6904673985,0.2488250463,0.9689146518999999,41.5,2.5,42,,,,15,1.3973154894,0.4040868089,1.7844140122,0.011393137,0.4166666667,0.75,0.5,0.25,101.0,0.30000000000000004,0.4,0.2,0.30000000000000004,2.4289630722,0.34222373590000005,1.526274036,-1.0026590523,0.4963144963,0.0372168125,1.9474975713999998,0.43041034219999996,1.8138892872,-0.6886250133,223.0,6.6,5.9,273.3333333333,2.001925118,0.2362441792,0.9762564757,258.0,293.0,1.5847021234999998,0.12760670640000002,1.5230170503,35.0,44.0466666667,2.207794881,0.2600205088,1.4715686313,-1.0434208170000001,4.0,4.0,4.5,2.5,2.0,43,-0.31144305240000003,-0.1107927879,0.4404308562,0.0058928923999999995,1.7256474628,0.0076129859999999995,-0.1949548096,3.7,3.4444444444,3.3333333332999997,2.8666666667,1508.3393939394,11,8,2181.6666666667,0.5350799293999999,0.8292793548999999,1.8,2.2727272727,2.25,2.4285714286,2.4166666667,0.2981411373,0.35918809869999996
s241,1.6068810184,0.2635753437,1.7687502797,2.8,44.3125,0.4666666667,667,30.2,0.33333333330000003,584,-0.5433840548000001,-0.37595401799999995,2.8031883459,0.06998451950000001,3.2503460192,-0.5504150237000001,0.0003845128,0.0028881072999999997,0.0526669922,2.8666666667,3.2857142857,3.7666666667000004,1.5,1.25,3.6,3.1428571429,51,4.086839297,0.26638736,1.6476737178,0.8333333333,0.0,12.125,0.0375,1,-0.0015,-2.875,11.75,0.0633501259,1.0,-0.0022510495,-2.0205709488,1.0,1.0,0.0708814603,0.6935733104999999,9.0,7.0,3.0353275251,0.3896784147,2.1162328417,0.1957080546,0.1388888889,2.8333333332999997,3.5,1.1666666667,1.1666666667,4.1666666667,3.3333333332999997,4.6666666667,5.1666666667,5.1666666667,3.5,2.1666666667,2.6666666667000003,2.5,1.6666666666999999,6.0,-1.4294485941,0.41634196409999996,0.0,5.320134937200001,3.0571882739999996,0.20185188839999998,2.1601885585,16.6666666667,33.3333333333,25.925925925900003,4.0,4.75,4.125,2.5,4.0,4.0,3.75,50,-1.0705413209999999,3.8243251091,22,237.0,5,1.0,1.1333333333,0.6456787109000001,0.001216428,0.9321578979999999,0.0020604176,0.6666666667000001,0.009797959,0.0250474647,0.06403124240000001,2,-1.2554620237,2.4778844167000003,0.3816835235,1.7333942356,-0.5891476835,5.466666666699999,276.1666666667,2.669074784,0.3190365576,1.0532345437000001,9.0,54.5,46,12.827688291,-3.497706098,0.5183559407,16,2.0555163138,0.4041825688,1.6656193046,0.0136241002,0.25,0.25,0.1666666667,0.33333333330000003,123.0,0.1,0.30000000000000004,0.5,0.1,4.0126498062,0.40474089869999996,1.777687368,-0.733097179,0.3604938272,0.0450793571,3.273947108,0.3217479696,1.0737337139,-0.486808066,328.5,6.7,6.7,322.3333333333,2.6679012227000003,0.3190638604,0.9387009948999999,269.6666666667,337.0,1.8761332933,0.1030112171,1.9333699333,67.3333333333,40.189964788699996,2.5106940142000003,0.34633957579999997,1.8013534731,-1.3542832944999998,5.0,4.0,5.0,1.0,4.5,37,0.2122035928,0.3377691385,2.014715897,0.3525604578,1.4289672133000002,-0.6102179746,-0.8776986662,3.1,1.4444444444,2.0,1.6,1695.0433333332999,4,9,3869.9166666666997,24.900612164,-23.6442542246,2.3,1.1818181818,1.5,1.1428571429,1.5,0.1709229863,0.31665951940000003
s242,0.8252550930000001,0.0316812265,1.6886589513,2.0,47.058823529399994,0.43333333329999996,750,18.1764705882,0.43333333329999996,299,-0.9346423088,-1.7173280448,2.7431188037,0.39015061549999996,1.7038982997999998,-0.5459849111,1.5495e-05,0.0005818939,0.0145703125,4.5333333333,3.6071428571,4.1333333332999995,2.75,2.5,3.2,2.7142857143,50,3.8901302597,0.3000394474,1.5705183028999998,0.5,0.1666666667,9.875,0.1791666667,2,-0.0108333333,-0.7916666667000001,26.391304347800002,-0.0040592168,1.0,-0.0007965616000000001,-2.823782235,1.0,1.3636363636000002,0.044252994,0.8001805258,7.5,7.7,1.7238451027000001,0.34036545030000004,1.7570583888999998,0.3334322196,0.0833333333,3.1666666667000003,5.1666666667,2.3333333333,4.5,3.5,4.8333333333,3.5,4.3333333333,4.5,3.1666666667000003,2.0,5.5,5.1666666667,5.666666666699999,6.333333333300001,-2.036597339,-0.8752963476000001,0.2325714847,4.8549919679,2.9856774737,0.0036481417,2.6345412257,0.0,33.3333333333,22.2222222222,5.1666666667,6.0,3.25,3.875,3.875,3.2857142857,3.75,37,-1.0170844173,3.9312389163,27,126.0,6,1.0625,1.7333333333,0.7067312001999999,0.0019359356,0.999609375,0.002123489,0.5277777778,0.0015811388,0.0015811388,0.0038729833,4,-1.2672147034999999,1.8230018492,0.44661966399999997,1.5920563241999999,-0.13463035680000002,4.1333333332999995,281.5,3.5322213488000003,0.34236342200000003,1.4202145532,-17.0,11.0,45,7.2865229484,-6.545680073300001,0.31865510469999997,10,2.0418947189,0.3986050125,1.8782574949,0.3710210131,0.6666666667000001,0.9166666667,1.0,0.8333333333,109.0,0.30000000000000004,0.8,1.0,0.9,2.821614673,0.3727148081,1.9780186779,-0.7171144728000001,0.568627451,0.1077552424,3.7735783467000004,0.3146671192,1.0054580536,-1.4365582774,332.0,7.0,5.9,,,,,248.5833333333,320.6666666667,3.0393594995999997,0.2491313175,1.5545528069,72.0833333333,28.174964438099998,1.6611602809000001,0.3639021913,1.4753244422,-0.46745729259999996,6.0,5.5,4.0,2.5,5.5,38,-0.17787711,-0.0805925572,1.8637775616999999,0.3248748328,1.6588891462,-0.055332453899999995,-0.4277450576,3.6,2.6666666667000003,2.2222222222,2.7333333332999996,1741.6019230769,33,6,3143.4166666666997,,,1.7000000000000002,1.8181818182,2.3333333333,1.7857142857,2.9166666667000003,0.4298874154,0.3999344404
s243,0.9902453461,0.0390674208,1.3332224825,1.55,25.12,0.1666666667,602,15.666666666700001,0.2,361,-0.4748126756,-4.3810106018,0.7878315421000001,0.39770815509999996,1.3426969375,-0.16874452280000002,0.0004582957,0.0024546967,0.0011083984,2.0,2.25,2.7333333332999996,2.25,1.5,3.2,2.7142857143,56,3.516447571,0.3105810144,1.6511195702,0.5,0.33333333330000003,8.375,0.1041666667,2,-0.005833333299999999,-2.125,5.375,0.1081597573,2.0,-0.0100736097,-1.5576339737,1.0,1.7272727273,0.0096296945,0.5309463363,5.6,4.7,0.7307890672,0.3481473459,1.4058264480000002,-1.6150493584,0.055555555599999994,1.6666666666999999,1.5,1.3333333333,1.5,3.0,4.8333333333,5.0,5.3333333333,5.3333333333,3.5,1.5,1.0,1.0,1.0,3.3333333332999997,-0.8432736891,-5.615619429700001,,,1.9838648144,0.3584081796,0.8561341144,5.5555555556,0.0,11.1111111111,4.0,4.75,4.875,3.75,4.625,3.2857142857,3.0,47,-1.0705413209999999,3.8243251091,32,163.0,8,1.0,1.2,0.7787796020000001,0.0018758942000000002,0.7458308220000001,0.0020143552,0.5555555556,0.158113883,0.25,0.25,3,-1.8219645585,1.5276305072999998,0.4332204136,1.3793434659000001,0.0784920809,5.533333333300001,260.1666666667,3.5173469688,0.3647984994,1.1544503426,-9.0,47.5,47,23.319695674699997,-16.9427530904,0.5219628389000001,4,0.9453668829,0.43392047619999996,1.5720200318000002,-0.2795763389,0.8333333333,0.75,0.5,1.0,134.0,0.2,0.2,0.4,0.1,2.2188412613999997,0.4221732295,1.6142521578,-1.826188374,0.3530997305,-0.005351075699999999,4.8190056991,0.2472349305,1.8564814744999998,-1.499731525,298.5,7.0,5.7,346.6666666667,2.669471684,0.3303322712,1.309876552,258.25,225.0,4.3299178185,0.3057753977,2.2499333097,-33.25,12.979117499800001,2.0973351237999998,0.29013629560000004,1.7649078518,-1.1049411671,5.5,5.5,5.0,3.5,5.0,29,-0.3266858396,-0.4421359806,0.4973464136,0.14229428630000002,1.7639074411000002,-0.014830971799999999,0.0776193471,2.7,3.7777777778,3.2222222222,2.6,1890.5152380952,6,7,4640.0909090909,1.370052055,-0.7602864834,2.0,1.4545454544999998,1.25,1.2857142857,2.0833333333,0.1992181516,0.509598325
s245,0.7267170261,0.0262510702,1.8119584913,1.75,33.3333333333,0.2,750,20.0,0.33333333330000003,370,0.0205485453,-0.9437411645,2.6340653147,0.4262578095,1.1820114158,0.1407493775,0.0008731719,0.0036547852,0.0118583984,4.8666666667000005,3.9642857143,4.7666666667,2.75,2.75,3.0,3.1428571429,36,3.1902125331,0.28509374860000003,1.5891871763999998,0.33333333330000003,0.33333333330000003,8.4166666667,0.025,1,-0.0076666667000000015,-3.0,7.541666666699999,0.0072695035000000015,0.0,-0.0025106383,-0.4060283688,1.0833333333,1.4545454544999998,-0.18340011190000002,0.6475751882999999,7.3,6.2,2.707643867,0.45322544090000005,2.381894951,0.5663811214000001,0.0833333333,3.0,2.0,1.3333333333,1.6666666666999999,4.3333333333,2.8333333332999997,3.6666666667,3.1666666667000003,3.1666666667000003,2.0,3.1666666667000003,1.3333333333,2.8333333332999997,1.6666666666999999,5.1666666667,-0.6178719084000001,-0.9884606173999999,-0.8199956179000001,3.6801437014,1.8817605347,0.005566396800000001,3.1987672326,33.3333333333,55.5555555556,40.740740740700005,4.6666666667,3.0,3.5,3.375,3.625,3.1428571429,3.0,45,-1.1195720593,3.7262636324,17,203.0,6,1.1875,1.0666666667,0.7927370072000001,0.0018150355,0.8665315628,0.0018667416,0.4722222222,0.0250474647,0.0256124969,0.06403124240000001,2,-1.5805694328,1.0231483312,0.40715761729999994,1.5009964997,-0.0471233521,3.5333333333,350.6666666667,2.9577736094,0.3671756685,1.5912323387,28.5,37.5,41,,,0.49280271369999995,9,1.49380467,0.6602439192,2.0970798508,-0.2289313032,0.5,0.1666666667,,,97.0,0.1,0.2,0.7000000000000001,0.0,2.4183501886000003,0.2517884993,2.6413335015,-0.8550500846,0.3737113402,0.1072180175,2.5726307893,0.2928647857,1.8044064368000001,-0.4640151179,358.0,5.8,5.5,401.5,3.2070646439,0.3687114626,1.7308449900999998,292.3333333333,272.6666666667,2.3726160438,0.1827070973,2.2748974274,-19.6666666667,-2.2586956522,1.5787381783,0.2712048835,1.9070265475,-0.9846932001,6.0,4.5,4.5,2.0,5.5,43,-1.04750851,-0.710951808,1.1673255421,0.11463268119999999,2.2267683817,0.5913108021,0.4245318575,2.9,3.1111111111,3.3333333332999997,3.2,3385.0681818182,-2,11,6122.25,0.8952841519,-0.6400373552,2.6,2.0,2.4166666667,2.0,1.9166666666999999,0.444410359,0.2999297584
s247,0.6130347583,0.023584652200000004,2.0068135227,1.7000000000000002,21.8571428571,0.30000000000000004,435,10.6153846154,0.1333333333,264,-0.6927679012000001,-0.4156963494,2.3378084388,0.3688862025,2.6287195578,-0.5225882331,0.0008810892,0.0006256676,0.0032119140999999998,2.8666666667,3.2142857143,4.2333333333,3.75,2.5,3.6,2.4285714286,46,2.1176576276,0.2741533633,1.8598234966,0.6666666667000001,0.0,14.083333333299999,0.1166666667,1,-0.0003333333,-2.4166666667,8.7916666667,0.1561028771,2.0,-0.0025248474,-3.4442022668,1.0833333333,2.0,0.0460325441,-0.2920135866,9.9,9.1,1.6135750774000002,0.4396506093,3.0539303721,-1.7387225608,0.4166666667,2.6666666667000003,3.0,1.3333333333,2.3333333333,3.1666666667000003,4.8333333333,6.0,5.666666666699999,4.1666666667,1.8333333333,2.8333333332999997,3.1666666667000003,3.0,2.5,4.1666666667,,,,,,,,55.5555555556,33.3333333333,37.037037037,4.6666666667,4.5,2.5,2.625,2.5,3.4285714286,2.5,43,-1.1652624446,3.6348828618,36,185.0,8,1.125,1.4666666667,0.6808022022,0.0005974819000000001,0.6633827209000001,0.0007172214,0.6388888889000001,0.0015811388,0.0015811388,0.0038729833,2,-0.4987314799,1.2976110806,0.4457587106,2.0707800908,-0.6395537853000001,4.1333333332999995,436.5,3.3691260529,0.3883638370000001,2.079732845,95.0,22.5,45,7.7327001337,-4.7177031739999995,0.8232654456999999,2,0.7708089289000001,0.7181833578,2.4772055153,-0.4358416470000001,0.75,0.4166666667,0.75,0.8333333333,94.5,0.30000000000000004,0.2,0.4,0.6000000000000001,2.3996456728,0.5220685528,1.9344413219,-1.3710284546,0.4463840399,0.035366636300000004,2.1013739264,0.31669551960000003,1.9707228229,-0.4129184333,374.5,5.4,4.9,368.3333333333,3.0758618282,0.3687438089,2.5132867606000002,511.8333333333,492.6666666667,1.821409123,0.2196051935,2.3272711164,-19.1666666667,142.879214682,2.6516402281,0.4325573604,2.4798555862,-0.9000065810000001,5.5,6.5,6.0,6.0,6.5,22,-0.43050486509999997,-0.3037795843,1.0313039534000001,0.1626027086,2.1170011397,0.2148802653,0.2892730382,4.1,3.2222222222,3.6666666667,3.2666666667000004,3559.59375,-2,8,5543.5,0.461725334,0.1177830357,1.5,2.0909090909,2.5,1.9285714286,2.4166666667,0.8646579225000001,0.5645966055
s248,1.3506647017,0.1715855452,1.2726401475,2.15,30.0,0.4,515,12.5,0.1333333333,305,-0.7799671198999999,-0.8719822101000001,3.6200439985000004,0.2937969398,2.0326840103,-1.6087204322000002,0.0030684595,0.0055462799,0.0315,5.4,3.8571428571,3.7333333332999996,2.75,3.5,3.0,2.8571428571,45,3.8417312988999996,0.2548745209,1.5800526908,1.0,0.0,4.5833333333,-0.008333333299999999,2,-0.002,-1.0,10.875,-0.11521032310000001,2.0,-0.0005344442,-4.4089615932,1.25,1.3636363636000002,-0.040739815000000006,0.7328167958,7.6,7.5,2.1012990184,0.454702609,1.8517526028,-0.4960019667,0.8055555556,3.6666666667,3.6666666667,1.8333333333,3.5,4.1666666667,4.6666666667,4.6666666667,5.0,4.5,3.8333333332999997,2.0,2.8333333332999997,2.0,3.6666666667,5.833333333300001,-1.1540060483,0.8022339387,-0.2472591752,3.4966902425999997,1.9975899797,0.090432866,2.0046572329,66.6666666667,55.5555555556,48.148148148100006,5.1666666667,3.75,3.5,3.25,4.75,2.7142857143,3.625,51,-1.1652624446,3.6348828618,25,215.0,4,1.375,1.4666666667,0.7910690308,0.0015205836999999999,1.0,0.0016237086,0.6944444444,0.009797959,0.009797959,0.009797959,3,-0.6489593115,2.1331802485,0.38524093880000004,2.2384724925,-0.09178833230000001,3.8,,,,,,,44,7.300758752799999,0.0952200516,0.595854894,18,1.7097142266999998,0.6425253967,2.3051999985,-0.2363704228,0.5833333333,0.0833333333,0.75,0.9166666667,121.0,0.6000000000000001,0.1,0.8,0.7000000000000001,2.5308380948,0.3812476731,2.5536317441,-0.4017611138,0.4175,0.0782422371,3.8534666895,0.2858508321,1.3597458432,-0.4684770531,284.0,6.3,6.7,297.5,4.4087251923,0.292242243,2.1472433881,297.6666666667,324.3333333333,2.4121223262,0.2886225019,1.3894627349000002,26.6666666667,68.9843619465,2.1900671864,0.3036581087,2.4659173041,-0.5149194839,6.0,6.5,6.5,4.0,7.0,35,-0.8022648816,-0.17927796010000002,1.7709717421000002,0.2948694139,1.7712550274,0.07894947570000001,-0.16169903870000002,3.0,3.7777777778,2.8888888889,3.3333333332999997,1846.0330952381,19,8,2813.0,1.0898786087,0.06280090120000001,1.8,1.9090909091,1.9166666666999999,1.2142857143,2.5833333333,0.4811372021,0.3782901
s250,0.9818465601,0.0230037472,2.0096217416999997,2.1,35.0,0.33333333330000003,675,28.5,0.33333333330000003,555,-0.42302550340000006,-1.4137398308000002,3.4660383296,0.40315267159999996,1.7487892925,0.0054079212000000005,0.0002511088,0.0015421143,0.0018339844,2.2,2.6785714286,2.4,2.5,2.0,3.8,3.0,64,5.2786733993,0.2985339788,1.0791288837000002,0.33333333330000003,0.6666666667000001,8.1666666667,-0.0166666667,1,-0.0006666667,-1.5833333333,20.7083333333,-0.1054166667,1.0,0.0006833333,-1.6291666666999998,1.0,1.1818181818,-0.1257452575,0.26090785910000003,7.8,6.9,2.8465990720999996,0.3779039391,1.8355918337,0.4245746668,0.44444444439999997,2.0,3.6666666667,1.6666666666999999,3.3333333332999997,4.0,3.8333333332999997,4.8333333333,5.0,4.8333333333,2.6666666667000003,1.0,2.1666666667,1.6666666666999999,2.1666666667,5.5,-0.6910733557000001,2.1634073925,0.0,5.320134937200001,3.3580845206,0.279260552,1.6174354813,11.1111111111,0.0,3.7037037037,6.0,1.25,5.0,4.375,4.875,3.5714285714000003,3.625,44,-0.8075379761,4.3503317988,39,236.0,9,1.0,1.2666666667,0.6093222618,0.0007242214000000001,0.6956820011,0.0009008121000000001,0.6944444444,0.0015650846,0.009797959,0.0256124969,4,-0.9227142657999999,1.909844659,0.4073195432,1.4209082947999998,-0.21450838079999998,5.9333333333,,,,,,,47,-5.4271079008,8.5583420202,0.3425248463,9,2.4352376599000003,0.3928927149,1.7065544113999997,-0.8009180466,0.8333333333,0.8333333333,0.5833333333,0.9166666667,148.0,0.0,0.4,0.8,0.4,3.1644186838,0.3911943991,1.2580487134,-3.9801704450999997,0.488997555,0.046981517599999995,2.9655160491,0.2840722468,1.3653279344999998,-0.49915940509999995,334.0,5.1,4.3,285.0,3.473337228,0.35091712399999997,1.8628665091,258.1666666667,301.3333333333,3.3309752324,0.31607481260000003,1.4553095386000001,43.1666666667,61.3439992026,2.5186045264,0.3386048043,1.2827003978,-1.308403505,6.5,6.5,6.5,4.0,6.5,32,-0.24960791829999998,-0.5933237342000001,1.6466573916999998,0.34350572220000003,1.4195137137,-0.279562015,-0.39597651729999994,2.2,4.5555555556,1.4444444444,2.2666666667,2652.5729166667,3,7,4887.9166666667,0.35810539140000003,1.0560526742,1.1,1.0909090909,1.0,1.0,1.9166666666999999,0.1996709855,0.1804497997
s251,1.1318518486,0.08017975170000001,2.2397008812,2.9,44.8095238095,0.30000000000000004,899,28.0,0.4,478,-0.3368733691,-0.2239300588,3.5354607231,0.0288217115,4.3104590729000005,-0.639163735,4.9652200000000005e-05,0.0016387253,0.0607792969,3.6666666667,3.7142857143,4.0333333333,2.25,2.25,2.8,2.0,51,1.4704580104,0.2405758843,1.4773317416,0.5,0.1666666667,10.875,-0.12916666670000002,2,-0.0061666667,-0.5416666667,18.0833333333,0.0279632721,1.0,-0.0006452421,-4.1245826377,1.0,1.5454545455000002,0.6811150138000001,-0.0958074882,10.0,7.8,1.7425991966,0.3063692007,2.444411487,-0.4049289819,0.0833333333,2.5,2.5,2.1666666667,3.5,3.6666666667,4.6666666667,5.0,4.5,4.1666666667,3.3333333332999997,2.5,2.5,2.1666666667,3.6666666667,4.3333333333,-0.9571932918000001,-0.7330314084,-0.169560331,2.6398194227,1.3526942241,0.0056169997999999995,2.2149511705,61.111111111099994,0.0,18.5185185185,5.1666666667,4.25,2.875,3.125,2.75,3.2857142857,3.125,41,-0.8893284576999999,4.1867508355,32,129.0,3,1.0625,1.3333333333,0.7723266601000001,0.0011612841,0.9722045898,0.0019987881,0.5833333333,0.0015811388,0.0015811388,0.009797959,4,-1.3626489303,1.3302849354000001,0.36139726689999996,2.0719869858,-0.0044059304999999995,4.4,269.1666666667,1.6319133854,0.2775807986,1.2915785478,-46.0,38.5,46,,,0.5018054959,9,,,,,0.6666666667000001,0.5,0.33333333330000003,0.8333333333,118.0,0.4,0.5,0.5,0.7000000000000001,,,,,0.5283505155,0.0551811293,2.0449570975,0.30863267699999997,1.2971635866,0.1789537605,334.0,6.0,5.3,434.8333333333,1.7034631684000001,0.1439308202,1.743215921,141.0,206.5,1.9578142449,0.25769928470000003,2.3005613771,65.5,-76.2004946628,1.5168961067,0.34124029409999995,1.8674207453,-1.0172738528,5.5,5.5,6.0,4.0,5.5,43,-0.5875133650000001,-0.011515463100000001,0.7822618707000001,0.136012416,1.7587425280000002,0.1370740076,0.0352226167,2.9,3.3333333332999997,2.4444444444,3.2,1981.3333333332998,16,7,2612.9166666667,-0.0501897445,-0.0451204353,1.9,1.9090909091,2.0833333333,1.9285714286,2.75,0.3357705847,0.39287248329999996
s253,0.8150927803,0.022283874199999998,1.6047901743,1.4,20.3846153846,0.1333333333,502,9.8076923077,0.1333333333,246,-0.6807650748,-1.4604539058,2.1345345114,0.4606863705,1.3663336572999998,0.1026083539,0.3258309097,6.609211914099999,3.8261630858999998,4.3333333333,3.8928571429,4.5666666667,2.5,2.75,3.8,3.4285714286,29,1.8077826421,0.33071851020000004,1.3884590687,0.1666666667,0.1666666667,6.583333333300001,0.05833333330000001,1,-0.010666666699999999,-1.0,8.3333333333,0.029445234700000003,0.0,-0.0010981508,-0.48658809189999996,1.4166666666999999,1.0,-0.008767398000000001,0.9011122592,6.0,7.0,1.1192886145999998,0.4708411883,1.4331703731999998,-0.4136496718,0.0,1.3333333333,1.0,1.1666666667,2.1666666667,3.8333333332999997,6.166666666699999,6.166666666699999,5.0,3.6666666667,3.5,1.0,1.0,1.6666666666999999,2.1666666667,4.5,-1.1349453245999999,-0.0167300548,-0.055897898099999996,2.412494557,1.3918499237000002,0.07347356070000001,1.8101837442,72.2222222222,77.7777777778,59.2592592593,4.8333333333,3.75,2.75,2.875,2.375,2.5714285714000003,3.875,35,-1.0437196498999999,2.8967951088999997,21,120.0,10,1.25,1.2666666667,0.6265415192,0.0019889314000000003,0.6721925736000001,0.0023814532,0.5833333333,0.25,0.25,0.25,3,-0.7475087536,1.3104606184,0.4210604857,1.1578895404,-0.4158409061,3.6,301.0,1.5178644495,0.0654796371,1.9944053651,-22.0,-23.0,42,-0.7454782408,1.4012549093,0.244980286,4,0.7752349082000001,0.4121351987,1.7111552237,-0.630150277,0.25,0.33333333330000003,0.33333333330000003,0.1666666667,94.0,0.0,0.4,0.8,0.2,2.6057711255,0.1857906193,2.4515368582,-1.5426523557,0.2671755725,0.0214739948,1.9361034358000002,0.4092099714,1.7821237025999999,-0.13306977720000002,427.5,5.5,5.2,454.8333333333,2.2236080006,0.2773854524,1.5221599337,,,,,,,,2.7637360636,0.45481412039999997,1.7705303077,-1.5606463649000002,6.5,4.5,3.0,2.0,5.5,60,-0.2294633091,-0.566171875,1.1440561086,0.2016686618,1.822295697,-0.053698377000000005,0.7087490789,4.0,3.1111111111,2.4444444444,3.2666666667000004,1982.4696428570999,17,5,2343.3333333333,,,2.4,2.1818181818,2.9166666667000003,2.2142857143,2.25,0.2004548406,0.21375402429999998
s255,0.6038031962,0.11973267470000001,1.3812798858000002,2.1,38.1363636364,0.2666666667,769,18.9047619048,0.30000000000000004,381,0.06810650389999999,-0.9463883142,2.6880438963,0.39921605579999997,1.2875649905,-0.7740114259,4.3599e-06,4.2168e-06,3.7689e-06,2.7333333332999996,2.9642857143,2.7,4.0,2.5,3.4,1.4285714286000002,64,5.248438201,0.3191057504,1.2298624186,0.5,0.1666666667,23.25,-0.1333333333,1,-0.001,0.25,22.3333333333,-0.005714285699999999,0.0,-0.0004,0.1,1.0833333333,1.5454545455000002,0.05725548060000001,0.18793010429999998,8.2,6.1,1.6532144417,0.4706690954,1.7994105717000002,-0.5233383649000001,1.0,1.0,2.3333333333,1.0,3.6666666667,5.1666666667,5.833333333300001,5.833333333300001,6.5,4.8333333333,1.6666666666999999,1.0,1.8333333333,1.0,2.0,7.0,-3.1823427139,0.09761114439999999,0.4847229195,4.3506890982,2.5895283722999998,0.1481745381,1.5976726087,83.3333333333,0.0,3.7037037037,6.166666666699999,4.5,5.0,4.75,5.0,4.8571428570999995,5.0,58,-1.2890129855,3.38738178,40,221.0,3,1.0,1.4666666667,0.6008259177,0.0009255409,0.6398802757000001,0.0014787046000000002,0.5277777778,0.0002011893,0.0002011893,0.0002011893,4,-1.8627922633,1.5655082312000002,0.3866320295,1.5288769478000002,-0.13744840360000002,5.3333333333,,,,,,,45,2.5053098665999998,2.4437041886,0.4522739832,7,1.5444311334999998,0.4936769957,1.5707890457,-0.0020504033,0.5833333333,0.8333333333,0.4166666667,0.9166666667,150.0,0.30000000000000004,0.8,0.7000000000000001,0.5,2.7419022671,0.40151326159999995,1.6026555231,-1.8359220697,0.5036855037,0.055179572999999996,3.1855033789999996,0.2779715272,0.9327918398999999,-1.1477783231999998,286.5,5.9,5.5,273.3333333333,3.2492349391000004,0.3269209777,1.0737119546,219.1666666667,248.8333333333,3.6831740894,0.365473452,1.4014069616,29.6666666667,18.3743715989,3.654992638,0.2964655834,2.5507121697,-1.2854622572,7.0,7.0,7.0,3.0,7.0,24,0.0960837784,-0.4226336899,1.5863406125,0.3611020908,1.5055349831,-0.8401695226000001,-0.5206294145,2.9,2.2222222222,1.0,2.8,2176.8333333333,-8,8,6031.818181818199,-1.1208149967,2.1202635362,1.0,1.1818181818,1.0833333333,1.1428571429,1.8333333333,0.8730431073,0.1673504985
s256,1.3415631159999999,0.17294665539999998,1.4592303798,2.15,26.0869565217,0.23333333329999997,570,16.6666666667,0.4,277,-0.3198204018,-0.4040654043,3.3808625806,0.32387547489999996,1.9310558022,-0.8632084803000001,0.0094940668,0.0148225098,0.031533203100000004,3.4,3.2857142857,4.1333333332999995,2.0,2.5,3.8,3.8571428571,52,3.6339207238999998,0.26335224329999996,1.3675951087,0.5,0.33333333330000003,11.291666666700001,-0.0208333333,2,-0.0038333333,-4.2916666667,15.791666666700001,-0.08331255200000001,1.0,0.0020008313,-1.7331670822999998,1.0,1.0909090909,-0.3489970652,0.9687648795,7.4,11.0,1.9789427738,0.2041334272,2.6738234253999997,-0.724608439,0.6111111111,2.5,1.0,1.0,5.5,4.5,6.0,7.0,7.0,4.6666666667,2.6666666667000003,1.6666666666999999,1.0,1.0,5.1666666667,6.0,-2.0254654371000003,0.9287193923999999,0.3298219498,4.6604910377,2.6301112836000002,0.051991380600000005,1.8824137576,33.3333333333,77.7777777778,25.925925925900003,4.0,3.75,5.0,4.625,5.0,4.4285714286,1.375,42,-1.0170844173,3.9312389163,28,207.0,7,1.0625,1.6,0.6789369583,0.0012799174,1.0,0.0015110719,0.8055555556,0.0256124969,0.0256124969,0.06403124240000001,2,-0.9996330066,1.9654280371,0.4121533721,1.5884745216,-0.6312926207,5.3333333333,270.1666666667,2.9073388,0.24849793329999997,1.6141299378999998,38.0,60.0,48,-17.5455109875,26.6587781423,0.539659906,11,1.3917658112,0.44789550340000006,1.79538991,-0.23751858329999997,0.1666666667,0.1666666667,0.5,0.5,144.0,0.0,0.7000000000000001,0.9,0.9,2.9274641547000004,0.3587268785,1.6437058294,-2.4897358224,0.3391959799,-0.0021755177,5.2358319624,0.27100552170000003,1.8456049841,-0.8112297058,322.0,6.8,8.0,270.6666666667,4.4861443757,0.2915865231,4.1432806339,253.3333333333,252.8333333333,3.2635188064999996,0.34160102909999995,1.6724979106,-0.5,-19.246482684,2.4229831703,0.29280250020000004,2.0416941279,-0.8477597131,7.0,6.0,4.0,1.5,4.0,51,-0.4189957446,-0.8117588859999999,1.4667899586000002,0.0546046237,2.2455605965,-0.9914077497,0.4156749357,2.1,4.1111111111000005,1.1111111111,3.0666666667,2412.512962963,3,7,5140.5833333333,0.4390930245,-0.0571584138,1.6,1.0909090909,1.8333333333,1.1428571429,2.6666666667000003,0.6947727811000001,0.41055001329999996
s257,1.5598192958,0.3035895087,1.0864866994,2.1,39.0,0.30000000000000004,769,33.6111111111,0.4,589,-0.0028119140000000004,-0.39173337840000005,4.9282840707,0.33329783100000004,3.0277878612,-1.0611820533,0.00378057,0.0022048035,0.0154326172,2.7333333332999996,2.5,3.7333333332999996,3.0,2.75,3.2,2.0,58,4.3597396247,0.2742965934,1.9000577187,0.33333333330000003,0.6666666667000001,14.0,-0.033333333300000004,2,-0.0136666667,-5.833333333300001,13.625,0.0907738095,2.0,-0.0077023809999999995,-5.2172619048,1.0,1.0,-0.11923616449999999,0.614073035,8.4,8.3,3.043549247,0.3531816004,2.2313435385,0.7964281151,0.055555555599999994,1.1666666667,4.1666666667,1.1666666667,2.1666666667,3.5,4.6666666667,5.1666666667,5.833333333300001,4.6666666667,2.8333333332999997,1.3333333333,2.1666666667,2.0,3.6666666667,5.1666666667,-1.9849024327,-1.19576396,-0.7746479260000001,3.7708390852999996,3.0081715523000003,0.2286662565,1.7780274043000002,66.6666666667,22.2222222222,22.2222222222,5.1666666667,4.75,4.25,3.375,4.5,3.1428571429,2.0,49,-0.7625664513,3.9332268227,29,227.0,5,1.0,1.2,0.7026416779000001,0.0017158964,1.0,0.0022368450000000003,0.7222222222,0.06403124240000001,0.06403124240000001,0.158113883,3,-0.6929245397,1.3981019311000003,0.0530141416,2.5923546608000003,-0.3218542512,4.2,326.8333333333,2.2478210066,0.3651211842,1.388199428,-12.5,107.0,46,4.5499394272,6.345385405,0.6192823352,11,1.5532059336,0.4424245021,1.8494213559,-0.1603620179,0.75,0.8333333333,0.9166666667,0.6666666667000001,140.0,0.1,0.1,0.4,0.2,2.7996393804000004,0.4463508471,2.0995585659000002,-1.3487395516999998,0.5012285012000001,0.0106848183,3.0328275486000003,0.2670670612,1.8181649659999999,-0.7470508221000001,309.5,6.6,5.5,271.6666666667,2.9950635001,0.3648191154,2.0458410257,261.1666666667,313.1666666667,3.1891396679,0.4069075259,2.0606388806,52.0,62.852754671499994,2.9149002439,0.3799605146,2.0917132546,-0.9438863129,7.0,7.0,7.0,1.5,4.5,40,-1.4045412797999999,-0.6590598804000001,1.3768490208000002,0.312720194,1.7033539163,0.2454208839,-0.1763440548,2.0,3.0,1.4444444444,2.5333333333000003,1564.6666666667002,0,11,4202.6666666667,0.4269862442,-0.0392207132,1.5,1.3636363636000002,1.5,1.5714285713999998,2.3333333333,0.7587396005,0.3909664543
s258,1.6085557872999998,0.3065563844,1.1838252025,2.2,35.7272727273,0.2666666667,752,10.956521739100001,0.23333333329999997,237,-0.25490560170000004,-4.2753129251,0.6627658188000001,0.33789177270000004,1.2296669414,-0.19261324829999998,0.0011182249,0.0179107666,0.0096220703,3.4,2.2857142857,3.9666666667,3.0,2.5,3.6,3.7142857143,51,4.2750741306,0.2869461336,1.235979518,0.0,0.6666666667000001,14.583333333299999,-0.15,2,-0.002,-6.25,13.625,-0.0922745428,1.0,-0.0008232078999999999,-6.4152827412,1.0833333333,1.5454545455000002,-0.1153316883,0.4220781532,6.6,5.0,1.7472397791,0.3808286862,1.5799577127000002,-1.5912219358000002,0.0,1.0,1.3333333333,1.0,2.3333333333,2.5,5.1666666667,5.666666666699999,6.833333333300001,5.3333333333,4.3333333333,1.0,1.1666666667,1.6666666666999999,1.5,4.5,-1.1170132814,-1.9622386000999998,-1.4740576848,1.5991358692,1.3075468112000002,0.30068715020000003,1.2710044464,44.4444444444,0.0,14.8148148148,4.8333333333,1.25,4.125,1.375,5.0,2.5714285714000003,3.625,50,-1.2890129855,3.38738178,34,111.0,5,1.125,1.0,0.6079206943000001,0.0013255887,0.6795593262,0.0013050722999999999,0.5555555556,0.158113883,0.25,0.158113883,2,-1.7040720824000002,1.1524203204,0.45862263259999997,1.209419418,-0.5462140659,3.6666666667,,,,,,,47,6.7969790334,-5.573202788400001,0.5209249322999999,5,2.0791438793,0.3894409854,1.8508996082,-0.4330892302,0.5833333333,0.6666666667000001,0.6666666667000001,0.9166666667,134.0,0.4,0.30000000000000004,0.6000000000000001,0.1,2.8220937903000003,0.39716482119999996,1.3479435737999999,-1.6726522855000001,0.3906633907,0.0464011803,1.5059458215,0.30275168420000004,1.2578144642,-0.6388476097,375.0,5.9,4.7,199.5,2.8338579137999997,0.34028274410000003,2.5299012808000003,267.3333333333,299.1666666667,3.2015770566,0.3223365714,1.7118446151,31.8333333333,15.617142857100001,1.6224834402000001,0.1877805843,2.1305465264,-0.6217640032,5.0,7.0,3.5,1.0,5.5,37,-0.1670282385,-0.4510178444,1.0915069857,0.3765423826,1.2619480121,-0.0727009643,0.4631241435,4.0,2.8888888889,3.0,2.8666666667,1968.1386904762,14,4,1974.0,,,1.1,1.0909090909,2.25,1.2857142857,2.0,0.8710700323999999,0.2217621564
s260,1.0091716122,0.0252051619,1.5052280036,2.1,39.75,0.33333333330000003,750,19.5238095238,0.30000000000000004,390,-0.258283665,-1.279733576,3.6029750338,0.3196361894,2.5970337125,-0.673402304,5.8761e-06,5.72596e-05,0.00415625,2.7333333332999996,2.9285714286,3.3,3.25,3.0,3.4,3.4285714286,36,3.2184534168,0.261069369,1.3721058333,0.6666666667000001,0.33333333330000003,15.833333333299999,-0.075,2,-0.0093333333,-2.5,20.625,-0.050853485100000005,1.0,0.0040605568,-2.0007112376,1.0,1.3636363636000002,-0.2390559846,0.8445469787000001,7.3,6.9,1.7485163273,0.32083875240000004,1.8378371513999998,-0.123573839,0.8333333333,2.1666666667,2.5,1.0,2.1666666667,3.0,4.3333333333,4.8333333333,4.3333333333,4.8333333333,2.6666666667000003,2.8333333332999997,2.0,1.6666666666999999,3.1666666667000003,2.8333333332999997,-1.7049527692000002,-1.7348611402,-0.6965379892,2.2545305771,1.4702561352,0.104890509,1.7991364179,44.4444444444,77.7777777778,33.3333333333,4.1666666667,5.5,4.375,3.375,3.625,3.1428571429,1.75,34,-0.9575666758,4.0502743994,32,256.0,9,1.0,1.5333333333,0.6149285315999999,0.0008541983,1.0,0.001206509,0.5833333333,0.0006324555,0.0015811388,0.0015811388,1,-0.5931472588000001,1.7251580378,0.3611785959,2.0644280881,-0.22550819079999998,4.8666666667000005,331.0,1.9916055783,0.2202728619,1.6574565493,39.0,78.0,48,-5.954809207,12.4515776222,0.3155663365,14,1.5852461269,0.486501542,1.9108697066,-0.0469527696,,0.5,0.8333333333,0.9166666667,124.5,,0.30000000000000004,0.2,0.6000000000000001,2.8815706933,0.3906231068,1.965732576,-0.9658377931,0.5591133005,0.07219106480000001,3.7413705533,0.2036068903,1.8742790749,-0.4555355496,295.5,7.3,5.0,280.3333333333,3.0355360476,0.26369885719999997,1.5141679905,229.0,216.3333333333,2.3120523437,0.2698547741,1.6201773679,-12.666666666700001,39.269159069400004,2.6036424713,0.2729202622,2.582745886,-0.7219485226000001,4.0,6.0,4.0,1.0,3.5,57,-0.053980259200000005,-0.2451625694,1.2809533732,0.2433487269,2.0363944232,-0.8325608831,-0.07230105440000001,3.3,4.2222222222,2.4444444444,2.0,2822.3518518519,1,8,4505.0,1.8813716279,-0.2231435513,1.6,1.9090909091,1.5833333333,1.0,2.9166666667000003,0.6977287031999999,0.21416906289999998
s261,0.6951502646000001,0.0103738742,1.4478159268000002,1.25,36.9565217391,0.23333333329999997,800,7.5,0.1333333333,190,-0.0944135856,-0.8311771817,2.00203095,0.31012594260000004,1.8905259558,-0.6283488042,0.0039711325,0.00208255,8.101723632799999,2.0,2.9285714286,3.4,2.75,1.75,3.6,3.1428571429,65,1.5840492640000001,0.245796696,1.9550159481,0.5,0.33333333330000003,11.0,-0.0833333333,1,0.0026666666999999996,-2.75,19.4166666667,0.1,0.0,0.004,-1.5,1.0,1.0909090909,0.39215686270000005,0.0,6.3,4.8,0.9236936969,0.11100212960000001,1.9140510126,2.7687388196,0.0,3.6666666667,4.1666666667,1.5,2.6666666667000003,2.6666666667000003,5.5,7.0,4.8333333333,5.5,2.6666666667000003,1.0,1.0,2.8333333332999997,1.0,4.3333333333,,,,,,,,94.4444444444,11.1111111111,22.2222222222,6.0,2.0,4.75,4.625,5.0,3.2857142857,2.625,52,-0.5023386568,1.8140331226,29,111.0,6,1.0,1.2,0.6059289932,0.0023909605,0.6181085586,0.0029175751,0.8333333333,0.06403124240000001,0.25,0.158113883,2,,,,,,6.0,,,,,,,48,,,0.41688899170000004,8,1.3286349283,0.39788391149999996,1.7633625688,-0.6864798470000001,,0.9166666667,,0.8333333333,142.0,0.30000000000000004,0.30000000000000004,0.2,0.0,2.5194043188,0.35731224110000004,1.6589365511,-0.8553452530000001,0.3701657459,0.0039708532,1.450370507,0.26866819740000003,2.1753934547,-0.2318464471,377.0,6.5,6.1,,,,,,,,,,,,1.7485996838000002,0.34631673830000004,1.8500885237,-0.48490105619999996,6.5,5.5,6.0,1.0,4.0,42,0.5173622886,-0.1494379582,0.3335081354,0.0883249557,2.0282296402,-0.7607515821999999,-0.2643600061,2.9,4.4444444444,2.7777777778,2.8666666667,1377.9225,13,4,2954.2727272727,0.1921337691,-0.0129034048,1.1,1.0,1.0,1.0,1.1666666667,0.5590633546,0.2537695793
s263,1.205069275,0.27319149930000003,0.9145707581,1.3,32.9473684211,0.3666666667,598,15.625,0.2,360,-0.48070948049999995,-0.5964190471,3.3977034957999996,0.3571188436,1.9071566807,-0.9310863442,0.0011301769,0.037916626,0.1655332031,4.1333333332999995,3.0714285714,4.4333333333,2.5,2.75,3.0,3.0,39,4.5566801844,0.2848494213,1.8990090376,0.5,0.33333333330000003,9.4166666667,0.18333333329999998,2,-0.021,-2.4166666667,10.791666666700001,0.3947935368,3.0,-0.0203500898,-6.5044883303,1.25,1.0,-0.0081621943,0.7299708592,7.1,5.2,0.948433942,0.4806012682,1.4093902571,,0.027777777799999997,1.6666666666999999,2.8333333332999997,1.3333333333,4.3333333333,4.5,5.1666666667,5.666666666699999,6.0,4.8333333333,3.6666666667,1.6666666666999999,2.1666666667,1.6666666666999999,3.8333333332999997,4.3333333333,-0.8491790354000001,0.8219191483,0.0,5.320134937200001,2.565653429,0.2389359704,1.7964605208000002,44.4444444444,55.5555555556,59.2592592593,5.833333333300001,3.5,2.875,2.375,3.625,2.8571428571,3.75,53,-1.2083775268,3.5486526974,25,173.0,7,1.0625,1.2,0.7477519989,0.0012511184,0.7864379883,0.0015552710999999998,0.6388888889000001,0.06403124240000001,0.1265219767,0.06403124240000001,3,-1.7323609294,1.7060354014,0.3563799535,1.2298831576,-0.8131491209,3.9333333333,450.6666666667,2.6638611452000003,0.28372860380000003,1.578767189,-3.0,39.5,46,,,0.45798597,7,1.2738758187,0.5337371438,2.1129181862,0.0291832367,1.0,0.5833333333,0.8333333333,0.9166666667,109.0,0.0,0.1,0.4,0.4,2.753980571,0.3496039213,2.4006042522,-0.9478685704,0.5208845209,-0.008046793600000001,4.0181675433,0.3292910153,1.2074533134999998,-1.2731602395,340.0,6.8,6.5,,,,,,,,,,,,1.7286691305000002,0.4393344647,1.6316476085,-1.0561875007,6.5,5.0,5.0,2.5,5.0,55,0.0137262648,-0.2703987423,0.5603147857999999,0.122316504,1.5599260015,-0.374895722,0.2128183963,3.6,3.5555555556,2.5555555556,3.2,2152.5240740741,19,5,2930.5,-2.0848119541999997,1.7184281961,2.0,1.7272727273,2.5,2.3571428571,2.5,0.8918550779000001,0.3363347866
s266,1.1226233657,0.2761745671,1.6817183599,1.85,31.75,0.2,725,10.5,0.33333333330000003,201,-0.27071993110000003,-0.5785506288000001,2.7999859057,0.4277678439,1.9694079847,-0.0098509748,0.0064878272999999995,0.0052302246000000005,0.0320478516,3.1333333333,3.6428571429,4.0333333333,3.5,3.5,3.4,2.7142857143,41,4.4151657236,0.21836754670000003,2.0293267068,0.8333333333,0.0,20.8333333333,0.0666666667,1,-6.938893904000001e-17,-2.6666666667000003,20.6666666667,-0.1485221675,1.0,-0.0006305419000000001,0.3606321839,1.0,1.8181818182,0.20512806530000002,0.7798946243000001,10.7,7.8,3.0647814928,0.586354873,3.4498470643,0.2465080922,0.0833333333,1.0,2.3333333333,1.1666666667,3.1666666667000003,2.6666666667000003,5.1666666667,6.0,6.5,5.3333333333,1.5,2.1666666667,2.5,2.0,3.3333333332999997,4.3333333333,0.1880835846,-2.1439142119,-1.4711280928000001,-0.1259849032,1.1080680723,0.2645581292,1.2546625823,72.2222222222,22.2222222222,22.2222222222,5.5,4.75,4.375,2.875,3.375,2.8571428571,2.25,52,-0.9575666758,4.0502743994,34,230.0,10,1.0625,1.7333333333,0.99609375,0.0008582421000000001,0.9951660156,0.0010376441,0.5277777778,0.0256124969,0.0256124969,0.0256124969,3,-0.9814137593,0.6959922233,0.4432133929,1.6960952279,-0.1971813066,5.533333333300001,272.8333333333,2.7546402994999997,0.3021034327,1.5900040318000002,6.0,60.0,45,-13.8991941712,21.2698808246,,5,1.9290594128999998,0.5000655426,2.1150027259,0.057250284699999994,0.5833333333,0.8333333333,0.75,0.75,136.0,0.4,0.5,0.6000000000000001,0.8,2.6909779608999997,0.0577163736,3.8687115655,-0.9917452813,0.2828282828,-0.0028201028000000004,4.496574703,0.2416978201,2.2074173823,-1.2017954847,298.0,6.6,5.3,,,,,237.1666666667,285.1666666667,3.6386570958999997,0.311316833,2.5343381971000003,48.0,38.3244620072,2.6968422697000003,0.3543744786,2.1725315919,-1.0933644857,6.5,6.5,7.0,3.0,5.5,34,0.25877807540000003,0.3832327838,2.0362135373,0.4338242346,1.7461289187,-0.5765141073,-0.2759307542,3.7,3.3333333332999997,2.4444444444,2.7333333332999996,2653.0766666667,1,9,7197.916666666701,0.11985128869999999,1.8216124324,1.2,2.2727272727,2.3333333333,2.7857142857,3.25,0.2368418238,0.9117689162999999
s267,1.0698586999,0.10627213099999999,2.1044592571000003,2.7,26.1363636364,0.2666666667,530,23.6111111111,0.4,400,-0.149898995,-0.4748342614,3.3463484510000003,0.4682955489,1.8607295422,-0.7014448267000001,0.0005114878,0.0057478638,0.9506972656,3.4,4.0714285714,4.8333333333,3.75,3.5,3.8,2.4285714286,49,3.9047258046,0.2066252327,2.2459865907,0.1666666667,0.8333333333,11.875,0.0125,1,-0.0048333333,-5.0416666667,16.7083333333,-0.07771084340000001,1.0,-0.0064472126,-4.21349806,1.8333333333,2.0,-0.1428304639,0.7980485297000001,7.1,6.5,1.4510698313,0.5715708378000001,1.4832662041,-0.6151136182,0.1388888889,3.0,2.6666666667000003,1.1666666667,4.8333333333,5.1666666667,3.8333333332999997,5.3333333333,5.5,3.3333333332999997,1.5,3.5,2.1666666667,2.0,4.3333333333,6.833333333300001,-1.7972082307,-1.8581938675999998,-0.6009226092000001,2.1793980406999998,2.0112024231,0.23452025920000003,1.4259497419,16.6666666667,11.1111111111,37.037037037,6.333333333300001,5.5,4.25,3.875,3.75,4.2857142857,2.875,45,-1.0170844173,3.9312389163,37,262.0,7,1.8125,1.8,0.6571838379,0.0009320786999999999,0.9105514526,0.0018617366,0.5555555556,0.009797959,0.0256124969,0.06403124240000001,3,-1.0384628216,1.6545326115999999,0.4239516406,2.290253745,0.021381798799999997,4.4,,,,,,,40,-0.8928808897,7.39355959,0.5384263284,10,1.350685254,0.39253933869999996,2.5612001912999998,-0.7286645156999999,0.5833333333,0.4166666667,0.4166666667,0.8333333333,133.0,0.6000000000000001,0.5,0.7000000000000001,0.8,2.2463754136,0.0277637092,4.2197473823000005,-0.7790876126999999,0.4751243781,0.0181067587,2.8100123414,0.3153134395,1.7075703681999999,-0.1621744548,316.0,4.7,6.6,299.6666666667,2.3266448094,0.3392750185,1.8538620402,369.1666666667,303.0,2.9911430424,0.2906463834,2.3308893834,-66.1666666667,30.874447391700002,1.6679631002000002,0.3173247986,2.1304852429,-1.1916430684000001,5.5,6.5,6.0,7.0,6.5,27,-1.1140710219,-0.0056609365,1.4731633737999998,0.3622393931,1.7280713944,0.5365341968999999,-0.6812312326000001,1.3,4.5555555556,2.0,3.9333333333,2959.8666666667,10,6,2269.0,0.7084146526999999,-0.6618946371000001,1.0,2.5454545455,1.8333333333,2.9285714286,3.1666666667000003,0.7124257190000001,0.18255815739999998
s268,1.0765054656,0.2537876818,1.1255323067,1.75,35.0454545455,0.2666666667,739,20.5238095238,0.30000000000000004,406,-0.5228837627,-0.9216790253,3.5232326667,0.2928716638,2.7538641576,-0.4624603864,0.0009715144,0.0030286255,0.034792968800000004,3.0,2.8214285714000003,3.6333333333,2.25,2.25,3.2,1.5714285713999998,63,2.5524670350000003,0.22424479379999998,1.5351009897999999,0.1666666667,0.33333333330000003,11.958333333299999,0.0791666667,2,-0.008833333300000001,-3.375,13.708333333299999,0.2470449173,2.0,-0.0038817966999999997,-1.8037825059,1.0,1.6363636363999998,0.1199118085,0.6044481906,7.9,6.9,1.5892483972999998,0.3481431527,1.9088483033,-0.41330906920000005,0.22222222219999999,1.0,2.1666666667,1.0,2.6666666667000003,2.1666666667,5.3333333333,6.0,6.5,5.0,4.5,1.0,2.0,1.0,2.1666666667,3.5,-2.449249199,0.2210828095,0.1932209246,4.933693088,2.9679410708,0.2555133914,1.4583623189,27.7777777778,0.0,44.4444444444,6.166666666699999,5.0,4.25,3.75,5.0,4.2857142857,2.75,44,-1.0041893256999999,2.9758557574,34,144.0,8,1.0,1.0,0.7038291931,0.0011722024,0.9478881836,0.001706472,0.44444444439999997,0.009797959,0.0256124969,0.158113883,3,-1.3442657316,1.6966613544,0.27517513,1.7572492183,-0.1206413298,5.0666666667,284.8333333333,3.0642674372000003,0.2192097213,2.4931070675,14.5,277.5,46,6.4150125512,-5.0207169326,0.5352797843,14,1.253136175,0.3745879238,1.8465134718,-0.2431039785,0.8333333333,0.33333333330000003,0.5,0.8333333333,136.0,0.2,0.0,0.4,0.1,2.9022102836,0.35587448899999996,2.2414636618,-0.8835665648000001,0.5184275184,0.0528046879,2.3338716422,0.2393434168,1.7810573462000001,0.004774538,276.0,6.4,6.5,268.5,3.5008877533,0.3242306139,2.0900109663,274.5,353.6666666667,2.8803615916000003,0.3156738551,1.7786007765,79.1666666667,64.85919540229999,2.3619599286,0.305797726,1.9855829962,-1.5879155684,6.0,6.0,6.5,5.0,4.5,27,-0.7816907096,-1.5787963165,1.333193328,0.2945451921,1.3504922679,-0.4206218956,1.1031408778,2.3,4.0,1.7777777778,2.0666666666999998,1710.4057239057001,27,6,2253.9166666667,-1.4604332488999998,0.9374929395,1.1,1.3636363636000002,1.0,1.0,1.3333333333,0.8624238204000001,0.3026368526
s270,1.5003611447999998,0.296276882,1.6080634843,3.5,43.411764705900005,0.43333333329999996,706,20.0434782609,0.23333333329999997,443,-0.7104052719,-0.7515037137999999,4.0791010481,0.3191386552,2.4189115669,-0.40686428630000004,0.0011483946,0.0174143677,0.1886337891,2.5333333333000003,2.7857142857,3.8666666667,3.0,2.0,3.2,3.1428571429,58,3.6292427593,0.217874944,1.9729886369999998,0.33333333330000003,0.5,30.0,2.2204460489999999e-16,2,2.949029909e-17,-1.0,27.782608695700002,0.033026381300000004,0.0,-0.0048242907,-1.1595321055,1.0833333333,1.6363636363999998,-0.1821718471,0.7942238473000001,6.3,6.1,1.8595302722999998,0.35740204119999996,2.028259443,-1.2971139631,0.0,1.6666666666999999,2.1666666667,1.0,2.5,4.3333333333,6.333333333300001,5.3333333333,6.0,5.0,4.0,1.5,2.3333333333,1.8333333333,2.3333333333,5.833333333300001,-3.1224889569,-0.14850799439999998,-0.5629734621,4.194188013,2.6765760327,0.165261704,1.6593721675,0.0,0.0,7.4074074074,4.0,4.75,4.5,5.0,4.5,3.1428571429,3.375,43,-0.6807759697,4.096807786,30,162.0,9,1.0,1.2,0.7931823729999999,0.0012994774,0.8317932129000001,0.0019740164,0.6944444444,0.158113883,0.25,0.158113883,2,-0.7806561848000001,1.7905376030000002,0.31269246770000003,1.9770684898,0.14783616,5.3333333333,227.5,2.1763501614,0.2463671946,1.6015718508,4.5,232.0,46,15.2981781461,-14.3306516941,0.4707076219,11,1.2755619647,0.3900829945,1.9406723528,-0.5747320944000001,0.8333333333,0.8333333333,0.8333333333,0.9166666667,122.5,0.0,0.2,0.6000000000000001,0.1,2.4112564322,0.3773662275,1.6586810484999999,-2.3281616068,0.46517412939999997,0.0665427032,3.7111952066,0.2379045907,1.3784955005,-2.033219164,278.0,6.8,7.1,207.5,2.4145155547,0.3554037256,2.5479851301,249.6666666667,197.6666666667,3.7251476558,0.1947712793,3.5360911592,-52.0,104.78497978870001,2.3415497332,0.3987917693,1.4227784262,-2.6619385463,6.0,5.5,5.5,3.5,5.5,33,-0.4736353084,0.2276333132,1.7857256428,0.24130733399999998,1.709687367,-0.055556588899999995,-0.7799368713,3.0,3.1111111111,2.0,2.3333333333,1972.2314814815,7,9,5766.583333333299,-0.38444574090000005,0.7537718024000001,2.1,2.1818181818,1.6666666666999999,1.1428571429,1.8333333333,0.8218163383,0.4269926017
s271,1.6375240905000001,0.326816098,1.4231408702,3.1,40.0434782609,0.23333333329999997,879,35.96,0.1666666667,854,-0.7917000606,-0.7414699677000001,4.459941161000001,0.3693209721,1.9119438054,-1.4203091988,0.0009706229,0.014181518600000002,0.0402509766,3.3333333332999997,3.3214285714000003,4.0666666667,2.75,2.5,3.2,1.7142857143,48,5.445151130399999,0.2782728742,1.3644791185,0.8333333333,0.0,6.083333333300001,0.075,2,-0.001,-1.75,5.0,0.0789541089,2.0,-0.0004781217,-2.0104589113999998,1.0,1.1818181818,-0.0293301032,0.8310967145,10.0,8.4,3.2828454137,0.6023813362,1.927497253,2.2339960405,0.25,2.3333333333,2.3333333333,1.1666666667,1.6666666666999999,2.5,2.5,3.5,3.1666666667000003,2.6666666667000003,2.1666666667,1.8333333333,1.3333333333,1.8333333333,1.5,3.0,-1.8832075056,0.7146518446,0.0,5.320134937200001,3.8612683608,0.0879770772,3.019146117,16.6666666667,0.0,18.5185185185,4.5,4.0,4.375,2.875,4.375,2.8571428571,2.75,45,-0.8893284576999999,4.1867508355,32,228.0,8,1.0625,1.0666666667,0.8394607544,0.0021629776,0.72006073,0.0023225823,0.7222222222,0.0256124969,0.06403124240000001,0.06403124240000001,4,-1.4494733003,2.2716169973,0.4261935361,1.3212257953,-0.2598769039,5.0666666667,337.6666666667,3.3805990654,0.31446277040000004,1.0519853337,31.0,54.0,48,-16.3847081471,24.2886764764,0.3406592056,17,2.1284938424,0.3372743703,1.8234506889,-0.0166744419,0.5833333333,0.8333333333,0.6666666667000001,0.8333333333,122.0,0.1,0.1,0.4,0.1,3.3071366999,0.4168200822,1.5518805206,-1.5834081108000002,0.5756097561,0.1329815326,3.5541454194,0.2880630064,0.8337238812000001,-1.5748589949,247.0,7.7,7.3,304.5,3.4018004341,0.3360243342,0.8703643029000001,193.1666666667,242.0,3.0496975457,0.28261392700000004,1.3430216524,48.8333333333,36.3267947422,3.1312589781,0.3696284705,1.7606906377,-0.7376631647,5.5,6.5,6.0,2.0,4.5,30,0.3426336518,0.162898373,1.8881798363999998,0.3868698839,1.4944296053,-0.6562341347,-0.1327057151,1.7000000000000002,3.4444444444,2.0,2.6,1679.5092592592998,17,4,2982.25,28.059554653400003,-25.1639058384,1.9,1.8181818182,2.0,1.7857142857,1.75,0.1301699084,0.8303014471
s272,1.102446032,0.029132561499999998,1.7574300864,1.85,39.9411764706,0.43333333329999996,641,23.45,0.33333333330000003,447,-0.6693689032,-0.5193185708,3.3269336233,0.4442459864,1.6302986535,-1.0025538170000001,0.0039211307,0.0049646759,0.0658164063,5.0,5.8571428571,4.7666666667,3.5,3.0,2.6,3.1428571429,35,2.0853739066,0.3115837433,1.3350684838,0.33333333330000003,0.5,7.25,-0.225,1,-0.004,0.8333333333,6.916666666699999,-0.0166666667,0.0,-0.0006568627,-0.2475490196,1.4166666666999999,1.3636363636000002,-0.0810649712,0.0990321024,8.6,6.8,,,,,0.22222222219999999,3.8333333332999997,3.8333333332999997,1.6666666666999999,3.5,4.5,3.8333333332999997,5.833333333300001,6.0,5.0,4.0,3.3333333332999997,4.8333333333,5.5,5.1666666667,4.6666666667,-1.9949081242,-2.4323390676,-1.0559475558,2.4265164809,1.540660585,0.0552138271,2.0660261303,50.0,44.4444444444,55.5555555556,4.8333333333,5.25,2.375,3.5,2.125,3.4285714286,3.25,47,-1.4734436219,3.0185205071,23,150.0,4,1.625,1.4666666667,,,,,,0.06403124240000001,0.0256124969,0.0636371852,3,-0.2893582886,1.4609636104,0.5392326741,1.4362677249,-0.12206886439999999,3.6666666667,,,,,,,39,-5.2607900881,4.6085139298,0.7440954944,1,0.3279691323,0.2977901807,1.8795466534,-0.5187788188,0.5,0.5,0.5,0.33333333330000003,92.5,0.2,0.6000000000000001,0.4,0.5,2.1005878751,0.3097132309,1.9042098878,-1.3079412788,0.42525773200000005,0.0283991654,1.5174150736,0.30769120250000004,1.2824344875,-0.3414535502,369.5,5.2,5.0,,,,,,,,,,,,1.7576885593,0.4348535653,1.7393158244999998,-0.6356254278,5.5,6.5,5.0,4.0,4.0,39,-0.048962114300000005,-0.2556681145,1.3225742763,0.4120410469,1.4442256731999998,-0.08545708610000001,-0.11502537369999999,3.7,3.2222222222,4.0,4.0666666667,1946.3685185185,12,7,3886.75,0.043242500499999996,-0.0451204353,1.8,2.1818181818,2.8333333332999997,2.9285714286,2.8333333332999997,0.7199844455000001,0.2444868968
s274,1.3859283913999998,0.3169413022,1.9925537294,3.35,33.9130434783,0.23333333329999997,715,33.0,0.5,465,-0.7910299847000001,-0.529246081,4.9148310376,0.3434531253,3.1108184328,-0.27849315809999997,0.0009403327999999999,0.0026622162000000003,0.0022148438,3.2666666667000004,3.5714285714000003,4.0,1.5,2.0,2.4,3.4285714286,50,6.4723023874,0.2713349969,2.4583905992,1.0,0.0,9.0833333333,0.1,3,-0.0063333333000000006,-2.3333333333,10.5,0.0317923186,2.0,-0.007940256,-3.1792318633999996,1.0,1.0909090909,0.3496524788,1.1852781219,8.3,8.1,2.9636902396,0.4410434424,2.2285719845,-0.5460687917,0.4722222222,2.5,4.6666666667,1.3333333333,3.1666666667000003,4.1666666667,4.3333333333,4.1666666667,4.5,5.3333333333,2.6666666667000003,1.8333333333,3.3333333332999997,3.0,2.5,5.1666666667,-0.4742587556,0.5808182652,0.0,5.320134937200001,3.2760182000999998,0.2179335015,2.5449610153999997,16.6666666667,33.3333333333,29.6296296296,6.0,4.5,3.625,3.625,4.25,3.4285714286,3.375,38,-0.9575666758,4.0502743994,26,289.0,6,1.0625,1.2,0.91121521,0.0013651280000000002,0.9989257812,0.0012498266,0.75,0.003935979300000001,0.009797959,0.009797959,3,-0.7269115505,2.0001745672999998,0.5116544442000001,2.2316472663,-1.0024331926999999,4.4,373.8333333333,3.6898994708,0.28520058730000003,2.1151600173,21.0,112.5,46,8.8157205478,4.6248748400999995,0.5861701422,18,2.1748461897999998,0.6009079248,1.9889601254,-0.21397586850000003,0.75,0.0,0.5833333333,0.8333333333,113.0,0.4,0.6000000000000001,0.9,0.30000000000000004,2.9898133212,0.4425202546,2.1244412958,-0.9783962023,0.5486284289,0.053671433600000006,4.8567025869,0.28561100970000003,1.9892497519,-0.7663768281000001,325.5,6.1,6.1,320.5,5.414016058500001,0.2890330023,3.833202625,245.1666666667,322.6666666667,3.3997066679000003,0.3914702791,1.7653486582,77.5,-22.978620955300002,3.6247132474,0.3035094001,2.1017873512,-0.9260235989,5.5,4.0,4.5,1.0,5.0,41,-0.5241794768,-0.7781977582999999,2.0987721293,0.35763783730000004,1.9216982282,-0.2501709205,0.35455224479999997,2.4,3.2222222222,2.0,2.2,1999.4727272726998,1,9,3495.8333333333003,3.302616553,0.2006706955,2.1,1.2727272726999999,1.6666666666999999,1.5714285713999998,2.0,0.1994733538,0.4742251072
s276,0.8952427181,0.18331257469999998,1.3769000071000002,1.7000000000000002,44.0,0.33333333330000003,830,38.5714285714,0.5333333333,505,-0.484149358,-1.3931912828000002,4.1523549009,0.2983687255,2.5411657538,-1.5634379266999998,0.0005459954,0.0132180176,0.0266875,2.6666666667000003,2.8571428571,2.3666666667,3.25,2.75,3.8,2.5714285714000003,54,6.2432817788,0.22561438239999998,2.186110244,0.1666666667,0.33333333330000003,15.416666666700001,-0.0416666667,1,-0.0016666667,-4.5833333333,6.083333333300001,-0.034482758599999996,1.0,-0.0011034483,-2.7241379310000005,1.0,1.8181818182,-0.0337933439,0.0078741772,7.1,4.6,3.4559621917000003,0.3626795912,2.180786961,0.0757152704,0.11111111109999999,2.0,3.3333333332999997,1.0,3.3333333332999997,3.3333333332999997,4.5,5.3333333333,5.5,3.6666666667,3.1666666667000003,2.5,3.1666666667000003,1.6666666666999999,3.8333333332999997,4.6666666667,-0.47453391270000006,0.8273621414000001,0.0,5.320134937200001,2.9634581707999996,0.1608029137,2.3026608901,5.5555555556,66.6666666667,51.851851851899994,5.1666666667,4.5,4.5,3.875,3.75,3.7142857143,4.25,48,-1.0170844173,3.9312389163,33,228.0,4,1.0,1.6666666666999999,0.8366470337,0.0011520908,0.994921875,0.0014291863,0.5555555556,0.009797959,0.0256124969,0.06403124240000001,5,-1.5353734135,1.620729387,0.4501271394,1.4744352316999998,0.0324779581,5.2,321.6666666667,3.3295603787,0.3173080222,1.4267933784,39.5,8.5,45,-1.9784454979,5.7792773082,0.36047012219999996,2,2.2095624656,0.4208839625,1.8389263858000002,-0.298761053,0.8333333333,0.5,0.6666666667000001,0.9166666667,139.0,0.2,0.6000000000000001,0.8,1.0,2.7885178485,0.4197107211,1.495138846,-2.4043399896,0.5170731707,-0.0034188797000000003,4.1788652756,0.2388670139,1.588004549,-1.556777536,251.0,6.1,5.7,246.8333333333,2.9041809435,0.2902126989,1.8447290241999998,189.6666666667,223.5,3.1994426485000003,0.34832713810000004,1.535493315,33.8333333333,65.73311425680001,3.1394669122,0.3339253591,1.9206798838999999,-0.8332595113,5.0,6.0,7.0,6.5,7.0,39,-0.0906443127,0.40728327649999996,1.0045815101,0.32033203309999997,1.3889312812,-0.5028565886,-0.48320957299999995,3.4,3.6666666667,1.2222222222,2.8666666667,2031.5666666667,21,6,1944.8333333332998,-0.5016674415,1.4798204191,1.2,1.6363636363999998,1.9166666666999999,1.2857142857,2.9166666667000003,0.3563307933,0.7567486587000001
s278,0.7215585211000001,0.2737422834,1.2126875053,1.6,31.3636363636,0.2666666667,656,24.181818181799997,0.2666666667,509,-0.0924578019,-0.5846603032000001,2.5359470625,0.35369536170000004,1.6290923491,-0.1987964969,0.0071383921999999995,0.08902148439999999,0.0140234375,5.666666666699999,3.9642857143,3.8666666667,2.5,2.5,2.8,4.0,39,4.747618953,0.28185199980000003,1.2569282577,0.5,0.33333333330000003,12.625,-0.0041666667,2,0.0048333333,-5.958333333300001,11.875,-0.1521428571,1.0,0.0015,-0.3785714286,1.0,1.0909090909,0.022935857200000003,0.8040974234,6.8,7.5,2.8863795356999997,0.3768704772,1.6682660046000002,3.2110425667,0.027777777799999997,1.5,3.1666666667000003,1.1666666667,2.1666666667,4.3333333333,5.833333333300001,5.0,6.166666666699999,6.333333333300001,3.8333333332999997,2.0,3.3333333332999997,5.0,2.1666666667,6.666666666699999,-2.2957984224000003,-0.8989454697,-0.1767059001,3.2838793855,2.6298248063000003,0.27142148039999997,1.4023836309,66.6666666667,0.0,25.925925925900003,4.5,1.75,3.75,3.625,2.625,2.2857142857,5.0,41,-1.2890129855,3.38738178,23,141.0,6,1.1875,1.1333333333,0.7259158134999999,0.0008336449,0.7190015793000001,0.0007653683999999999,0.4166666667,0.0256124969,0.0256124969,0.0256124969,4,-1.4373321819999998,1.2300962456,0.4332735892,1.4786555147,-0.8722464992000001,5.0,434.5,2.2170777684,0.3574754765,1.2594894789,57.0,59.0,45,,,0.5585767817,15,1.5478596485,0.41265358259999996,1.9402200257,0.33570670620000004,0.4166666667,0.1666666667,0.5833333333,0.4166666667,114.0,0.2,0.2,0.5,0.0,2.2881761802000002,0.3886612975,1.0177429319,-3.2029731125,0.40350877189999995,0.0091635793,2.4345464291,0.3231363733,1.0799967336,-1.2076973258,314.5,5.5,4.3,361.5,3.725414916,0.32686886060000003,1.6161865348000002,243.5,286.5,2.8126881451,0.2944603133,1.4410771208000002,43.0,6.6549494949,2.7645172126,0.35749766899999996,1.3276653461,-1.4651455333,4.5,6.5,1.5,3.0,6.0,59,0.9105368404,-0.3964815345,1.7703506751,0.3126660905,1.4608823331,-1.0037047534,0.0877629484,4.7,4.5555555556,3.5555555556,3.2666666667000004,2627.4814814815,5,6,3373.0,,,2.1,1.6363636363999998,3.25,1.8571428571000002,1.75,0.2583373772,0.14579046140000002
s279,0.6705145932000001,0.072872648,1.8756068447999998,1.55,22.2692307692,0.1333333333,551,11.153846153800002,0.1333333333,273,-0.3179353486,-1.6985975675999998,3.3920368923,0.34894368610000004,2.5601116965,-0.5434943394,0.0010992365,0.0041819305,0.18132324219999998,3.8,3.8214285714,4.4,2.75,3.0,3.0,2.8571428571,41,3.1678569618,0.2307511744,1.8542847931,0.33333333330000003,0.1666666667,15.125,-0.0791666667,0,0.0051666667,0.20833333329999998,5.625,0.024645390099999998,1.0,-0.0006808511,-0.9131205673999999,1.4166666666999999,1.8181818182,0.44047827939999995,0.5101646905,5.9,2.4,0.5213663068000001,0.6472753413,1.9088601818,-0.8651250672,0.25,1.8333333333,2.5,2.1666666667,1.8333333333,1.8333333333,4.8333333333,4.5,5.3333333333,4.6666666667,4.6666666667,1.0,3.6666666667,1.0,3.6666666667,1.3333333333,-4.5444033618,-0.9506825237,-0.3884511935,3.7790742791,1.3803762411000002,0.2510739889,1.6491770225,44.4444444444,55.5555555556,59.2592592593,3.6666666667,3.75,4.75,2.5,4.125,1.2857142857,2.375,39,-0.9575666758,4.0502743994,27,150.0,10,1.1875,1.4,0.6506079078,0.0007161978000000001,0.6474649190999999,0.0006298158,0.4166666667,0.009797959,0.06403124240000001,0.06403124240000001,2,-0.4415276725,1.3414874625,0.4689645386,1.7084603929000002,-0.23348627649999998,4.0666666667,,,,,,,46,-16.3707194027,18.1137054443,0.8237788754,4,1.0868570634999999,0.6143547742000001,2.0733640594,-0.1763455545,0.33333333330000003,0.8333333333,0.5,0.5833333333,106.5,0.4,0.6000000000000001,0.5,0.5,2.6394736139,0.0183177369,4.6439426823000005,-1.0210654689,0.46315789469999996,0.0085748673,3.0304499814,0.3371583474,1.6018202292,-1.2640176733,413.0,3.4,3.1,,,,,,,,,,,,1.8250122803,0.35645130259999996,2.0148196468,-0.7677580128,4.5,5.5,4.5,3.5,5.0,44,-0.29303049610000004,-0.3660319183,0.7805555311,0.11430965259999999,1.9713220025,0.151345063,0.07906626900000001,2.9,3.1111111111,3.0,3.0,5912.5,-12,2,5646.0,0.37647757119999997,0.071458964,2.1,1.6363636363999998,2.1666666667,2.5714285714000003,2.6666666667000003,0.42227639009999995,0.7295994973000001
s280,1.4777784368,0.25947426690000003,1.0868955573,2.0,19.4166666667,0.2,444,19.9583333333,0.2,453,-0.7395941045000001,-0.7798585825000001,3.6308767647000004,0.3812945447,1.3424709111000002,-1.4914847229,0.00025005169999999996,0.0013656769,0.0081992188,2.7333333332999996,3.75,4.2666666667,2.0,3.0,4.0,3.5714285714000003,56,6.0013707817999995,0.3019868213,1.3290228631,0.6666666667000001,0.1666666667,11.25,0.1416666667,1,-0.002,-3.0,14.75,0.0354449472,1.0,-0.0001861668,-1.7511312217,1.0,1.3636363636000002,-0.2304924866,0.8592629154000001,8.4,7.9,2.1141376858000003,0.5523013881000001,1.7166033526,-1.2955295118,0.6666666667000001,2.1666666667,3.1666666667000003,1.0,4.0,3.8333333332999997,5.666666666699999,5.833333333300001,5.5,4.6666666667,4.1666666667,1.0,2.5,1.6666666666999999,2.6666666667000003,3.1666666667000003,-4.5213381111,0.9204575106,0.3298219498,4.6604910377,3.4418984795,0.2182346148,1.5327309851000002,5.5555555556,55.5555555556,44.4444444444,6.166666666699999,2.25,4.5,3.25,3.75,2.4285714286,3.25,48,-1.0170844173,3.9312389163,28,228.0,9,1.3125,1.8666666666999998,0.7062306404,0.0011701181,0.6480448246,0.0011301362,0.6944444444,0.0002011893,0.0006324555,0.0015811388,3,-0.3292569629,2.3472720646000003,0.3740493155,1.8499964431,-0.2258949494,4.3333333333,270.1666666667,3.2673231008999997,0.2989097827,1.7654412331,-3.0,42.5,44,-15.4379408914,23.9632905059,0.3994237256,16,2.1316385173,0.4935417997,1.7211897369999998,-0.6037426906000001,0.6666666667000001,0.75,0.9166666667,0.6666666667000001,127.0,0.1,0.1,0.5,0.8,2.6251194131,0.4546920675,1.6208799997,-2.5033731938,0.5232273839,0.0621671803,4.0987071323,0.27873488020000003,1.402032022,-0.7134579284,301.0,5.4,5.5,414.5,4.6146585715,0.33799548700000004,1.9556267505,266.1666666667,270.0,3.4258906419,0.32662585520000004,1.8083766999,3.8333333332999997,56.3591494343,2.5501892484999997,0.3655635134,2.1582687309,-0.8518018146999999,6.5,6.5,5.5,5.0,6.5,59,-0.8576080962999999,-0.35631402830000003,1.7089898704,0.3500385426,1.3351545697,-0.0030466989000000003,0.2448441257,2.2,4.0,2.5555555556,3.8,1981.5783333333,6,8,3440.5,0.5501301276,0.2047944126,1.6,1.5454545455000002,1.9166666666999999,1.4285714286000002,2.5,0.8068846437,0.8236516517
s282,0.9242782384999999,0.17481456,1.4750223141,1.75,26.8461538462,0.1333333333,667,20.6086956522,0.23333333329999997,456,-0.7484075147,-1.5069688023,2.1095359956,0.33726119720000003,1.276606183,-0.5516626406,0.000149852,0.0001550083,0.1618535156,3.0666666667,2.25,3.1333333333,2.5,1.75,3.2,2.1428571429,53,3.0690298144,0.28111030070000004,1.2566693440999999,0.33333333330000003,0.33333333330000003,8.1666666667,0.033333333300000004,1,-0.0033333333,-1.5833333333,11.25,0.30835187059999997,3.0,-0.0102770475,-5.2164812942,1.0833333333,1.2727272726999999,-0.130727254,-0.2987610255,7.4,8.4,3.2283212693,0.6093474443,1.6370849144,0.4181884438,0.22222222219999999,1.8333333333,2.3333333333,1.1666666667,1.1666666667,4.0,2.8333333332999997,4.3333333333,2.8333333332999997,2.8333333332999997,2.3333333333,2.6666666667000003,2.5,3.0,2.3333333333,5.5,-2.0343958743,-0.8994916040000001,-0.8253499481000001,2.8965513426,1.6629596849,0.033974694,1.7113482147,66.6666666667,33.3333333333,11.1111111111,3.8333333332999997,4.75,4.125,2.25,2.5,3.8571428571,3.25,37,-0.6681338368999999,2.4681653177,28,119.0,9,1.0,1.4666666667,0.6899387359999999,0.0010882785,0.9172943115,0.0020777683,0.75,0.25,0.1265219767,0.0256124969,3,-1.9709773352,1.3419719007,0.3298881937,1.1348910518000002,-1.2184539271,5.2666666667,349.1666666667,1.7003278985,0.3079975279,1.1076265925,24.0,93.5,46,-3.2708399347,7.6878396426,0.4351956356,2,1.1222913742,0.4336289265,1.8164959958000002,-0.8636263317,0.9166666667,0.8333333333,1.0,1.0,138.0,0.5,0.4,0.30000000000000004,0.1,,,,,0.46305418719999997,0.08588582759999999,2.3381234787,0.27425888930000003,1.0765364591,-0.8707147693,304.0,4.3,5.1,276.0,2.9116864377,0.2975881923,1.2968293982,267.0,269.5,2.0537590701,0.29618753600000003,1.1824370829000002,2.5,-0.6235706861,1.0215701468,0.33984227270000006,1.2027412296,-1.5768741144,3.5,6.5,4.5,1.5,4.5,43,-0.2583154398,-0.6343162303000001,0.4389298561,0.0817800489,1.6275000323,-0.0352267048,0.1668384465,2.9,3.3333333332999997,2.1111111111,2.1333333333,2195.8333333333,20,6,2455.8333333333,-0.6886928301999999,0.3905394579,1.3,1.3636363636000002,1.1666666667,1.2857142857,2.0833333333,0.1988312269,0.4427432442
s283,1.9346382906,0.37450218479999997,1.0992178486,3.1,31.5714285714,0.30000000000000004,633,20.0,0.33333333330000003,380,-0.6907963410000001,-0.8439038068000001,4.4275369289999995,0.419170586,2.3650561208000003,-1.2883787446,0.0023862614000000003,0.0073007813000000015,1.0603144531,4.8666666667000005,4.0,4.7,3.0,3.25,3.6,3.1428571429,31,5.5158388575999995,0.3741198165,1.525282845,0.6666666667000001,0.0,14.625,-0.054166666700000005,0,0.0015,-0.625,6.333333333300001,-0.022023678999999997,1.0,-0.0029515457,-2.3379741285,1.1666666667,1.4545454544999998,-0.011540779499999999,0.8971627335000001,7.9,6.7,2.4707073343,0.4803327312,1.4921983984,-0.6471261207,0.22222222219999999,4.1666666667,4.6666666667,2.1666666667,2.1666666667,3.5,5.0,4.5,5.833333333300001,6.333333333300001,4.8333333333,2.3333333333,3.6666666667,2.8333333332999997,1.0,5.1666666667,-1.5395796884000001,0.4001108156,-0.3719338943,3.8121088774,2.3314037635,0.30679774,1.3832726891,77.7777777778,11.1111111111,51.851851851899994,5.666666666699999,5.0,2.625,2.125,3.25,3.0,3.125,38,0.12676200640000002,5.711883738200001,21,221.0,7,1.0625,1.3333333333,0.6950707912,0.0008338242,0.9608337402,0.0016880301,0.6666666667000001,0.158113883,0.06403124240000001,0.158113883,5,-1.5509776669000002,2.1724054038,0.5634290769,1.4950637082,0.026467671,3.4666666667,337.3333333333,4.140369129100001,0.415664727,1.428053929,-2.0,52.5,43,2.9627668502,0.6242908016000001,0.4161855879,14,1.3586208085,0.5540784115999999,1.5660787092,-0.8915088717,0.5,0.5833333333,0.8333333333,0.75,99.0,0.8,0.8,0.8,0.30000000000000004,3.0496971683,0.5062196898,1.6504183178999998,-3.531454653,0.4950980392,0.036840611700000005,3.8376195775,0.3643375664,1.0523360968000002,-1.1109674109,435.5,6.8,6.0,358.5,7.4624918000000005,0.2957478316,4.4566027883,291.0,272.3333333333,3.5775222893,0.4217531304,1.2831624634,-18.6666666667,36.9926145553,2.6709787080000003,0.4942240353,1.6849785046,-1.7881990379,3.0,5.5,4.0,1.0,7.0,45,-0.0076609396,-0.2449578777,1.1800793143000001,0.47529035090000005,1.3899249936000002,-0.7197828325000001,-0.36230534909999995,3.6,2.6666666667000003,2.7777777778,3.4,2047.5185185185,8,8,4529.1666666667,-0.49795595090000006,-0.3677247801,2.2,1.9090909091,3.0833333332999997,3.0,2.5833333333,0.16612574900000002,0.6076559899
s288,1.2436047997,0.252462544,1.4620607383000002,2.1,42.3888888889,0.4,725,22.555555555599998,0.4,386,-0.7166256865,-1.0570193091,2.5158812043000003,0.32698327660000004,1.1856644137,-2.0285415847999997,0.001362234,0.0065715637000000006,0.21334375,3.7333333332999996,2.8928571429,3.5,1.75,2.0,3.0,3.8571428571,41,3.7665800268000003,0.235701263,1.1003402267,0.8333333333,0.0,8.375,0.1041666667,3,-0.0055000000000000005,-1.375,8.1666666667,0.1946605003,3.0,-0.0093685096,-3.3977296616,1.0,1.1818181818,-0.19302729780000003,0.6431857683000001,8.1,6.8,2.7217606508000003,0.3731369218,1.4665778512,0.2580281302,0.0,2.1666666667,2.6666666667000003,1.0,1.6666666666999999,3.1666666667000003,3.0,4.6666666667,4.0,4.1666666667,2.1666666667,1.1666666667,1.0,1.6666666666999999,1.3333333333,4.6666666667,-2.9484091458,0.4761081203,0.5852987131,4.1495375109,2.0567613874,0.0085713908,1.8424809583000001,50.0,55.5555555556,44.4444444444,3.3333333332999997,4.75,4.125,3.625,3.0,3.0,3.5,37,-1.2890129855,3.38738178,18,259.0,8,1.0625,1.1333333333,0.6873200178000001,0.0012524155,0.9716796875,0.0018907756,0.75,0.06403124240000001,0.25,0.158113883,1,-2.0806326293,1.6478580961000002,0.34590602090000006,1.3384623306,-0.3669280856,5.3333333333,281.6666666667,2.7347214942,0.284346786,0.8763016271999999,18.5,9.0,46,32.585688004299996,-27.222251956199997,0.29848798390000003,9,1.7477096909999998,0.4395642211,1.5240414529,-0.4149724829,0.5833333333,0.6666666667000001,0.75,0.4166666667,102.0,0.2,0.1,0.5,0.1,3.2446357708999995,0.3991637981,1.3520111283,-0.7720196390999999,0.4563591022,0.0516187614,3.1329133738,0.2407123694,1.1833083367,-0.5867907743,248.0,6.0,6.1,235.0,3.0185743604,0.2804515503,1.2155080304,216.0,212.6666666667,2.0810287682,0.2136472826,1.1839301491,-3.3333333332999997,25.1515931373,2.3694841788,0.29204785580000003,1.1971333923,-1.3596873963999998,6.0,5.5,3.0,1.0,4.0,53,-0.1660252074,-0.06365407270000001,1.6153259638000002,0.0425251607,2.2514632148,-0.1945300339,-0.0636466643,3.4,3.6666666667,1.3333333333,2.0,1501.1515151515,-1,11,4251.9166666667,23.1873433065,-22.825228639299997,2.4,1.0,1.75,1.1428571429,1.25,0.2684377638,0.19416329219999998
s289,0.5870682585,0.0302501589,1.4017647729,1.35,36.7142857143,0.5333333333,489,36.9375,0.4666666667,552,-0.2086743484,-1.0614603342,2.4758055376,0.3969621943,1.2370897605,-0.3721707265,0.1150921402,0.0295854492,0.0377958984,2.3333333333,2.9642857143,2.2,4.0,3.0,4.0,1.5714285713999998,65,2.0341848886,0.0483627312,1.9398552891,0.33333333330000003,0.33333333330000003,15.166666666700001,-0.0666666667,0,0.0036666666999999997,0.6666666667000001,11.333333333299999,-0.0376902417,0.0,0.0006642792999999999,-0.30214861239999996,1.0,1.2727272726999999,-0.037354313,0.1244065568,5.7,4.5,1.9505672175,0.2698588154,1.9187471873,-0.6900079772000001,0.027777777799999997,4.6666666667,4.0,3.3333333332999997,1.5,2.8333333332999997,4.6666666667,3.1666666667000003,4.0,4.6666666667,5.3333333333,2.5,4.3333333333,3.5,1.1666666667,2.5,0.5990375887,0.6041389511,-0.3782046503,1.3936880285,1.0215263692,0.06436621890000001,1.4264733081999998,66.6666666667,0.0,3.7037037037,6.666666666699999,2.75,5.0,5.0,3.125,4.2857142857,4.75,52,-0.8972910517,2.0098508882,34,101.0,6,1.0,1.2,0.6971467972000001,0.0021764407,0.5934308052,0.0021833104999999997,0.44444444439999997,0.25,0.25,0.25,6,-1.304766886,1.5053269206,0.3087443398,1.4314607335,-0.7824155598,5.8666666667000005,,,,,,,48,,,0.5335036019,2,1.1945987056,0.46390516159999995,1.6109871019000002,-0.365769474,0.5833333333,0.75,,0.8333333333,141.0,0.1,0.2,0.30000000000000004,0.1,2.3549755809,0.3628353057,1.3815075503999998,-1.488420639,0.3636363636,0.0023170295999999997,1.9783127513,0.2265979937,1.2404815746,-0.2909118339,331.0,4.6,3.8,,,,,,,,,,,,1.5595107931,0.3850202726,1.3595747014,-0.8995586822,7.0,7.0,7.0,7.0,7.0,71,0.6156091683,0.2514999605,1.4327391566,0.3125844839,1.3947299639,-1.1902420297,-0.5444789825,2.6,4.7777777778,1.6666666666999999,3.9333333333,1777.2407738095,41,4,2117.3333333333,,,1.4,1.5454545455000002,1.0833333333,1.0,2.5,0.3111761461,0.6390197394
s292,1.4321235309,0.23859877149999997,1.4531603563,2.7,21.7692307692,0.1333333333,523,16.9090909091,0.2666666667,359,-0.4107364804,-0.4692111228,3.4847972113,0.29924237789999997,1.9526565653,-1.6605510021,0.00035613199999999994,0.008279357900000001,0.0151943359,4.4,4.0,3.8,2.75,2.75,3.6,3.1428571429,43,5.3255179053,0.2805712331,2.0343181942,0.5,0.5,2.8333333332999997,-0.025,2,-0.006999999999999999,-1.6666666666999999,4.875,0.1204225352,2.0,-0.0106478873,-2.8028169014,1.0833333333,1.2727272726999999,0.0091868031,1.0213116634000001,8.1,6.6,2.0626707852,0.3877776942,2.7047691131,-0.1377818368,0.4722222222,1.1666666667,3.1666666667000003,2.0,3.1666666667000003,4.8333333333,6.0,4.3333333333,6.666666666699999,5.5,2.1666666667,1.3333333333,3.1666666667000003,2.0,2.8333333332999997,5.0,-3.1656231936,-0.2802116691,0.3298219498,4.6604910377,2.6793852984999997,0.1478082052,2.1145902040999998,61.111111111099994,66.6666666667,44.4444444444,6.0,2.75,3.375,3.125,4.0,2.5714285714000003,3.75,49,-0.9575666758,4.0502743994,26,286.0,6,1.125,1.2,0.6426834107,0.0010012673,1.0,0.0011240761,0.5833333333,0.009797959,0.009797959,0.0256124969,3,-0.7289749185000001,1.3809605535,0.5044716556000001,2.1514584181,-0.3335347447,3.8666666667,,,,,,,46,-24.689158363,26.7474276319,0.6303677352,15,1.6176973638999999,0.5069927853,2.2012431043,-0.1842471784,0.8333333333,0.1666666667,0.8333333333,0.8333333333,117.0,0.0,0.30000000000000004,0.6000000000000001,0.4,3.6299051964999998,0.37306374789999996,1.5155181422,-2.4824850611,0.3985148515,0.057666897300000006,3.9968261141,0.2745280449,1.8749475208,-0.9636041911,300.0,6.2,6.1,187.8333333333,3.0695950349000003,0.2221038708,2.643726113,264.6666666667,280.8333333333,3.4512128616,0.3280862698,1.3738929941999998,16.1666666667,-13.2492247389,2.3247911836,0.3110310417,1.8046464472,-1.3016037808,6.0,6.0,5.5,3.5,5.0,34,-0.31712237579999997,-0.4076660779,1.8087864563,0.290706087,1.7148391488,-0.277490636,0.40164412159999996,2.6,4.3333333333,2.2222222222,3.2666666667000004,3291.5833333333003,1,9,3959.0833333333003,1.5025747669,0.2336148512,1.7000000000000002,1.8181818182,2.25,1.2857142857,1.8333333333,0.16641535640000002,0.5016537703
s296,0.8184468261000001,0.2802215719,1.7169472266,1.95,24.04,0.1666666667,576,20.5263157895,0.3666666667,368,-0.8265828128,-0.8798516037999999,2.4774565061,0.28498306700000003,1.5583600491,-0.973377354,0.00012082899999999999,0.000494627,0.0073896484,2.7333333332999996,4.25,4.5666666667,3.0,3.0,3.4,2.8571428571,53,3.0894984187,0.3045205914,1.5480590613,0.33333333330000003,0.6666666667000001,8.3333333333,0.05833333330000001,1,-0.006,-0.5833333333,3.7916666667,0.07083333330000001,2.0,-0.0060980392000000005,-0.8921568626999999,1.0,1.4545454544999998,-0.012731251200000002,0.7564402228,7.3,7.0,1.2995297662,0.5125270364,2.0611043198,-1.0889195729999999,0.30555555560000003,2.8333333332999997,4.1666666667,2.6666666667000003,3.3333333332999997,4.1666666667,4.5,4.6666666667,3.8333333332999997,4.6666666667,2.8333333332999997,1.8333333333,2.5,4.3333333333,4.1666666667,5.5,-0.8935089619000001,0.2352341551,-0.5629734621,4.194188013,2.0333035688999996,0.18074673859999998,2.2875910666,44.4444444444,33.3333333333,44.4444444444,5.0,2.75,3.875,3.875,4.25,3.1428571429,3.0,50,-0.8075379761,4.3503317988,27,201.0,4,1.0625,1.5333333333,0.7604797363,0.0017645689,0.9964599609,0.0026513745,0.8333333333,0.0038729833,0.0038729833,0.009797959,3,-2.0030426811,0.8912055042,0.4739781057,1.1828326544,-0.5195198132000001,4.2666666667,326.0,2.2338253168,0.33059775280000003,1.2792909139,62.5,36.0,45,-9.0286246576,12.8529726849,0.6736358227,13,1.4044669141,0.5502948653,2.4219967556,-0.3468212643,0.6666666667000001,0.75,0.75,1.0,124.0,0.0,0.8,0.8,0.9,2.9626451217,0.3836836606,1.9959148872999999,-1.8128127453,0.4688279302,0.037015761800000005,3.50903296,0.32489275360000003,1.8091614294,-0.9365239139,326.0,6.4,6.7,301.8333333333,2.7223705541000003,0.3797073971,1.3585109572,234.3333333333,314.5,2.7728196277999997,0.2962869675,1.5853352258000002,80.1666666667,52.322786588,2.6819219348,0.3984708278,2.2790172615,-1.1934822625,6.5,6.0,6.5,6.5,6.0,41,-0.4067069929,0.1578349178,1.6920407053000002,0.35504535740000004,1.5742992342000002,-0.2601799898,-0.5052223109,2.3,3.7777777778,3.5555555556,3.6,2786.3958333333003,1,8,4364.3333333333,-21.278200741400003,21.927012108200003,1.8,2.0,1.6666666666999999,1.2857142857,3.0,0.7255501360000001,0.2189318904
s298,1.3666793233,0.25978633770000004,1.2416490411,2.3,14.5217391304,0.23333333329999997,317,12.16,0.1666666667,290,-0.44561067020000006,-0.6734567170999999,3.7993275502999997,0.4298180656,1.7681254733,-0.6104804764,0.0002983919,0.0017303695999999998,0.0018261719,2.8666666667,3.6071428571,5.1,2.5,3.5,3.4,2.4285714286,51,4.9515336199,0.275459242,1.3657647049,0.33333333330000003,0.5,8.4583333333,0.0041666667,2,-0.0118333333,-1.9583333333,12.583333333299999,0.048402018500000005,0.0,-0.0025382675,0.2983599664,1.1666666667,1.8181818182,0.1107623735,0.9826229609999999,6.8,6.0,2.142039724,0.4063291895,1.6373454176000002,0.8010309418000001,0.5,2.1666666667,5.666666666699999,1.1666666667,2.5,4.1666666667,4.5,5.0,4.5,4.3333333333,3.5,1.8333333333,5.3333333333,3.0,2.0,5.666666666699999,-2.8830695233999997,-1.1163058761,0.1910395678,4.9380558016,3.2999716354000004,0.27946937450000003,1.3971938305,33.3333333333,100.0,29.6296296296,5.0,3.25,4.625,4.0,4.625,2.8571428571,2.75,41,-1.1195720593,3.7262636324,26,171.0,6,1.3125,1.4666666667,0.6452968597000001,0.0010945202,0.7659505844000001,0.0012995194,0.44444444439999997,0.0038729833,0.009797959,0.009797959,2,-1.0451477122,0.7676740851,0.5358970225999999,1.7449922085,-0.4441536733,5.2,281.3333333333,3.1934475027,0.2774643982,1.5905228099000002,8.5,21.5,40,,,0.4466406119,6,1.7348593118000002,0.4419985464,1.7189535181000002,0.3525901561,0.33333333330000003,0.5833333333,0.5,0.8333333333,121.0,0.1,0.7000000000000001,0.6000000000000001,0.5,3.8028623856,0.4579451049,1.8788071546,-3.3335862788,0.4243902439,0.0121505003,3.2642939893,0.2793837321,1.208848255,-1.5114776347,287.5,5.6,5.0,294.6666666667,6.8597313731,0.3451746506,2.6414575629,255.6666666667,285.6666666667,6.8414179271,0.31694257400000003,2.9683500151,30.0,12.099651325,2.4765344937,0.38982253340000006,1.8175459893,-2.2686524898,6.5,4.5,6.0,1.5,7.0,42,0.21713106829999998,-0.5975424399,1.8460810655000002,0.36430416090000006,1.5470797886,-1.2047494261,-0.08993486349999999,2.5,3.2222222222,2.1111111111,3.3333333332999997,3236.125,0,5,5412.9090909091,,,1.9,2.1818181818,2.0833333333,1.4285714286000002,2.25,0.8647650837,0.23539312129999998
s299,0.9752418287,0.14627654029999998,1.5437153046,1.6,30.0454545455,0.2666666667,620,17.7826086957,0.23333333329999997,385,-0.7337604482000001,-0.7041655315,2.8488890012,0.4100491077,2.1401619533000003,-0.3033327025,0.0005437091,0.0012831917,0.0299238281,3.4666666667,3.8928571429,4.4,3.0,3.75,3.8,1.8571428571000002,49,2.655918499,0.31371982860000003,1.5166296055000001,0.5,0.33333333330000003,12.166666666700001,-0.075,0,-0.0036666666999999997,-0.33333333330000003,10.375,-0.0072289157,1.0,3.38983e-05,-0.8828874820999999,1.0833333333,2.0,-0.0654523789,0.5057451698000001,7.7,7.2,0.6932073963000001,0.1830648083,2.2060822229,-1.2189173088,0.33333333330000003,1.0,2.0,1.3333333333,2.3333333333,5.0,4.5,4.6666666667,5.5,4.1666666667,2.0,1.0,2.0,1.1666666667,2.0,5.833333333300001,-1.5032357244,0.2633353847,-0.0947678418,3.1917075756,1.7064705137,0.0775902512,2.0205434544,66.6666666667,33.3333333333,22.2222222222,5.833333333300001,2.5,4.375,4.125,5.0,3.7142857143,2.5,54,-0.9602865677,1.7053043506,31,167.0,10,1.1875,1.2666666667,0.7207732201,0.0017815231000000004,0.8068893433000001,0.0022431973000000003,0.4722222222,0.04949232,0.009797959,0.0256124969,3,-1.1577720802,1.5983896522999999,0.4442623968,1.4255191232,-0.2699501737,4.6,335.6666666667,2.6888832775,0.3962907187,1.6697595523,142.0,-28.0,43,-9.325910113099999,9.6607741113,0.523549913,10,0.7576817526999999,0.6234307647999999,2.0382524946,0.17959985050000002,,0.1666666667,,,126.0,0.7000000000000001,0.6000000000000001,0.6000000000000001,0.30000000000000004,2.2253905628,0.5287364784,1.6760681536000002,-1.2583134154,0.49357326479999997,0.0524602786,1.6252693347,0.1695680436,2.2168950631,-0.2309996281,440.5,5.9,6.0,298.8333333333,2.9944855076,0.4330011702,2.3506833585,366.0,440.3333333333,2.2127655709000003,0.3988647964,2.0258750706,74.3333333333,53.7308189655,1.7917763278,0.4697233305,1.3173017172,-1.300423903,6.5,6.0,7.0,5.5,6.5,42,0.0813796475,-0.3027664607,0.6773073603,0.0289094314,2.1313390402000003,-0.4708996835,0.3078244109,2.0,3.6666666667,3.0,4.3333333333,2006.405,7,7,2432.0833333333,0.9621002679,-0.9162907319,2.1,2.0909090909,1.75,2.0714285714,2.4166666667,0.3936061432,0.4539315757
s302,1.7552816184000002,0.27496229310000003,1.1206488847,2.3,39.15,0.33333333330000003,740,32.3125,0.4666666667,492,-0.5223064289,-0.9710917198,2.9461767725,0.3834326279,2.0449610616,-0.6373688562000001,0.0002384741,0.0009583892999999999,0.006142578100000001,3.8,3.0714285714,2.7666666667000004,3.25,1.75,4.0,3.0,47,1.8136026704,0.202010243,2.5315612804,0.6666666667000001,0.1666666667,10.125,0.0125,2,-0.0085,-2.625,9.0416666667,0.049796747999999995,2.0,-0.007325203299999999,-2.1121951219999997,1.0,1.3636363636000002,0.4908531515,0.8328205555,7.8,6.6,2.1983482843,0.4096024865,1.7122612484,-0.7062211803,0.7222222222,3.0,4.5,1.3333333333,1.5,3.1666666667000003,3.8333333332999997,4.0,3.6666666667,4.3333333333,2.3333333333,1.8333333333,2.3333333333,3.0,1.5,4.5,-0.3651872814,-1.0305453679,-0.7995830311000001,2.3313787758,1.7183683974000001,0.1147876683,2.0688698624,44.4444444444,44.4444444444,55.5555555556,5.0,2.25,3.625,4.375,3.875,3.1428571429,4.125,52,-1.2379163798,2.9825269658,34,117.0,7,1.0,1.0,0.6929619312,0.0008261982000000001,0.6758760452,0.0013511294,0.4722222222,0.0015811388,0.0015811388,0.0038729833,5,-0.8987836588,1.8041992419,0.4523030311,2.1980979046,-0.1047099258,4.4,204.3333333333,3.5173024685,0.2934829726,1.5799754459000002,2.5,28.0,47,,,0.4680244721,9,1.4144888625999998,0.4519841547,1.7890613683,-0.2813914086,0.8333333333,0.9166666667,0.8333333333,0.9166666667,133.0,0.2,0.5,0.6000000000000001,0.0,2.2902195435,0.4211857871,1.7945694469,-1.2071602147,0.4732620321,-0.011177038,2.8532388166,0.3069482692,1.5941187985,-0.6090183735,311.0,5.9,5.7,311.6666666667,3.8215457286,0.30420363570000003,1.959795625,258.1666666667,386.0,2.4460285155,0.32125646080000003,1.3581208802000002,127.8333333333,41.5220325747,2.1302931522999997,0.3488682549,1.7384527766,-1.2473090404,4.5,5.0,7.0,3.0,5.5,40,-0.1247228443,0.1876549405,1.317292813,0.3498299302,1.416634765,-0.9718376973,-0.7923466184000001,1.5,3.6666666667,1.2222222222,2.6666666667000003,2277.3333333333,19,4,2586.9166666667,0.7215986018,-0.49643688630000005,1.3,1.4545454544999998,1.8333333333,2.8571428571,1.25,0.7169510894000001,0.6582344628
s304,0.8890399270999999,0.20553097609999998,1.6522772041999998,1.55,33.95,0.33333333330000003,659,22.5238095238,0.30000000000000004,456,-0.3429318635,-5.0943321258,0.8724848165000001,0.4790133968,1.3796686259,-0.2526646755,0.0017359796,0.0010901031,0.0143730469,2.9333333333,3.3571428571,5.1333333332999995,1.75,2.75,3.4,3.4285714286,39,3.6048899179,0.2261534107,2.0035186642,0.6666666667000001,0.1666666667,10.916666666700001,-0.1333333333,1,0.0053333333000000005,-2.0833333333,14.458333333299999,-0.10214285710000001,1.0,-0.0015142857,-5.45,1.3333333333,1.7272727273,-0.0476385616,0.9217549431,7.2,6.6,1.7100875813,0.8885654644000001,1.5784714621,-1.1563993915000002,0.5555555556,2.0,2.5,1.0,2.6666666667000003,3.6666666667,5.0,5.5,5.1666666667,4.8333333333,3.1666666667000003,2.3333333333,1.8333333333,3.8333333332999997,2.1666666667,4.3333333333,-1.606824663,0.6701555158,0.0,5.320134937200001,2.0848313684999997,0.17095504120000002,2.2974300509,61.111111111099994,33.3333333333,33.3333333333,6.5,2.5,3.5,4.625,4.125,3.1428571429,2.875,46,-0.8903224109000001,3.6777149035,21,192.0,8,1.25,1.2666666667,0.5728815079,0.0008933177,0.5483540773,0.0011062566,0.5555555556,0.0038729833,0.009797959,0.009797959,1,-0.6509489224,1.5658071324,0.6166897192,2.2476421319,-0.6113378218000001,4.0666666667,315.0,2.6905303712,0.2476252039,2.0968574215999998,6.5,96.5,40,1.6423131681999998,-0.7539973622,0.8688026763000001,4,1.4596212998,0.7471711497,2.1181113844999997,-0.4869028015,0.33333333330000003,0.1666666667,,0.25,91.0,0.6000000000000001,0.4,0.5,0.4,1.9486660317,0.5694400235,2.1251288765000003,-0.0568291382,,,2.8206826431,0.34932858380000004,1.7831911235,-1.1124932291,295.5,4.9,4.8,282.8333333333,4.1985815076,0.3382152646,2.6106733635,281.8333333333,237.5,2.2668138778,0.0947716657,2.842551053,-44.3333333333,69.7605026257,2.6669294707,0.4000976243,2.6036342269,-0.7621742963,6.0,3.0,4.5,5.5,5.0,45,-0.667011156,-0.36426667770000004,0.9713886431,0.22498297329999997,1.919354559,0.3813735952,-0.1933630484,4.0,3.4444444444,3.1111111111,3.6666666667,4039.6685185184997,0,8,4362.8333333333,0.7680844089000001,0.7270487322,3.1,1.6363636363999998,2.9166666667000003,1.2142857143,2.3333333333,0.8999525494,0.3803488385
s308,1.2149502527,0.3279952646,1.5240073116,3.05,39.6666666667,0.4,687,35.4444444444,0.4,608,-0.7086328898,-1.3485851466,3.7297520926999996,0.38768500340000006,2.2806656346,-1.0848535136,0.0001166017,0.0034253922000000003,0.0630107422,2.7333333332999996,3.1428571429,2.7333333332999996,4.0,3.0,3.2,1.0,36,4.381894282,0.25659149940000003,1.4283620556,0.8333333333,0.1666666667,7.125,-0.08750000000000001,1,-0.0098333333,-1.0416666667,17.9166666667,-0.0025423729,1.0,-0.00041739839999999995,-3.1746987952,1.0,1.9090909091,1.2325915979000002,-0.31651640129999997,8.4,7.7,2.4757577205000003,0.4380363453,2.1771144003,0.8095688882000001,0.44444444439999997,1.1666666667,2.8333333332999997,1.1666666667,2.3333333333,4.5,5.5,5.1666666667,5.666666666699999,5.1666666667,2.6666666667000003,1.6666666666999999,2.3333333333,2.1666666667,3.6666666667,5.5,-1.0535492681,-1.2575237322,-0.4250370944,3.1507729495,2.3892163319,0.2439236337,1.8219315487999999,72.2222222222,0.0,25.925925925900003,6.166666666699999,3.5,4.375,4.75,4.75,4.5714285714,3.0,51,-1.0170844173,3.9312389163,38,278.0,3,1.0625,1.6666666666999999,0.7896205902000001,0.0022516098999999998,0.9,0.0021833951,0.5277777778,0.009797959,0.009797959,0.0256124969,6,-0.7737138767,1.8431025115,0.47323476329999997,1.5660921955000002,-0.2715002922,5.2,,,,,,,42,16.026487433499998,-8.2677461156,0.4229742302,12,1.4293927138999998,0.5970516472,1.6771102227,-0.4160862044,0.9166666667,0.6666666667000001,0.4166666667,0.8333333333,147.0,0.30000000000000004,0.7000000000000001,,0.7000000000000001,3.2962682295,0.4073131206,2.2055285265999998,-1.7008453183,0.5597014925,0.0252396891,3.3743781449,0.3076667816,1.4894301497,-1.3106042229000001,287.0,6.8,6.4,252.8333333333,5.355755626700001,0.4114773024,3.4077019711000003,221.5,180.0,3.5096277386000003,0.309471159,2.6019784498,-41.5,60.0378151261,2.315777738,0.3689972894,1.4874208228,-1.5235390227,7.0,7.0,7.0,6.5,6.5,32,-0.6236793582,-0.4303650818,1.7703690954,0.3091610816,1.826986726,0.40318337880000005,0.3967716063,2.0,4.2222222222,1.0,3.6,1969.3939393939002,10,8,3021.25,-0.24824947239999998,0.7704388549000001,1.2,2.0909090909,1.5833333333,1.0,3.0833333332999997,0.5986404696000001,0.5990158663
s311,1.2525324391,0.167185416,1.8619439841999998,2.35,33.9090909091,0.2666666667,707,34.2,0.33333333330000003,647,-0.7021026328000001,-1.180873137,2.9426466127,0.3054978874,1.8839801266,-1.8748770441,3.02162e-05,0.000348938,0.0053349609,3.2666666667000004,4.2142857143,3.1,2.5,2.5,3.0,1.5714285713999998,52,3.4162162349000003,0.2620673069,1.2024962726000001,0.6666666667000001,0.0,6.666666666699999,-0.033333333300000004,1,-0.001,-3.3333333332999997,11.666666666700001,0.0302126275,1.0,-0.0071772619000000015,-7.0844000868,1.0,1.0,-0.06803401440000001,0.8412487301999999,7.1,6.2,,,,,0.4722222222,1.8333333333,1.5,1.0,4.3333333333,3.3333333332999997,4.3333333333,5.833333333300001,5.1666666667,3.1666666667000003,3.3333333332999997,1.5,1.0,2.6666666667000003,6.166666666699999,5.666666666699999,-3.0471807626999996,-1.579935034,-0.1448413667,3.3579238220999996,2.8044319064,0.2608702766,1.3936575236000002,50.0,11.1111111111,51.851851851899994,6.0,5.5,2.5,3.0,4.75,3.4285714286,2.125,50,-1.1652624446,3.6348828618,22,246.0,7,1.0625,1.8666666666999998,0.5,,1.0,0.0014555085,0.6666666667000001,0.009797959,0.0256124969,0.003935979300000001,1,-0.9546001609,1.421700793,0.4051944578,1.9699698168000002,-0.2769140989,2.7333333332999996,269.6666666667,2.9457009592000003,0.3351843228,1.2500817767,-18.0,27.5,47,-0.7910599068999999,7.1901964435000005,0.5137269162,13,1.3261431311,0.3918151925,2.5792765869,-0.8465249168000001,0.4166666667,0.75,0.4166666667,0.8333333333,132.0,0.2,0.4,0.4,0.8,3.4595351968,0.41979642219999996,1.5255835525,-1.9231575131999998,0.4240196078,0.0462713262,3.5634411862,0.3284742204,1.4854027146000002,-0.8100375418000001,346.5,6.8,5.4,249.6666666667,3.4522220836,0.4195047737,2.2319477156,273.8333333333,224.8333333333,2.8441355770000003,0.3114922235,1.5697853363,-49.0,-94.7856220888,3.1908507551999996,0.3391684964,1.6882237269999998,-0.13788125369999998,3.5,6.5,5.0,2.5,3.5,42,0.5074270213000001,-0.19492641079999998,1.491636587,0.3612628322,1.5837084634,-1.0432753257,-0.1895181127,2.9,2.5555555556,1.5555555556,2.6,2330.6525,15,7,2969.3333333333003,0.5414504897,-0.974314572,1.1,1.0909090909,1.0833333333,1.0,3.6666666667,0.8170605184,0.3853521985
s312,0.9951895675,0.28366847500000003,1.149187042,1.75,17.84,0.1666666667,429,9.9166666667,0.2,230,-0.0530706497,-1.7721484668,1.8201689859999999,0.31585398940000003,1.6940935198,0.2626146446,0.0002317715,0.0287225342,0.0125644531,4.7333333333,3.7142857143,5.666666666699999,1.75,2.0,3.0,4.0,29,3.6118033614,0.2459586387,1.3952953276,0.33333333330000003,0.5,4.8333333333,-0.1083333333,2,-0.013999999999999999,-4.25,6.666666666699999,0.2075986566,2.0,-0.0129706129,-3.2619647355000003,1.4166666666999999,1.0,0.10388636960000001,0.5630176517000001,8.2,6.6,2.7876268024,0.32779952489999997,1.7538733188000002,0.24690144079999998,0.055555555599999994,2.8333333332999997,3.3333333332999997,1.8333333333,3.5,4.0,5.3333333333,5.0,6.5,5.666666666699999,3.8333333332999997,2.6666666667000003,2.8333333332999997,2.0,2.1666666667,4.5,-2.6453460512,0.5802142159,0.1932209246,4.933693088,3.6870276964,0.0615225503,2.6138515884,38.8888888889,88.8888888889,62.962962963,4.5,5.75,2.75,1.625,2.375,2.0,2.625,44,0.12676200640000002,5.711883738200001,17,213.0,9,1.6875,1.1333333333,0.8065356255,0.0013718655999999999,0.9953125,0.0021957916,0.5277777778,0.009797959,0.0256124969,0.0256124969,3,-0.06384375219999999,1.4981045023,0.4082648442,1.9781122249,-0.3128544499,3.0,150.8333333333,3.1540458877999997,0.2791884203,1.3392142184,4.0,80.5,37,-24.2950100523,41.4213097774,0.4560821879,12,1.7093307525,0.348022447,1.6463326552000002,0.15671438910000002,0.5,0.0833333333,0.5833333333,0.1666666667,73.0,0.0,0.2,0.5,0.1,3.5101605294,0.35206387899999997,1.7333503825,-1.5867398522,0.4197530864,0.0224480602,4.1021702333,0.2627255455,1.9194182591,-0.6530307338,268.0,6.9,6.4,324.1666666667,3.8071395731,0.2896777397,1.3063232186,,,,,,,,3.0712638318,0.2803881391,2.6428236973,-0.6319195181,4.0,4.5,1.5,1.5,4.0,52,-0.8691111995,0.0346825142,1.1356459136,0.06376802100000001,2.4234660485,0.6863584540000001,0.0327172732,4.7,2.7777777778,2.8888888889,2.4666666666999997,1860.3233333332998,11,7,2792.4166666666997,-0.1984289927,-2.1946000000000006e-05,2.9,1.5454545455000002,3.25,2.6428571429,1.5833333333,0.6791405767,0.2862635186
s315,1.63226373,0.2372994272,1.0642703568,1.6,35.523809523800004,0.30000000000000004,702,17.85,0.33333333330000003,335,-0.7325278115,-0.666479985,3.8330267254000003,0.34529050510000003,2.2642254019,0.1083551615,8.42184e-05,0.0078364258,0.0079980469,4.5333333333,4.2857142857,5.7,2.75,2.75,3.6,3.5714285714000003,22,3.0061780608,0.2429583279,1.3667719735,0.1666666667,0.33333333330000003,12.666666666700001,-0.1,0,-0.010666666699999999,1.5,12.625,0.0212121212,2.0,0.0061818182000000005,-3.6287878788,1.9166666666999999,1.5454545455000002,0.6782835467,0.24616721989999998,6.7,4.6,1.1492378315,0.38233424509999997,1.3915411555,-1.2638956166,0.0,2.0,5.5,1.1666666667,1.0,3.3333333332999997,4.8333333333,4.1666666667,5.5,4.8333333333,2.0,3.1666666667000003,3.3333333332999997,1.0,2.5,6.0,-0.7745494394,-4.8917617449,-1.6096498199,0.1510585512,1.9166453959,0.26802476270000003,0.9269316184999999,55.5555555556,88.8888888889,77.7777777778,1.8333333333,1.5,3.0,3.0,3.375,2.8571428571,3.75,50,-0.9928100529,3.4727396196,23,175.0,5,1.5,1.2,0.8144592285000001,0.0022319445,0.9528320312,0.0028819228999999997,0.3888888889,0.25,0.25,0.25,4,-1.0241684640000002,1.2181847057,0.3843513685,2.0054968949000003,0.08264165030000001,3.2666666667000004,221.5,2.1276216338,0.249801715,1.2998642742,-23.5,-22.0,28,,,0.5170343519,2,0.6450040714999999,0.29657003460000003,1.5102630675,-0.6232620962000001,0.33333333330000003,0.25,0.5,0.4166666667,110.5,0.30000000000000004,0.4,0.7000000000000001,0.2,2.6798742871,0.3928674772,1.7194539552,-2.8042073575999997,0.3676880223,0.0337465392,2.7466490263,0.31037500219999997,1.2051340655,-0.522407972,279.0,5.6,3.6,210.0,2.7615473750999997,0.3078259716,1.3481993957,210.5,245.1666666667,2.940517624,0.30200995610000003,1.0643483187,34.6666666667,31.3141734417,2.0217154744999997,0.29981044219999997,1.7717321276,-1.974610833,3.0,4.0,2.0,1.0,4.0,52,-0.6293510625000001,-0.699199095,0.8951566493,0.34227939329999996,1.4600653515000002,-0.0475925938,0.1948771772,3.1,3.7777777778,2.3333333333,3.4,1602.5407407407001,38,4,1271.0833333333,-1.4128278638,0.8842024173,1.9,2.0,3.0,1.8571428571000002,1.5,0.1643408864,0.345926789
s317,1.1974756573999998,0.2981591615,1.2508703593000001,1.65,42.5652173913,0.23333333329999997,940,21.95,0.33333333330000003,431,0.11888531880000001,-0.3904463467,2.4684169178,0.0410232845,3.5836651178,-0.1860864559,0.0007136918000000001,0.0016265259,0.0022744141,2.9333333333,4.5357142857,4.2333333333,3.25,3.5,3.8,3.1428571429,61,3.0995357503,0.3283094223,1.7095963114,0.33333333330000003,0.33333333330000003,17.6666666667,0.033333333300000004,0,-0.0023333333,-0.5833333333,9.0833333333,0.14011165990000002,1.0,0.000980889,-0.44792785049999995,1.1666666667,1.5454545455000002,0.0043264337,1.0926365796,6.7,6.1,1.1242851152,0.4027068882,1.3335249490999999,-1.5480682158,0.7222222222,1.0,1.0,2.3333333333,1.6666666666999999,1.1666666667,7.0,6.666666666699999,7.0,6.833333333300001,6.166666666699999,1.0,3.0,1.0,1.0,1.0,-0.213334916,0.1910026598,-0.7181835497,3.1196095666000003,2.0081267997,0.2722798266,1.5287857959,16.6666666667,0.0,0.0,4.0,2.5,3.875,2.875,4.75,3.4285714286,4.125,52,-1.1652624446,3.6348828618,33,124.0,9,1.3125,1.3333333333,0.7326746941000001,0.0015744982999999998,0.7935958862000001,0.0017004239999999999,0.19444444440000003,0.0015811388,0.0256124969,0.0038729833,2,-2.6540955137,0.945533153,0.4840605219,1.4135845141999999,-0.22846519,5.0,459.5,0.9538361412,0.0417264586,1.9735439466999998,41.5,65.0,41,,,0.8381351495999999,7,0.7988298488000001,0.4818808355,1.3451024335,-0.35474812440000003,0.33333333330000003,0.8333333333,0.75,0.8333333333,147.0,0.1,0.4,0.5,0.0,2.6009045577000003,0.4060971575,1.8795998397999998,-1.8287046272999998,0.49,0.0767749199,1.9185636071,0.3573423224,1.5649134176,-0.3814465085,375.5,6.4,4.7,397.6666666667,0.33348157629999997,0.35559961300000004,1.3185908308,302.8333333333,337.5,1.497506939,0.32541911230000004,1.3866773653,34.6666666667,28.9800831177,2.0576944046000003,0.3688904889,1.4623768047999999,-1.0649499746,6.5,4.0,7.0,1.0,7.0,25,-0.2870959352,-0.29577320090000003,0.6483690114,0.33064219580000004,1.5043767383000002,-0.7245704945999999,-0.31801607400000004,2.6,2.4444444444,1.7777777778,3.6666666667,2005.96,3,9,4255.0833333333,-0.7366322925000001,0.33647223660000003,1.9,2.7272727273000004,1.4166666666999999,1.0714285714,1.6666666666999999,0.1653728189,0.18354144100000003
s319,1.0159067493,0.3366165318,1.5248276459,1.75,29.64,0.1666666667,690,18.8571428571,0.30000000000000004,381,-0.5830115898,-1.4948611963999998,2.3322038826,0.4214584218,1.5608352385000002,-1.0534462681,0.0119322109,0.10478662109999999,0.0306103516,2.9333333333,3.0714285714,3.8,3.0,2.25,3.8,2.5714285714000003,52,4.3415562436,0.2751073694,1.9297655416,0.1666666667,0.33333333330000003,7.541666666699999,0.0625,0,-0.0085,-2.125,9.5416666667,0.08900709220000001,2.0,0.0014633570000000002,-2.7174940898,1.0833333333,1.0909090909,0.0191028484,0.9138666212,7.4,5.1,2.586202016,0.3477733732,1.8758341306,1.4091057213,0.1388888889,1.0,1.6666666666999999,1.0,1.0,3.5,6.333333333300001,5.5,6.333333333300001,6.333333333300001,2.3333333333,1.1666666667,1.8333333333,1.6666666666999999,1.0,4.3333333333,-3.5353248937,-0.05897591720000001,0.3298219498,4.6604910377,2.5702807298,0.2425057044,1.5619480765,33.3333333333,55.5555555556,33.3333333333,5.3333333333,6.0,4.5,2.5,4.375,3.7142857143,3.875,55,-0.4472576879,2.577757843,31,169.0,9,1.0625,1.0,0.6080402374,0.0013703817000000002,0.7919845581,0.0017649725,0.4722222222,0.0256124969,0.0256124969,0.06403124240000001,2,-1.0214192957,1.4521352509,0.4630448322,2.0859309817,-0.5375498681,4.0,334.0,2.1074963266999998,0.39855095189999995,1.3530232267,-13.5,51.5,43,5.1763705987,-3.0297150462,0.557411611,5,2.0343994991,0.4203429614,2.0564414005000002,0.14330859140000002,0.75,0.6666666667000001,0.75,0.8333333333,127.0,0.0,0.1,0.7000000000000001,0.0,3.0339185408,0.4943168736,1.5784096784000001,-1.1067494076,0.5211970075,0.0281842636,2.9646770755,0.30137709230000004,1.6420018655000002,-0.6434906328000001,381.5,5.4,5.2,289.3333333333,2.8852024474,0.37081252729999997,2.0147336324,278.1666666667,300.6666666667,2.8372113590000003,0.3133258062,1.9152355568000001,22.5,37.5955871125,2.6478778019,0.47675954719999997,2.334611172,-1.4858012707,6.0,5.5,5.0,2.5,4.0,28,0.17068917120000002,-0.030992652599999997,1.3218039435,0.0453401862,2.2926313196,-0.9222183821,0.08791552550000001,2.9,4.5555555556,2.2222222222,2.9333333333,1971.6416666667,0,9,3495.5,-0.26598371,1.886648685,1.5,1.3636363636000002,1.4166666666999999,1.0,1.1666666667,0.5275765457,0.1634999285
s320,0.3760351906,0.0216966147,1.6794190827000002,1.2,18.72,0.1666666667,450,12.625,0.2,278,-0.2442561675,-0.5306711822,2.7633705898,0.0433028247,3.3436706758,-0.26454536149999996,0.24080664059999998,0.3091796875,0.17570898440000002,3.0666666667,3.4285714286,4.2333333333,2.75,2.25,3.0,2.2857142857,48,3.3945844894999997,0.2658244696,2.2074568184,0.0,0.5,15.458333333299999,0.08750000000000001,0,-0.0001666667,-1.875,21.75,0.0974395448,0.0,0.001246901,0.4978662873,1.0833333333,1.0,0.5276676829,0.5113185976,5.9,5.4,0.6148160799,0.025690593799999998,1.6932711322,-1.5924333615000001,0.0,2.5,2.3333333333,2.1666666667,3.1666666667000003,3.1666666667000003,3.6666666667,4.1666666667,5.5,5.3333333333,3.3333333332999997,3.1666666667000003,2.1666666667,2.3333333333,2.0,4.6666666667,-2.6440732922,-0.4832975092,-0.16659523950000002,2.6338892398,1.7145855952000002,0.2006032762,1.4455095137,44.4444444444,55.5555555556,37.037037037,4.6666666667,3.75,3.75,3.625,3.25,2.4285714286,2.75,48,-1.0385004381999998,3.3813588491,30,139.0,4,1.0625,1.0,0.6065191269,0.0012856274,0.6121253967,0.0014826140000000002,0.5833333333,0.25,0.25,0.25,1,-0.7749839580000001,0.5932654768,0.2476072127,1.3515900356,-0.0535900917,3.3333333332999997,,,,,,,46,,,0.3193217689,0,,,,,0.4166666667,0.9166666667,0.75,0.8333333333,114.0,0.1,0.30000000000000004,0.5,0.0,2.8082252485000003,0.45953924869999996,1.5312545365999999,-1.8043126563999998,0.3135802469,0.005441403199999999,4.0828286198,0.30939196010000003,1.8754916141,-0.1405586918,403.0,5.9,5.6,434.8333333333,3.0176566830000002,0.1855724625,2.4286716811,,,,,,,,2.3686999245,0.42902816969999996,1.3817361863,-0.6181304572,6.0,6.0,4.5,4.5,5.5,44,0.1272005156,-0.0896615531,0.4089121226,0.0481094897,1.809111528,-0.45070499189999996,-0.20843899780000003,2.6,3.8888888889,2.7777777778,3.0666666667,2041.060966811,26,4,2150.5833333333,,,2.1,2.0,2.0,2.0714285714,1.6666666666999999,0.15085408120000002,0.9116692332999999
s321,0.7951312319,0.0627301061,1.2512910967,1.25,22.2272727273,0.2666666667,455,20.1304347826,0.23333333329999997,446,-0.277708883,-0.8460821454999999,2.7356194550999997,0.3340886802,1.5525955494,-1.8145451802,8.2315517578,3.4631572266000004,0.8776806641,5.1333333332999995,4.7857142857,5.8,1.75,4.0,3.4,3.8571428571,31,4.2034325321,0.2185004419,1.6737263456,0.33333333330000003,0.33333333330000003,13.708333333299999,0.1375,1,0.0001666667,-1.7083333333,19.875,-0.029150010499999997,1.0,0.0006379129,-3.1574794866,1.3333333333,1.4545454544999998,-0.3836663217,0.0379288387,7.8,5.5,2.1844584267,0.3549149043,1.9489268730000002,-0.8076197725,0.1666666667,2.6666666667000003,2.6666666667000003,3.1666666667000003,2.8333333332999997,3.3333333332999997,3.0,5.0,4.0,5.0,2.5,2.8333333332999997,2.5,4.0,3.1666666667000003,4.1666666667,-0.1685526511,0.07644083930000001,0.3298219498,4.6604910377,2.2802774014,0.15886703300000002,2.6238577905000002,0.0,100.0,62.962962963,5.3333333333,4.5,3.5,2.875,4.75,2.5714285714000003,4.25,46,-1.0705413209999999,3.8243251091,18,113.0,8,1.4375,1.6,0.6426935196,0.0021214159,0.6805908203000001,0.0020865739000000003,0.7222222222,0.25,0.25,0.25,1,-1.1180497356,0.7817558652000001,0.300744314,1.2075046127,-0.36809937049999997,4.1333333332999995,,,,,,,33,-7.6429566308000005,8.534219167,0.3972849875,9,2.2246884641999998,0.4109732,1.8472556138999998,-0.6119332138,0.5833333333,0.5,0.6666666667000001,0.33333333330000003,105.0,0.30000000000000004,0.4,0.5,0.4,2.6780142296,0.3700466578,1.2666678111,-1.2179345753,0.4009779951,0.0515118957,2.9881416146,0.23944867539999998,1.1427807590999999,-0.0319641051,273.0,6.5,6.4,211.1666666667,2.2505423999,0.3276480041,1.4107852834,286.5833333333,346.1666666667,1.8556904413,0.1794773621,1.7577197739,59.5833333333,134.6018569692,2.2180343543000003,0.30770859170000003,1.3174759681,-0.1487878302,3.5,3.0,3.5,2.0,4.5,56,-0.20904062469999998,-0.0337413669,0.6487011033,0.0776178387,1.7429934519,-0.3912607453,-0.3551413981,2.7,2.8888888889,3.1111111111,2.9333333333,1988.2770833333,25,5,2914.3333333333003,,,2.6,1.9090909091,3.0833333332999997,2.7142857143,2.5833333333,0.5157987279,0.22507031989999998
s322,1.06660369,0.0250476733,1.9468520872,1.85,27.95,0.33333333330000003,526,38.3333333333,0.5,525,-0.38586410810000005,-0.4677430486,4.0552073159,0.4285258354,1.754749387,0.0263442254,0.0169055381,0.013538147,0.051004882800000005,2.9333333333,4.7142857143,5.1,2.75,2.25,3.0,3.0,38,3.8638093917,0.3195218204,1.3346654553,0.6666666667000001,0.1666666667,4.9583333333,0.0208333333,1,-0.0001666667,-3.2083333332999997,15.125,-0.0894736842,1.0,-0.0018195489,-3.9022556391000003,1.0,1.3636363636000002,-0.37414965990000004,0.2944606414,6.9,7.6,2.5605716453,0.4208973869,1.8160336303,-0.8922440741000001,0.7222222222,2.0,2.8333333332999997,1.5,3.8333333332999997,4.6666666667,5.0,4.8333333333,5.0,4.8333333333,3.3333333332999997,2.8333333332999997,3.1666666667000003,2.0,3.3333333332999997,6.333333333300001,-1.0995757435,0.7084991329000001,0.0,5.320134937200001,3.8303413411,0.0049901301,3.9562289118,27.7777777778,66.6666666667,37.037037037,6.0,4.75,3.875,4.0,4.0,3.0,3.625,42,-1.0170844173,3.9312389163,19,160.0,8,1.0,1.4666666667,0.7991960526,0.0009180071,0.9559326172,0.0016371439999999999,0.5833333333,0.009797959,0.009797959,0.06403124240000001,1,-0.6468832581,1.9758143841999998,0.4564345671,1.9623781741,-0.6925970281999999,4.4666666667,,,,,,,46,-25.8478694977,33.1437992723,0.4423011975,14,1.5045646381000002,0.5104124387,1.5363322753,-0.1562315226,0.4166666667,0.0833333333,0.8333333333,0.25,112.0,0.1,0.30000000000000004,0.7000000000000001,0.30000000000000004,2.735968236,0.3935362431,1.4651616663,-1.094867498,0.3095823096,0.0348015578,2.8143388703000003,0.36122184539999996,1.3085559673,0.25546591900000004,350.0,5.8,6.2,275.6666666667,3.6927546593,0.3566156565,1.9083402627000001,278.0,284.5,3.4093233137,0.3292974536,1.6046251725999998,6.5,21.2548857693,2.5645217023,0.4444814444,2.0353383326,-1.6393312594,6.0,4.0,5.5,2.0,4.5,45,-0.3772826803,-0.0635435307,1.7805375222,0.3610077085,1.6910855285,0.0153754808,-0.1123531291,4.0,3.1111111111,3.4444444444,3.1333333333,2106.8283333332997,10,8,2958.9166666666997,2.8814030879000003,-0.8109302162,2.6,2.0,2.25,2.0714285714,2.5,0.4955368578,0.3166881805
s323,1.5471238128,0.255043163,1.3841244055000002,2.3,25.1363636364,0.2666666667,527,11.5714285714,0.30000000000000004,228,-0.2852670136,-1.4939233494000002,3.9858781145999997,0.33475862840000004,2.3908310300999998,-0.45225163240000005,0.0011152465,0.0030438156000000003,0.0034003906000000003,3.5333333333,3.3928571429,4.8333333333,3.0,2.75,3.4,3.7142857143,61,5.9514892782,0.31967590360000003,1.6881795373,0.6666666667000001,0.33333333330000003,4.6666666667,0.05833333330000001,2,-0.008,-3.6666666667,7.333333333300001,0.1203672788,2.0,-0.0096928214,-2.4958263773,1.0,1.0909090909,0.3610605044,1.2154089558,7.7,7.9,2.917966561,0.4067079566,2.1886241053,0.6012093261,0.8333333333,2.3333333333,2.3333333333,1.5,2.8333333332999997,3.8333333332999997,3.5,6.166666666699999,4.8333333333,3.5,1.8333333333,2.6666666667000003,1.0,3.8333333332999997,5.5,5.833333333300001,-1.1067843393999999,1.4954895036000002,0.0,5.320134937200001,4.430443544,0.1218277082,3.5437263452999996,77.7777777778,11.1111111111,37.037037037,5.0,5.0,3.875,4.0,4.125,3.4285714286,3.25,51,-0.9575666758,4.0502743994,40,168.0,7,1.0,1.6666666666999999,0.8097320557000001,0.0012098777,1.0,0.0020477345,0.75,0.0006324555,0.0015811388,0.0015811388,6,-1.1522424564,1.6720420458,0.4716707124,2.2766376338,0.0472787471,5.2666666667,282.6666666667,4.4633240746,0.3034802925,2.0592273791999998,29.5,16.5,47,,,0.4900670442,12,1.4888906306,0.4909542387000001,2.1456197075,-0.37841084259999996,0.75,1.0,0.8333333333,0.9166666667,133.0,0.1,0.5,0.5,0.7000000000000001,3.6511257724,0.42088625189999995,2.0204195518,-1.5894389835,0.4975609756,0.0574377463,4.9043645401,0.2967015964,1.6387332573,-1.6669119134000001,260.5,5.1,4.5,224.8333333333,4.1713156482,0.2693297093,2.3429409305,240.6666666667,202.8333333333,3.0348830768,0.34904899110000004,1.3813698605000002,-37.8333333333,56.2984981227,3.5283172543,0.3423260596,2.7796186583999996,-1.2031536933,6.0,7.0,6.5,1.0,3.0,40,-0.4099433589,0.0118199105,1.9581138869999999,0.337135095,1.5809716722999998,-0.0963670178,-0.1772388977,2.0,4.3333333333,1.5555555556,2.4,1951.0916666667001,11,9,3655.75,4.0934791359,-1.2611312181999998,1.4,1.3636363636000002,1.5833333333,1.1428571429,2.3333333333,0.8537444743000001,0.41180091979999994
s324,0.9100118271,0.0935601195,1.5855132241,1.9,35.48,0.1666666667,857,30.2222222222,0.4,524,0.1546732354,-0.5158674363,2.4719736421,0.30730663680000003,2.1037691833000003,-0.2203968825,0.0005193737000000001,0.0015819701999999999,2.3875175781,2.9333333333,3.4285714286,5.1666666667,3.75,3.5,4.0,2.7142857143,62,5.2189508476999995,0.30131684810000003,2.3158777527,0.5,0.5,7.333333333300001,-0.0833333333,2,0.0053333333000000005,-1.75,5.75,0.0637980085,1.0,0.0026230440999999998,-2.0798618167,1.4166666666999999,1.7272727273,0.8949232945000001,0.17936677180000002,7.9,5.9,1.8408980096,0.47639454049999996,2.3708014737,-0.7502738139,0.0,1.0,2.5,1.0,3.6666666667,3.5,4.6666666667,4.1666666667,5.666666666699999,1.8333333333,2.6666666667000003,1.0,2.8333333332999997,1.0,3.8333333332999997,5.5,0.1836246965,-1.156747202,-1.0046304968000002,1.3719822656,1.4715634305,0.4144625281,1.3055744272,38.8888888889,0.0,14.8148148148,2.1666666667,2.0,4.125,3.5,1.75,1.1428571429,3.25,52,-0.7017421781000001,4.5619233948,40,172.0,8,1.1875,1.4666666667,0.6961903572,0.0013119089000000002,1.0,0.002125088,0.4722222222,0.06403124240000001,0.06403124240000001,0.158113883,4,-1.0896253837999998,1.5992541499,0.4895826831,1.8799845522999998,-0.0327848047,4.8,354.3333333333,2.6554425861,0.4000189870000001,1.3334467547,6.5,49.0,43,-10.5783931815,13.2049270569,0.7030936066,3,1.1219893682,0.6563359642000001,1.5724522674,-0.32378888559999996,0.6666666667000001,1.0,0.6666666667000001,0.6666666667000001,142.0,0.4,0.2,0.30000000000000004,0.30000000000000004,3.0927798251,0.392264448,3.2666076196,-2.7639394038,0.5076142132,0.0059880104,4.3140700349,0.3213628303,2.223889923,-0.35502479140000004,370.0,4.8,5.1,242.5,2.7019679727,0.4304029908,1.9607211748,238.5,246.6666666667,2.7431306194,0.38514270590000005,1.2386531244,8.1666666667,42.9242424242,4.0378563779,0.4325233173,3.4975866277999996,-0.3634523804,5.5,5.5,2.5,2.0,6.0,42,-0.7269310787000001,0.05753273,0.9497623834,0.1986466239,1.6882098618,0.3723915507,-0.10217036019999999,2.9,2.7777777778,3.0,3.7333333332999996,1596.4949494948999,18,7,3368.4166666666997,1.9656278903,-0.23638877809999997,1.2,1.4545454544999998,1.6666666666999999,1.0,2.6666666667000003,0.4735200015,0.546822491
s325,0.48789331939999997,0.012348083300000002,2.3445048490000002,1.6,14.8888888889,0.1,384,11.0,0.2,247,-0.2066362225,-0.8621444638,4.1073706188,0.32765424530000004,2.7077522514999997,-2.232808469,0.0106244496,0.0219137573,0.0705244141,2.2,4.1071428570999995,4.4333333333,2.25,2.25,3.6,3.0,61,5.664305735599999,0.2768674352,2.1234253194,0.6666666667000001,0.1666666667,8.0,-0.008333333299999999,1,0.0006666667,-1.0833333333,17.6666666667,-0.0991444073,2.0,-0.0091702838,-2.5175292154,1.1666666667,1.6363636363999998,0.6621524016,0.30534488989999997,6.7,5.2,1.9482837719,0.6399286989999999,1.6456794155,0.0332968095,0.0,1.3333333333,2.3333333333,1.0,4.1666666667,3.0,6.333333333300001,5.666666666699999,5.833333333300001,5.0,2.5,1.3333333333,2.0,2.0,3.3333333332999997,4.5,-0.3130391087,-0.2460063792,0.0,5.320134937200001,4.8381008017000005,0.30760311960000003,5.6219492313999995,33.3333333333,0.0,7.4074074074,4.5,3.75,4.375,4.125,4.625,2.8571428571,2.625,49,-0.8893284576999999,4.1867508355,27,233.0,8,1.0625,1.4,0.8288330078,0.0012576161,1.0,0.0021488880000000003,0.5277777778,0.158113883,0.158113883,0.158113883,3,-0.7818181041000001,1.7464380134000002,0.5760949361000001,2.2050792248,-0.2709607045,5.4,261.3333333333,3.0473872501,0.32619709420000004,2.1735615848,14.0,226.0,45,24.558048257800003,-18.8409567711,0.5837892468,7,1.4089219443,0.6081053012000001,1.897813159,-0.4804927514,0.4166666667,0.5,0.75,0.6666666667000001,132.0,0.1,0.30000000000000004,0.4,0.6000000000000001,2.7201696479,0.4718680839,2.0730927452000003,-1.5658156643,0.33498759310000004,-0.0372655852,3.5666780833,0.3033379693,1.8975441224,-0.5682114175999999,295.5,5.6,4.7,233.6666666667,3.2153928999,0.3857708367,1.6390176412000002,271.8333333333,256.3333333333,3.3754881932,0.31087790400000004,2.4275087327000002,-15.5,100.9336000379,2.7343294866,0.433865565,2.1229530263,-1.4318125587000001,4.5,6.0,4.0,5.0,5.5,43,-0.846832668,-0.2188577923,1.2699757551000002,0.2069936237,2.2595212469,-0.12353493789999999,-0.16601217769999999,2.6,3.8888888889,2.6666666667000003,3.4,3021.1,10,3,4249.0833333333,-0.7745065441000001,1.4443581621000001,1.5,1.3636363636000002,1.75,1.2142857143,2.3333333333,0.8794671562999999,0.4985713713
s330,1.3828541296,0.2827210364,1.8068298527000002,3.0,25.043478260900002,0.23333333329999997,551,10.0,0.1666666667,240,-0.39307258799999995,-0.9991011552,3.3583533638,0.3655643329,1.9718887374,-1.461435268,7.156599999999999e-06,0.002204277,4.303e-06,4.3333333333,2.8571428571,3.8,3.0,3.0,4.0,3.1428571429,32,2.5350728654,0.2401874399,1.8065607281,0.6666666667000001,0.1666666667,7.875,-0.0125,2,-0.0031666666999999996,-0.875,6.0,0.0066936299,1.0,-0.0087542973,-1.0330637006999999,1.0833333333,1.3636363636000002,0.2264629557,0.946876266,8.4,8.7,1.911264405,0.4733079642,1.8259388049,-0.1465062531,0.0,2.6666666667000003,4.0,1.3333333333,3.1666666667000003,4.1666666667,4.8333333333,5.5,6.0,6.0,4.0,3.5,3.0,2.3333333333,1.3333333333,5.1666666667,-1.7588125109000001,-0.0189601054,-0.7548590440999999,3.8104168489999997,2.3207083028,0.0736353498,2.2778290673,22.2222222222,88.8888888889,66.6666666667,4.8333333333,6.25,3.0,3.0,3.375,3.5714285714000003,2.25,47,-0.9575666758,4.0502743994,29,225.0,9,1.1875,1.2,0.7470348358000001,0.0017680884,0.996875,0.0020076704999999998,0.7222222222,0.158113883,0.06403124240000001,0.1265219767,3,-0.7973321116000001,1.480195568,0.4385833288,2.168570987,-0.2348923726,3.2,325.1666666667,2.3454372094,0.3029683386,1.3774540561000002,-7.5,83.5,42,0.5988156565999999,14.745771001400001,0.5066954981,9,1.1895467115,0.4896038018,2.0037758802,-0.2427071559,0.5,0.8333333333,0.9166666667,0.8333333333,125.0,0.7000000000000001,0.5,0.30000000000000004,0.2,2.2913560517,0.46673380329999997,2.0148059277,-0.5699402661,0.5653266332,0.10628267460000002,2.5737997776,0.3116061449,1.3054640131,-1.1752127534,333.5,6.1,6.9,291.6666666667,2.6296483589,0.1831046838,2.2090935667,266.0,267.6666666667,2.7895593975999997,0.35716340290000004,1.5683667665,1.6666666666999999,63.8306650246,2.1135876363999997,0.3798499718,1.9281007184,-1.5349116237,4.0,4.5,4.0,5.5,5.0,51,-0.35652205670000003,-0.0282374397,1.4050850656,0.3671215817,1.7391503544999998,-0.333487225,-0.23308711769999998,3.2,4.3333333333,2.4444444444,3.9333333333,1715.0211904762,25,5,3030.0,1.3713687109,-0.4700036292,1.4,1.5454545455000002,1.6666666666999999,1.3571428571000002,1.8333333333,0.8515293758,0.5628392688
s331,0.8193926661000001,0.16619339400000002,1.5911233091,1.5,22.4,0.1666666667,537,25.894736842100002,0.3666666667,476,-0.11609633779999999,-1.5300086688,1.0302891995999999,0.1496291399,2.098910203,-0.4848622115,0.0021047945000000003,0.0079488525,0.19112890629999998,4.0,4.0,3.6666666667,3.0,2.25,3.0,3.0,52,2.6062609786,0.033491521100000005,2.6265705848,0.6666666667000001,0.1666666667,6.583333333300001,0.31666666670000004,2,-0.015,0.1666666667,14.458333333299999,0.4445626478,1.0,-0.0046099291,-1.1377068558,1.1666666667,1.0909090909,0.17635679199999998,0.6405089979,6.5,4.7,1.0547100095,0.4818656114,1.6016828318,-1.3786622237,0.25,1.5,2.6666666667000003,1.0,1.6666666666999999,3.0,3.3333333332999997,4.1666666667,4.1666666667,3.8333333332999997,2.6666666667000003,1.8333333333,2.3333333333,1.8333333333,1.0,4.3333333333,-1.9637324014,-1.939253338,-1.2882078674,2.7437192025,1.6486515879,0.0786791427,1.8007653087,38.8888888889,33.3333333333,29.6296296296,4.6666666667,3.75,3.5,3.5,3.5,2.8571428571,2.625,50,-0.7870721941000001,2.2302886033,28,237.0,4,1.0,1.2666666667,0.6705610275,0.0018096716,0.9834579468000001,0.0020197614000000003,0.5555555556,0.0256124969,0.0256124969,0.158113883,2,-0.7126677807999999,1.1773840209,0.3245832887,2.0142648185,-0.39587673219999997,3.9333333333,462.6666666667,2.4092134039,0.36755707810000005,1.3267798396,-0.5,42.5,47,1.5719878885,3.4594400852,0.5215458270000001,9,1.3365888662999998,0.5388068704,1.6377325294,-0.0034469455,0.6666666667000001,0.9166666667,0.8333333333,0.9166666667,118.0,0.4,0.2,0.4,0.1,1.8768051228,0.3260007358,2.4211251434,-0.7196816308,0.4642857143,0.0027456505000000003,4.110408607,0.2872715832,1.8491220544,-0.7085886753,335.5,7.9,6.1,387.0,2.4854290337,0.3716727665,1.3989458695,359.1666666667,398.6666666667,2.8564157202,0.3795767938,1.3326188023,39.5,-18.9555727554,2.3436345518,0.3413363178,1.7208869080000002,-1.8611730091,6.5,5.5,6.5,4.0,5.5,39,-0.04965187980000001,-0.2921859354,0.6683045267000001,0.0273662976,2.0147054064,-0.4098415065,-0.2151102958,3.4,2.8888888889,2.0,3.1333333333,1834.1791666667002,15,6,3238.0833333333003,0.7401871672,0.1947440768,1.7000000000000002,2.2727272727,2.1666666667,2.0,1.6666666666999999,0.8041443592,0.348881
s335,1.7458337007,0.186444902,1.4799252096000002,2.35,40.04,0.1666666667,960,31.625,0.4666666667,471,-0.6944726011,-1.6280390631,2.9795249401999997,0.35094049159999996,1.3457955589,-1.0098653303,2.26777e-05,0.0003333969,0.0037675780999999998,3.6,5.25,6.333333333300001,3.5,4.0,3.4,1.2857142857,20,3.0736866564,0.2734502438,1.4175108266999998,0.5,0.33333333330000003,4.0,0.0,2,-5.746271514000001e-18,-1.0,11.458333333299999,-0.0042168675,1.0,-0.0018934041,-4.5326730651,1.9166666666999999,1.6363636363999998,-0.08176814889999999,0.1629247838,8.9,9.1,2.0711728518,0.4038768427,2.0085054540000002,0.29582767039999996,0.7777777778,4.0,6.166666666699999,2.3333333333,5.833333333300001,5.666666666699999,1.6666666666999999,1.5,1.5,1.3333333333,1.0,4.3333333333,7.0,4.5,7.0,7.0,-1.4754291869,-0.5357816529,-0.2674148576,2.8355284759,2.0134603866,0.0409771349,1.9454542001,5.5555555556,66.6666666667,74.0740740741,3.8333333332999997,7.0,3.0,1.625,1.625,1.1428571429,2.25,41,-1.0041893256999999,2.9758557574,16,220.0,8,1.875,2.0,0.6717735291,0.0014504373,0.6789158821,0.0013587498,0.5277777778,0.0015811388,0.0636371852,0.0038729833,3,-0.5260351172000001,1.8791280026,0.35226552110000003,1.9410198898,-0.4535185101,3.0666666667,351.6666666667,2.9032836962,0.3296429725,1.3413037603,85.0,62.5,26,,,0.5107650785,12,1.6155851834000001,0.4646084929,1.7400704752,-0.4893814924,0.33333333330000003,0.4166666667,0.6666666667000001,0.4166666667,68.0,0.8,0.9,0.8,0.9,2.1065827966999997,0.3340001852,1.4354949038999998,-0.9999373017,0.44226044229999995,0.0994771749,2.188655545,0.23352016329999997,1.5201507397999998,-0.6401393648,336.0,6.3,5.6,274.6666666667,5.1259427119,0.32413381129999996,2.0933036322,227.0,297.1666666667,2.6753538684,0.3460623467,1.4285998456,70.1666666667,-8.6502521273,2.1808398368,0.3266656033,1.7023504725999998,-1.071874924,1.0,4.0,5.5,2.0,6.5,30,-0.0225193666,-0.43146097009999995,1.6091408749,0.31799792460000004,1.4982444407,-0.5366793685,-0.0065190938,3.4,2.7777777778,2.1111111111,4.4,1839.4924242424,8,9,2341.0833333333,0.2383057991,0.2876820725,2.9,3.1818181818,3.5833333332999997,2.9285714286,3.5833333332999997,0.22129621489999998,0.1554085136
s337,0.5070615144,0.3488693932,1.4430190098,1.2,31.944444444400002,0.4,550,18.0434782609,0.23333333329999997,385,-0.35238649240000003,-0.7869366253000001,3.067987721,0.3067342374,2.2029640793,-0.0733078127,0.0005418059,0.0019631310000000003,0.0315058594,3.2,3.8214285714,4.4666666667,3.0,2.0,3.6,3.1428571429,37,3.3295669029000003,0.2426183094,1.2940933290999999,0.33333333330000003,0.6666666667000001,8.8333333333,-0.075,1,-0.0006666667,-4.3333333333,19.25,0.007361963199999999,1.0,0.0014180542999999999,-1.4312007011,1.1666666667,1.5454545455000002,-0.0476951007,0.5089852008,7.0,5.6,1.140720937,0.4152545027,1.5161474353000002,-0.8962439029000001,0.4722222222,4.0,5.1666666667,1.5,5.5,4.8333333333,4.8333333333,5.3333333333,5.833333333300001,5.666666666699999,3.3333333332999997,3.1666666667000003,1.6666666666999999,3.1666666667000003,1.1666666667,4.3333333333,-1.9916624988999998,1.4463739182,-0.5629734621,4.194188013,2.0568937921,0.18883182839999998,1.1622619716,16.6666666667,100.0,70.3703703704,5.1666666667,4.5,2.25,3.5,2.25,3.2857142857,2.5,52,-0.8742787237,3.2356769612000003,23,124.0,6,1.1875,1.2666666667,0.8363471984999999,0.0008168549000000001,0.996875,0.0016293738,0.5833333333,0.009797959,0.009797959,0.0256124969,3,-1.0496553458,1.1116626179,0.3107696372,1.7248129663,-0.1165976714,2.7333333332999996,238.8333333333,1.6923947279,0.2585665036,1.3419364097,-64.0,2.0,43,,,0.5147262994,5,0.9892805887,0.38799310020000005,1.5556501191999998,-0.1760414442,,0.33333333330000003,0.8333333333,1.0,109.0,0.2,0.2,0.1,0.30000000000000004,2.5763725999,0.254366605,2.1445599347999997,-1.9199975888,0.4137931034,0.011163021200000001,2.8871012459000003,0.2366744326,1.2504969545,-0.7342806598,298.5,6.3,4.2,,,,,237.3333333333,265.1666666667,1.4383059856,0.0399989839,2.0323161748,27.8333333333,25.8478340118,1.7409675553,0.2732645293,1.6309908209,-1.8836819671,7.0,6.0,7.0,2.0,3.0,46,-0.07956089620000001,-0.4809086669,0.6105758969,0.0469420505,1.7299743391,-0.27437187900000004,0.1456460487,3.1,4.0,2.5555555556,2.7333333332999996,2057.64,5,9,4796.3333333333,-0.1296088158,0.2468600779,1.9,1.5454545455000002,2.6666666667000003,2.0,2.0833333333,0.8437605604,0.2424068804
s338,1.0504009355,0.012738165,1.9986921306999998,3.1,34.0,0.4,606,18.2272727273,0.2666666667,386,-0.5562412902,-0.4944184752,3.5081791014999997,0.3831100667,1.8514985769999999,-0.5258807863,0.0001032185,0.0005423241,0.0026083983999999998,5.466666666699999,3.8571428571,4.7,2.0,2.75,3.2,3.2857142857,34,3.4697375606,0.3258606892,1.1968973619,0.5,0.1666666667,3.875,0.1125,2,-0.0155,-3.2083333332999997,12.625,0.3038814691,2.0,-0.0029432387,-3.8731218698,1.3333333333,1.5454545455000002,0.08381099460000001,0.5588191619,9.5,7.1,1.7445735553,0.4476247217,1.8722550639,0.14164059510000002,0.9166666667,1.8333333333,3.6666666667,1.3333333333,2.1666666667,3.5,4.6666666667,3.1666666667000003,4.6666666667,4.6666666667,3.5,2.3333333333,3.5,2.0,2.1666666667,4.8333333333,-1.5186009112,-1.5010871646000001,-0.5629734621,4.194188013,3.131060618,0.0156845163,3.3802216409,66.6666666667,44.4444444444,48.148148148100006,5.0,3.75,2.625,3.5,4.375,3.0,3.125,40,-1.3273158840000001,3.310775983,17,232.0,6,1.3125,1.7333333333,0.6499176621,0.0012139399,0.7887969971000001,0.0015866204,0.7222222222,0.0015811388,0.0015811388,0.0015811388,5,-0.08594121789999999,1.4847181675999999,0.5167847557,2.1099720807,-0.4379774022,2.8666666667,341.1666666667,2.1318140457,0.2800831426,1.2751844839,31.5,33.5,35,,,0.5694362400999999,16,1.4495577663,0.5552829533,1.9327281031999999,-0.39365130649999996,0.6666666667000001,0.25,1.0,0.6666666667000001,95.0,0.7000000000000001,0.9,0.9,0.7000000000000001,1.6941242550000002,0.46700757049999997,1.8943056104,-1.3822492971,0.6085858586,0.0343411137,3.6202793462,0.32403033800000003,1.2853726401999999,-1.5862660471,312.0,6.2,5.0,331.0,2.7544544809,0.3616508703,1.0452819474,294.1666666667,313.6666666667,2.5947096526,0.3555181967,1.0941267464,19.5,15.5959841193,2.2326174259,0.3348826279,1.7420968722,-1.6275576851,5.5,2.5,4.0,2.5,5.5,38,-0.9988790640999999,-0.5872011634000001,1.3120009169,0.3994606077,1.9791958417,-0.024471177799999997,-0.08501778380000001,3.5,3.1111111111,2.6666666667000003,3.0,2106.0462962963,4,8,3162.8333333333003,0.8687936766000001,0.7248958789000001,2.7,2.1818181818,3.0,2.2857142857,2.5833333333,0.2121870404,0.2166163694
s340,1.109716192,0.29438729199999997,1.6638433149,2.25,41.176470588200004,0.43333333329999996,682,46.1538461538,0.5666666667,550,-0.1009356658,-1.0544697644,3.2117012973000003,0.4330154497,2.1715597633000003,-0.06396990770000001,3.7916e-05,0.0004824715,0.00215625,4.2666666667,2.9285714286,3.8666666667,3.75,2.75,3.2,3.1428571429,49,2.39192669,0.2079526351,1.8658808069,0.8333333333,0.1666666667,12.041666666700001,0.17083333329999997,2,-0.0135,-5.0416666667,20.4166666667,0.45236406619999997,2.0,-0.0070945626000000015,-3.7163120567,1.0,1.6363636363999998,0.1793057641,0.6519265018,8.1,7.5,1.2064691839,0.35710982290000004,2.5570112447,-1.4663740005,0.7222222222,2.5,2.1666666667,2.1666666667,4.5,4.6666666667,5.0,4.5,5.1666666667,4.6666666667,3.6666666667,2.0,2.5,2.6666666667000003,3.6666666667,4.5,-1.7684371794999998,-0.5315327854,-0.2893970564,1.556346935,0.7723866814,0.0097801476,1.7196879637,33.3333333333,55.5555555556,70.3703703704,5.833333333300001,4.25,3.75,4.125,3.75,3.1428571429,4.625,49,-0.6980313333,3.2931327482999997,28,159.0,6,1.0625,1.5333333333,0.5,,0.95,0.002689079,0.7777777778,0.0015811388,0.0015811388,0.009797959,3,-1.5228741041,1.4385429163999999,0.3977247385,1.4728408566,-0.1499238498,4.2,475.1666666667,2.2912785155,0.3508430419,1.3802678351,47.0,42.0,46,3.1786639857,-2.0791975265000002,0.3815096384,9,1.1968357859999998,0.5559579757,2.1431285019,0.1849119886,0.4166666667,0.5,0.4166666667,0.9166666667,125.0,0.5,0.4,0.7000000000000001,0.6000000000000001,2.0560098816,0.4285828115,2.2378303157,-1.3127918441,0.30107526879999996,0.0189187894,1.9017931049,0.3127003986,1.5388694682,-0.1604100198,349.0,7.4,6.2,365.8333333333,2.081614273,0.4013064786,1.3718113265,337.6666666667,336.6666666667,2.2132940618,0.39649740009999995,1.4027923752,-1.0,19.7244699506,2.2619579768,0.2643956916,3.3410751456,-0.473679756,6.0,6.0,5.5,4.0,5.5,40,-0.6318596828,-0.3457481731,1.1965572411,0.2906782108,1.9610483133,0.297418277,0.08880189740000001,2.7,4.2222222222,2.1111111111,3.2,1145.0128571429,28,7,2212.0833333333,-0.9806432237999999,0.5893879463,1.2,1.0909090909,2.0,2.0714285714,2.6666666667000003,0.8269681437,0.2168748917
s341,,,,,45.571428571400006,0.30000000000000004,915,24.55,0.33333333330000003,471,-0.4506432884,-0.5905864934,4.1546808238,0.41464719060000005,2.7230657717,-0.2240868532,0.0359619713,0.006980865500000001,2.8049882813,2.5333333333000003,2.3928571429,3.2,3.25,2.25,3.4,2.5714285714000003,50,2.5305942199,0.3629990904,1.5066349878,0.33333333330000003,0.6666666667000001,13.708333333299999,0.0208333333,2,-0.006500000000000001,-3.7083333332999997,6.958333333300001,0.2445783133,3.0,-0.009037778199999999,-2.4100469675,1.0,1.7272727273,-0.0767150907,0.2819262782,7.7,6.4,1.2269045149,0.6261725679,1.2311306648,-0.2885252329,0.30555555560000003,2.0,2.1666666667,1.1666666667,1.5,4.3333333333,5.3333333333,5.1666666667,5.3333333333,5.0,1.8333333333,2.3333333333,2.1666666667,1.6666666666999999,1.8333333333,6.333333333300001,-1.1761987845,-0.30492277830000003,-0.2216310368,2.026539289,0.9011565736,0.003701807,1.8477145855000001,38.8888888889,66.6666666667,44.4444444444,4.6666666667,3.25,3.75,4.5,4.625,2.8571428571,3.5,52,-0.7017421781000001,4.5619233948,34,150.0,10,1.0,1.1333333333,0.8558349609,0.001058811,0.9327636719,0.0012552243,0.5,0.009797959,0.009797959,0.009797959,2,-1.6260838407,1.5432363001,0.4940296953,1.5639003457,-0.5311135793999999,5.533333333300001,349.0,2.2637968365,0.4201418608,1.3412041133,-42.0,-18.5,48,1.7848955444,-0.7465070495999999,0.5631717142,3,0.38435196509999997,0.0912094336,2.2671008705,-0.2463318377,0.33333333330000003,1.0,0.9166666667,0.75,143.0,0.0,0.30000000000000004,0.30000000000000004,0.2,2.1228334305,0.4569798884,2.4647387838999997,-2.2940373284,0.4938271605,0.025725972000000003,2.2929751474,0.35033858619999997,1.7207086294999998,-0.8739515515999999,398.0,4.4,3.9,406.3333333333,2.1262192326,0.4405560983,1.2855418018,495.3333333333,405.6666666667,2.2528450711000003,0.3733777954,2.0883562075,-89.6666666667,123.97589285709999,2.1934133698,0.5910034989,1.9407016239,-1.9515343124,5.0,6.5,3.5,4.0,3.0,40,-0.21832384510000002,-0.9420901851,0.7970475114000001,0.3340962141,1.973370656,-0.3463654407,0.5216984976,2.9,2.5555555556,1.7777777778,2.4666666666999997,3863.45625,8,6,4545.0833333333,0.4274070428,-0.040005334600000005,1.7000000000000002,1.0909090909,1.8333333333,1.1428571429,1.9166666666999999,0.8188064987,0.5853648789
s342,0.8345419846000001,0.13579870619999998,1.6266733171,1.95,37.0526315789,0.3666666667,659,37.176470588200004,0.43333333329999996,601,-0.5405055322,-0.3305151491,3.6658611065,0.27773867399999996,3.0779370613999997,-0.2688013227,0.0002104736,0.0099874268,0.0331865234,3.4,2.9285714286,2.9333333333,3.0,3.5,4.0,3.2857142857,45,3.4193534132,0.2308878438,2.2892990816,0.1666666667,0.6666666667000001,16.0,0.1083333333,1,-0.002,-3.6666666667,13.541666666700001,0.013968254,1.0,-0.0018412698,-1.8650793651,1.0833333333,1.6363636363999998,0.29735603039999997,0.2207533502,8.0,6.1,1.9028991434,0.5983619685,1.7502114697,2.2277162000999997,0.027777777799999997,3.0,2.0,1.5,2.6666666667000003,2.5,5.0,4.0,5.666666666699999,4.5,2.1666666667,1.6666666666999999,1.8333333333,2.6666666667000003,3.6666666667,4.8333333333,-0.7023894373999999,-1.2547419206000001,-0.8864604548,3.5472140276,2.8037736354000002,0.34278452540000004,2.6577488779,55.5555555556,77.7777777778,66.6666666667,6.0,2.0,5.0,4.375,3.875,2.5714285714000003,4.25,46,-0.7625664513,3.9332268227,34,136.0,4,1.0625,1.6666666666999999,0.7493302345,0.0017953188,0.6615069389,0.0023014823,0.44444444439999997,0.158113883,0.06403124240000001,0.06403124240000001,2,-1.9022817675,1.3828709632,0.1641546757,1.3725687589,-0.0834823799,4.1333333332999995,388.3333333333,2.7481804429000003,0.3963269685,1.2435516382,27.0,45.0,45,-25.802031226,30.092037937199997,0.4480476287,1,1.2839470957,0.5200808919000001,2.0984456064,0.17345241660000002,0.6666666667000001,0.6666666667000001,,0.75,138.0,0.1,0.7000000000000001,0.7000000000000001,0.8,2.0940943366,0.5334165877,1.7177550515000002,-1.315786703,0.3697270471,0.0313485156,2.8682388520999997,0.2974922244,1.8497473194,-0.5613192527,382.5,4.8,5.8,257.3333333333,4.4739346062,0.33060264440000003,1.9920902804,246.3333333333,281.6666666667,2.881137841,0.34820269859999997,1.3836136901,35.3333333333,-34.6627527723,2.6190206649000003,0.35207796630000004,2.8453937071,-0.9463115097,6.0,6.5,5.5,2.5,7.0,44,-0.324325187,-0.1493980088,0.6820374131999999,0.0117544922,2.0480827528,0.34379302799999994,0.16883835960000002,3.3,4.3333333333,1.8888888889,3.4,1564.0555555556,9,6,6393.666666666701,,,1.1,1.2727272726999999,2.0,1.7857142857,3.1666666667000003,0.2275538176,0.2276165564
s344,0.9802711446,0.0865723397,1.3796537899,1.35,28.5185185185,0.1,733,20.7916666667,0.2,476,-0.4965881618,-1.0261445611,2.8620738787,0.3950196684,1.3688546802,0.3112035285,0.0004324124,0.0011168633,0.011029296899999999,3.6666666667,3.8571428571,3.6666666667,3.0,2.0,3.2,2.4285714286,45,2.6394841867,0.2714977317,1.038612286,0.8333333333,0.1666666667,19.25,-0.1166666667,0,-0.0026666666999999996,-0.8333333333,16.75,0.0434619507,0.0,0.0016205788,-0.3289389068,1.0,1.2727272726999999,-0.0419299905,0.7386187323000001,6.8,5.4,,,,,0.7777777778,3.1666666667000003,3.5,1.8333333333,3.1666666667000003,5.1666666667,3.8333333332999997,5.0,4.8333333333,4.5,2.6666666667000003,3.3333333332999997,3.0,2.8333333332999997,3.0,5.833333333300001,-1.3280814667,-0.8986851616,-0.23315151239999998,3.5345441135000004,2.7292269675,0.0669294457,2.3229567528999997,50.0,22.2222222222,29.6296296296,4.6666666667,5.0,3.625,3.125,3.375,3.5714285714000003,3.25,52,-0.7122733402,3.5596877282,25,127.0,0,1.0625,1.4,0.7239557266000001,0.0020909873,0.8856933593999999,0.0024812187,0.5833333333,0.0099597577,0.0099731538,0.009797959,3,-1.278878715,1.0219141134,0.4360624931,1.618712096,-0.3931376756,4.1333333332999995,290.5,2.5202206844,0.2932639358,1.2520381928,11.5,64.0,45,8.292503285599999,-7.970325223400001,0.4929595085,7,,,,,0.5833333333,0.33333333330000003,0.1666666667,0.8333333333,109.0,0.30000000000000004,0.8,0.8,0.2,3.1109773491,0.3741102071,1.3461430852,-1.6497880389,0.42105263159999995,0.0706941876,2.7282621363,0.2928926705,1.3016611114,-1.0712458539,281.0,5.3,6.4,,,,,244.8333333333,277.5,2.6306512291,0.3519166671,1.0075908031999998,32.6666666667,10.2198219238,2.0700017377,0.3098065732,1.5949310551,-1.4098810931,2.5,4.5,7.0,3.0,7.0,50,-0.8397167084999999,-0.3689911083,1.1746212283,0.25906196,1.4627390275,0.1747369536,0.06589538589999999,3.1,2.6666666667000003,2.0,2.6666666667000003,1221.3821428571,7,8,1914.5,,,2.2,1.7272727273,2.25,2.3571428571,2.5833333333,0.5031147604999999,0.3111352555
s345,1.0642629476,0.30213131660000003,1.2027540794,1.2,3.7,0.0,110,18.9523809524,0.30000000000000004,395,-0.07725070519999999,-0.9359427984,3.5183087108999995,0.3400646318,1.7571833542,-0.9306901794,0.0009713411,0.0136856689,0.0739794922,6.0,4.2142857143,4.3666666667000005,2.5,2.75,3.2,2.7142857143,33,2.7628587049,0.3251330991,1.2051909037000001,0.33333333330000003,0.5,8.5,0.6583333333,1,-0.013,-1.6666666666999999,12.333333333299999,0.3954831933,2.0,-0.0375336134,-2.5044117647,1.1666666667,1.5454545455000002,-0.0657732221,0.7888169362,6.4,5.3,1.6712162844,0.4189704395,1.6436298025999998,-1.0371825147,0.11111111109999999,2.0,4.3333333333,1.3333333333,3.3333333332999997,4.6666666667,5.0,4.0,4.3333333333,3.8333333332999997,3.6666666667,2.0,3.1666666667000003,1.3333333333,3.5,4.8333333333,-0.8633410937,-0.8304608959,-1.0354171329000001,1.0932814436,0.9396433705,0.15958816850000002,1.4379149036,16.6666666667,22.2222222222,40.740740740700005,5.5,5.0,3.0,3.125,2.125,3.8571428571,3.625,57,-0.5402436899,4.8849203713,23,191.0,9,1.25,1.4666666667,,,,,,0.0636371852,0.009797959,0.0256124969,6,-1.3058641208,1.2569597682,0.4863166618,1.8300666034,-0.16208626380000002,4.2666666667,327.3333333333,1.8273229935,0.32650509510000003,1.3749328004,-79.0,62.0,45,6.209617400599999,-5.0580696108,0.7316095162,8,1.4191500245,0.4301326835,1.8679549430000002,-0.406648003,0.6666666667000001,0.33333333330000003,0.4166666667,0.5,107.5,0.4,0.6000000000000001,0.4,0.5,3.2772464496,0.3744913836,1.5451775363,-2.2120284406999997,0.4847715736,0.033051083599999996,2.7821083456,0.3350661568,1.0104769616,-2.0616660363,358.0,6.1,7.1,258.8333333333,2.7663084624,0.3153158612,2.196725822,285.4166666667,258.6666666667,2.6711148737,0.3609851935,1.2736215373,-26.75,72.36744706489999,3.5874358785000005,0.3904246765,2.1510761521,-1.2994311421,5.5,5.0,6.0,3.0,4.5,43,-0.17474226399999998,-0.6035268288000001,1.2389618065,0.35078560439999995,1.322367176,-1.2507021348,0.3984490481,2.3,3.5555555556,2.5555555556,3.1333333333,1876.7685185185,20,6,3819.25,-0.0234723562,0.08961215869999999,2.5,1.5454545455000002,1.8333333333,1.3571428571000002,2.5833333333,0.1906895551,0.24946681629999998
s347,1.1067493575,0.0732621701,1.6794555835,2.5,46.1176470588,0.43333333329999996,754,29.0,0.33333333330000003,555,-0.6072913261,-0.8974118784999999,4.5405191586,0.3330632461,2.5007906847,-1.6401481675,0.00024483780000000003,0.013458373999999999,0.0354921875,3.2,3.0714285714,2.1666666667,3.75,3.0,4.0,2.1428571429,55,5.093548337300001,0.2901004674,1.2113493264,1.0,0.0,3.4166666667000003,-0.1,1,-0.013333333300000002,-2.1666666667,3.875,0.0322033898,2.0,-0.0105480907,-0.2726158873,1.0833333333,2.0,-0.3848891045,0.5973797537000001,8.5,6.5,2.7708720352999996,0.3752143266,2.1842830565,2.2151829769,0.0,1.3333333333,3.6666666667,1.1666666667,2.1666666667,3.6666666667,5.3333333333,5.0,5.666666666699999,6.0,3.5,1.3333333333,3.1666666667000003,2.0,3.0,4.8333333333,-2.8539369063,0.8097397430000001,0.1910395678,4.9380558016,3.8145192854,0.19464149309999998,2.2029049239,22.2222222222,22.2222222222,18.5185185185,6.0,2.75,4.75,4.0,2.5,3.5714285714000003,2.875,55,-0.8075379761,4.3503317988,30,291.0,9,1.0,1.4,0.7394464493,0.0011214949,0.890625,0.0021730487,0.6666666667000001,0.06403124240000001,0.0256124969,0.0256124969,5,-1.7002021993,1.9008146375,0.3100271826,1.6242256583,-0.4017376188,4.9333333333,480.1666666667,3.283402868,0.34342689,1.3020476479,36.0,62.5,46,-39.001282649299995,47.87884590310001,0.4529894925,14,1.9503611440000002,0.4020291296,2.1785134397999997,-0.0730283457,1.0,0.75,1.0,0.8333333333,144.0,0.30000000000000004,0.2,0.5,0.4,3.6096561083,0.3855326339,1.6052395469,-1.9555403051,0.5184275184,0.051906008200000006,3.5466534165,0.31300648610000004,1.2435339240999999,-1.0642435008,307.0,6.6,6.1,,,,,265.5,341.8333333333,4.0001793025,0.3130370625,1.4885038441999998,76.3333333333,64.6318886199,2.6152039657,0.3249220525,1.8699033222,-0.5144927699,5.5,6.5,6.0,4.0,6.0,29,0.0157753469,-0.2131359919,1.6964661539,0.056208452000000006,2.4042209312,-0.6091660807,0.014230327,2.1,3.0,1.2222222222,2.7333333332999996,1883.3333333332998,-1,11,3462.25,0.3745545034,-0.1177830357,1.3,1.1818181818,2.0,1.9285714286,2.6666666667000003,0.1728583906,0.31905227
s348,0.5441095085000001,0.011274601200000001,1.50126408,1.15,14.041666666700001,0.2,324,10.9545454545,0.2666666667,231,-0.34431229760000004,-0.9552418912999999,1.1550288405,0.08459439170000001,1.8767358128,-0.32870638950000003,0.0060717782999999996,0.0394768066,6.071147460900001,2.4,4.1785714286,4.0,3.0,3.0,3.2,1.5714285713999998,53,2.0154286448,0.288689863,1.3444640513,0.0,0.5,7.708333333300001,0.0208333333,0,0.0041666667,0.7083333333,5.25,0.0025609756000000003,0.0,-0.001702439,-0.1290650407,1.1666666667,2.0,-0.017182281599999998,0.3350325189,6.7,4.3,0.508174647,0.2736274734,1.8715351562,-1.2944024179,0.0,2.5,5.5,2.5,2.3333333333,4.0,5.1666666667,2.1666666667,4.1666666667,5.666666666699999,2.8333333332999997,1.8333333333,5.0,3.0,2.0,4.5,,,,,,,,33.3333333333,11.1111111111,33.3333333333,5.0,2.0,4.125,4.0,3.875,3.5714285714000003,3.625,45,-0.7742705470000001,2.3578969031,32,121.0,0,1.25,1.4666666667,0.4911901474,0.0014368770999999998,0.5,,0.0,0.25,0.25,0.25,4,-0.1256408053,0.2964016908,0.030112524900000003,1.4573297736000002,0.2468496391,4.7333333333,,,,,,,42,,,0.6086678203,1,0.3648903762,0.2022539523,1.7879439346000001,-0.0225031024,0.33333333330000003,0.8333333333,0.8333333333,0.9166666667,122.0,0.5,0.7000000000000001,0.7000000000000001,0.30000000000000004,1.6918636716000002,0.19604786,1.8988351139,-1.1741857106,0.2985074627,0.0107906393,2.3487825722999998,0.3201757478,1.6431180452,-0.8431258965999999,371.5,5.6,5.1,,,,,,,,,,,,1.4776006181,0.2563797062,1.5162529218,-0.6666584109,5.5,6.5,5.5,6.0,5.5,25,,,,,,,,2.8,3.7777777778,2.6666666667000003,3.8,2248.6833333332997,12,7,2872.5,,,1.7000000000000002,2.0,2.0833333333,2.0,2.4166666667,0.6976070538,0.4328923903
s349,1.1249937358,0.0311467002,2.2128552778,2.4,27.0833333333,0.2,630,16.25,0.2,365,-0.7727966012999999,0.23435043100000005,3.5522540166,0.35027956200000004,1.6909321510000002,-0.5291031949,0.0017870617000000002,0.0437696533,0.0256328125,3.2,3.4285714286,2.7333333332999996,2.75,2.25,3.0,2.8571428571,46,3.1940832424,0.2511875289,1.3531783634,0.6666666667000001,0.1666666667,15.0,3.1918911959999997e-16,1,-1.9081958240000003e-17,-8.881784197e-16,18.0416666667,0.3238721805,3.0,-0.0139548872,-3.6353383458999997,1.0,1.7272727273,0.0791421799,1.0682002662,8.0,9.0,1.791617531,0.3180051304,2.3550822965,-0.5985774461000001,0.0833333333,1.5,2.6666666667000003,1.3333333333,1.5,4.0,4.0,5.1666666667,5.1666666667,6.166666666699999,3.6666666667,1.1666666667,2.1666666667,2.0,1.1666666667,2.8333333332999997,-5.3248434517000005,-2.4504804047,-0.5629734621,4.194188013,2.3406957716,0.0044827924,1.9232892539,44.4444444444,33.3333333333,25.925925925900003,5.5,4.0,4.375,3.5,4.875,2.4285714286,3.125,49,-0.8893284576999999,4.1867508355,33,111.0,10,1.0,1.1333333333,0.6123267054,0.0015513679999999998,0.9,0.0014392480000000002,0.6666666667000001,0.158113883,0.25,0.06403124240000001,3,-0.8842282464000001,1.7879263658000002,0.3910329652,1.7934829271000001,-0.3070050298,5.2666666667,300.6666666667,2.3410132981,0.2793294853,1.4424141278,23.0,84.5,47,24.3594079876,-23.963218705,0.36321039159999996,14,1.7451155050999998,0.5294540553,2.1482315202,-0.5770265286,0.5833333333,0.8333333333,0.4166666667,0.9166666667,121.0,0.1,0.30000000000000004,0.30000000000000004,0.1,2.8698895874,0.2441946432,2.5550741543,-1.0705272877,0.3793103448,0.029297988799999997,3.4742966352999995,0.2573023823,1.1867147218,-1.0296380854,256.0,7.3,6.1,232.1666666667,2.1095200521,0.3017119588,1.9042415402,205.6666666667,291.6666666667,2.5879986759,0.2907519787,1.8196600017,86.0,6.2636363636,2.07285822,0.2774285917,1.8681021,-1.0108156817,5.5,6.5,6.0,4.0,5.0,35,-0.6400437917,0.0393149477,1.3681229238,0.30784663440000004,1.7900756165,0.0571708888,-0.8632355806,2.5,4.6666666667,2.3333333333,2.5333333333000003,1451.7569444444,0,12,2417.6666666667,0.7262680197,-0.6071683282,1.5,1.6363636363999998,2.0,1.9285714286,2.0833333333,0.8584639513000001,0.5083707189000001
s350,0.9169570353,0.0282285158,1.3601811629,1.5,50.05,0.33333333330000003,960,30.25,0.33333333330000003,565,-0.7799263404000001,-1.2131400624,2.2166653868,0.4097838465,1.1901588092,0.0297091002,26.4196445313,0.9620673828,0.017345703100000002,3.0,3.7142857143,3.9,3.75,2.0,3.8,3.7142857143,46,3.9769286058,0.2758269118,1.5532545972,0.33333333330000003,0.6666666667000001,17.5,-0.05,1,3.035766083e-18,-3.3333333332999997,11.291666666700001,-0.1082142857,3.0,-0.0053285714,-1.9928571429,1.0,1.0909090909,-0.048972085500000005,0.193306377,8.4,4.2,1.4501271216,0.47976525,2.0430867886,-0.7125567328,0.33333333330000003,2.0,4.3333333333,2.0,3.1666666667000003,5.0,5.1666666667,3.8333333332999997,5.3333333333,4.0,2.8333333332999997,1.6666666666999999,4.1666666667,2.0,2.1666666667,5.666666666699999,-1.6876555172,0.6660109860000001,0.5852987131,4.1495375109,1.921630954,0.10370533720000001,1.6700484762,61.111111111099994,66.6666666667,51.851851851899994,4.8333333333,2.5,4.125,3.75,3.25,2.8571428571,3.125,54,-1.0082628,2.672669815,26,153.0,10,1.375,1.0666666667,0.5906561852000001,0.000951438,0.5250734329,0.0013354346,0.5277777778,0.158113883,0.0099597577,0.003935979300000001,2,-1.1408565776000001,0.9326743248999999,0.3152928507,1.5942251892,-0.6401487418,4.0,355.0,2.8777037488,0.3340263039,1.4614812251,2.5,116.0,44,,,0.6596532043000001,9,1.9314796313999998,0.43683239240000005,2.2436204338,0.2620704367,0.5,0.5,0.5833333333,,114.0,0.2,0.1,0.2,0.1,2.6178822632000003,0.43272682310000005,1.4178540391999999,-1.7859475353,0.5269607843,0.0245185257,2.6088592227,0.29232167010000004,1.2061783506,-1.5402258228999999,316.0,6.4,5.7,411.8333333333,3.5293726533000003,0.33372824360000003,1.5655260858000002,336.8333333333,406.8333333333,2.5756394497,0.3551328465,1.3750897063,70.0,-6.6934508291,1.8492364888,0.30188642660000004,1.6368603636,-1.2593742436,4.5,6.0,4.5,1.5,4.0,38,,,,,,,,3.0,4.1111111111000005,2.2222222222,3.3333333332999997,3651.4583333333003,-8,4,3996.3333333333003,0.6193238339,-0.38744660259999997,2.0,1.3636363636000002,2.6666666667000003,2.5,1.8333333333,0.8727224473999999,0.6088645476
s353,0.8762023371000001,0.3127352068,1.4353218808,1.45,2.4666666666999997,0.0,70,5.416666666699999,0.2,127,-0.169420708,-2.0123812818,1.1636823288,0.4159768407,1.4204181846000001,0.0145031839,27.1665507813,25.0344101563,25.0797412109,3.8666666667,4.5357142857,4.0333333333,3.0,3.0,3.0,2.7142857143,39,2.7125732964999996,0.19656662149999998,3.2172747133999997,0.0,0.33333333330000003,13.458333333299999,0.0291666667,0,0.0021666667,1.4583333333,13.625,0.031402439000000004,0.0,-0.0057439024000000005,-0.3158536585,1.0833333333,1.4545454544999998,0.07785700520000001,-0.0030834458,5.4,3.8,,,,,0.2777777778,1.0,1.0,1.0,1.0,2.0,3.0,3.0,3.0,3.0,3.0,1.0,1.5,1.5,1.5,4.6666666667,-2.2992315622,-0.3129586643,-0.6009226092000001,2.1793980406999998,1.144449255,0.0998809569,1.625568634,16.6666666667,0.0,7.4074074074,4.0,4.0,4.375,3.5,4.25,2.8571428571,3.25,40,-0.7108247741,2.7260075207999996,32,120.0,10,1.125,1.2,0.7838623047000001,0.0022897626999999997,0.6406832695,0.0023923516,0.30555555560000003,0.25,0.25,0.25,3,-1.4338238333000002,1.0019082393,0.35735863360000003,1.1900190606999999,0.045067690300000005,4.0,,,,,,,44,,,0.5385197065,1,,,,,0.5833333333,0.33333333330000003,0.5833333333,0.5,100.0,0.5,0.30000000000000004,0.2,0.6000000000000001,2.2096093969,0.3822560808,1.9897366226,-0.8814148489,0.3777173913,-0.0021665092999999997,3.4140428933999996,0.2919764084,2.0895106077000003,-0.3493267235,545.0,3.7,3.8,,,,,288.6666666667,374.6666666667,2.6586476435,0.3084426783,1.8540794431999998,86.0,171.595033056,4.2137969111,0.7377357264000001,3.0068878066000004,-0.8597932476000001,6.5,6.5,6.5,5.0,5.5,41,,,,,,,,3.0,3.0,3.0,3.0,,-2,0,1368.3333333333,-0.7164791656999999,0.8377284093999999,2.4,2.4545454545,2.25,2.0,2.0833333333,0.4375209029,0.2530606655
s354,0.8242025634000001,0.031490862700000004,1.8124661969999998,1.7000000000000002,30.5,0.33333333330000003,581,24.8235294118,0.43333333329999996,403,-0.6326978254,-1.2997368927,2.2968011797,0.3937369445,1.400439519,-0.0535323479,0.000500751,0.0102601318,0.0129619141,3.6,2.8214285714000003,2.9333333333,3.75,2.25,3.4,3.2857142857,50,3.8031814698,0.25673269190000003,1.2167276251,0.6666666667000001,0.33333333330000003,3.5,-0.1416666667,0,-0.0023333333,-0.8333333333,13.208333333299999,-0.0519635496,1.0,0.000372749,-3.7356259492,1.0833333333,1.7272727273,-0.022552005099999998,0.746515119,7.2,6.5,1.8801481869,0.3364018039,2.2876515391,-0.5040347658000001,0.25,2.0,2.0,1.3333333333,3.3333333332999997,3.3333333332999997,4.5,6.0,6.0,3.6666666667,2.6666666667000003,2.6666666667000003,1.6666666666999999,1.6666666666999999,4.0,4.6666666667,-1.2082028114,-0.10404689519999999,0.4181320954,4.4838707464,1.6741410372999999,0.2122410153,1.6204409271,61.111111111099994,55.5555555556,44.4444444444,4.0,1.25,3.75,3.875,4.125,2.5714285714000003,3.125,46,-1.1227206548,3.2129184158,35,117.0,9,1.0,1.3333333333,0.8833053589000001,0.0024355560999999998,0.830506897,0.0023172229,0.6666666667000001,0.0015811388,0.0636371852,0.0256124969,3,-0.30405693640000003,1.4603283345,0.32267447790000003,2.1744976,-0.6160718381,3.4666666667,263.0,2.7875488536,0.3354640514,1.2326144341,36.5,66.0,46,,,0.5925496952,8,1.2176000475,0.4017600515,2.1492213579,-0.2065629673,0.9166666667,0.5,0.33333333330000003,1.0,129.0,0.2,0.6000000000000001,0.8,0.5,2.9544635135000004,0.42075081020000005,1.3431703203,-2.0868651574,0.382133995,0.0510333373,2.5796985969999997,0.2843184223,1.1668739009,-1.8891761381999999,317.5,5.7,5.1,304.8333333333,2.8277002339,0.3190617322,1.4960584315,273.3333333333,266.6666666667,3.1792784407,0.35123523700000003,1.5554734471,-6.666666666699999,6.3364290748,2.0643104013999998,0.31385530899999997,1.3605637718,-0.890567918,6.0,7.0,3.0,6.0,4.0,43,-0.35912363020000004,-0.5604903095,1.8496977286,0.3301449527,1.2791609548,-0.4607795305,0.2410493764,3.6,4.6666666667,2.0,2.3333333333,2447.5242424242,3,10,3690.6666666666997,-0.138630798,0.4322633013,1.0,1.3636363636000002,2.0833333333,2.0714285714,2.1666666667,0.8730385051999999,0.1625765578
s355,1.2685614262,0.2071628931,1.2949060821,1.8,34.4090909091,0.2666666667,730,26.0476190476,0.30000000000000004,522,-0.4531773314,-1.1917390387,3.7745398938,0.3640295245,2.2512749067,-0.5014968847,0.00023811819999999999,0.0010334854,0.099859375,3.6666666667,3.7142857143,5.0666666667,2.0,2.0,2.8,3.7142857143,40,3.7394778517,0.2591037133,1.6463314183000002,0.8333333333,0.1666666667,7.5,0.1416666667,1,-0.002,-2.5,7.375,0.2683785991,3.0,-0.0094237288,-2.1746987952000003,1.25,1.3636363636000002,0.10342341099999999,0.7007519830000001,7.9,6.3,2.3285420937,0.3873865832,2.1088849326,-0.6481906353,0.11111111109999999,1.8333333333,2.5,1.8333333333,2.0,2.8333333332999997,3.6666666667,4.3333333333,3.8333333332999997,2.8333333332999997,2.8333333332999997,1.0,1.3333333333,2.1666666667,1.6666666666999999,3.0,-3.0721309646,-1.44266367,0.1910395678,4.9380558016,2.544567732,0.005606729300000001,2.2316110063999997,38.8888888889,77.7777777778,51.851851851899994,4.6666666667,4.25,3.25,2.75,3.0,2.4285714286,1.875,36,-0.9575666758,4.0502743994,21,131.0,8,1.0625,1.3333333333,0.7870628356999999,0.0011209994999999999,0.98671875,0.0015731745999999999,0.6666666667000001,0.0038729833,0.0256124969,0.0256124969,4,-1.5102432002,1.4177295437,0.4753430788,1.7366128868,-0.5035991589000001,4.0,314.1666666667,1.9862877601,0.2710015771,1.6077434587000001,24.0,206.5,44,,,0.5332813351,9,2.0884234164,0.3814093271,1.903710894,0.0892703457,0.0,0.0833333333,0.1666666667,0.25,97.0,0.1,0.2,0.30000000000000004,0.5,2.9683978187999998,0.4110785454,1.8165622393,-1.7733030962,0.3943661972,0.0152084619,2.8399162335000003,0.2857452891,1.8331844984999999,-0.42370184229999996,314.0,6.9,6.3,304.8333333333,3.8050336257999997,0.32350774649999997,1.9999193402000002,238.8333333333,262.0,2.4469238325,0.3611363958,1.599754472,23.1666666667,167.4189363152,1.9701147461,0.28460457559999996,2.3935070066,-0.7163041373000001,6.0,5.5,4.0,1.5,3.0,46,0.09262807,-0.1962517042,1.8509109812,0.34265477520000004,1.4641791136000002,-0.2977095403,-0.06301353380000001,3.8,3.2222222222,2.6666666667000003,2.5333333333000003,1706.3088744589002,11,8,2393.5833333333,,,2.6,1.7272727273,2.5833333333,2.0,2.1666666667,0.8397258084,0.4324323353
s356,0.5914668121000001,0.036233158599999996,1.8318689987999999,1.65,46.6875,0.4666666667,700,23.6,0.33333333330000003,447,-0.6548654178000001,-1.4690806094,4.3261863738,0.3699379967,1.8938558649000001,-1.6694795377,0.0017217165,0.015833252000000003,0.13124023440000002,4.0,4.1428571429000005,4.4333333333,2.75,3.25,3.6,2.8571428571,47,5.3504951405000005,0.2996088986,1.4476582321,0.6666666667000001,0.33333333330000003,9.0,0.1916666667,3,-0.0116666667,-4.25,19.5217391304,0.2102390852,1.0,-0.010592515600000001,-5.8140592516,1.0833333333,1.9090909091,-0.32048094969999996,0.6305616153,7.8,6.8,2.0331240219,0.5303421436,1.8084702438,-0.4210451422,0.055555555599999994,2.6666666667000003,3.6666666667,2.0,3.8333333332999997,4.3333333333,5.666666666699999,3.5,4.6666666667,5.3333333333,3.1666666667000003,2.1666666667,3.0,3.3333333332999997,3.1666666667000003,4.6666666667,-2.7902091826,-0.4306465471,-0.5629734621,4.194188013,2.8630824970999997,0.2141846839,1.7076725002000002,11.1111111111,33.3333333333,51.851851851899994,5.3333333333,4.25,3.875,3.125,3.5,3.7142857143,3.875,47,-1.0170844173,3.9312389163,27,137.0,7,1.3125,1.8,0.999987793,0.001019727,0.9984375,0.0015104492,0.6111111111,0.158113883,0.1265219767,0.06403124240000001,3,-0.1218604961,1.1174611054999999,0.0334414677,2.6853697975,-0.7719000362999999,4.4666666667,,,,,,,44,-39.4769283942,44.9616866275,0.4191997953,14,1.7396382550999998,0.5658634260000001,1.4904003640999999,-0.0831493948,0.6666666667000001,0.75,0.75,0.8333333333,135.0,0.1,0.7000000000000001,0.5,0.7000000000000001,4.0747304992,0.4782998947,1.3421573789,-1.6606271268,0.5333333333,0.0675130914,4.4521301023,0.28797246320000003,1.9976347808000001,-1.0891828824,,6.2,5.3,300.6666666667,4.6981598311,0.37728158659999994,4.0893476245,245.3333333333,402.3333333333,2.965821786,0.0137702218,4.402151224,157.0,117.03807740319999,2.5623904626,0.38423505630000004,1.5502495977,-1.3236324166,4.5,6.0,6.5,1.5,5.5,37,-0.9869675781999999,-0.6045304060000001,2.0789556214,0.37982077159999994,1.7057380354,0.2319799027,0.362396302,2.5,4.2222222222,2.1111111111,3.7333333332999996,2893.7092592593,11,6,5638.083333333299,0.8131537445999999,-0.1005412292,1.3,1.6363636363999998,2.4166666667,1.5,2.75,0.2225986622,0.22400254719999999
s358,1.5411778372999998,0.24369824620000002,1.1141804498999999,2.05,31.25,0.2,700,25.0,0.3666666667,450,-0.6575460274,-0.33944562479999996,2.9892659645,0.31205452040000003,1.7283355178000002,-2.0448543904,0.0032331993,0.2357822266,0.2495742188,3.0666666667,2.6428571429,3.3333333332999997,1.75,1.75,3.0,2.1428571429,42,3.9726408272,0.2784411965,1.3144200411,0.6666666667000001,0.1666666667,10.0416666667,-0.0791666667,0,0.0061666667,-2.2916666667,14.541666666700001,0.0708128079,1.0,0.0003850575,-3.6366995074,1.0,1.0,0.7131361615,-0.5220583045,8.2,8.0,1.6210133972999998,0.3923400993,1.4711998787,-0.2799700081,0.0,2.0,2.6666666667000003,1.5,1.5,4.0,4.3333333333,4.8333333333,4.5,5.833333333300001,2.1666666667,1.6666666666999999,3.0,2.3333333333,1.0,4.1666666667,-3.2921520373,-1.5719815419999998,-0.695420887,3.1651348919999998,2.3818684088,0.1032446582,1.6236626592,50.0,55.5555555556,74.0740740741,5.833333333300001,6.75,3.25,2.125,2.375,3.7142857143,4.0,51,-1.0170844173,3.9312389163,35,223.0,7,1.0,1.1333333333,0.694033432,0.0014426780000000002,1.0,0.0013762835999999998,0.4722222222,0.158113883,0.06403124240000001,0.158113883,3,-1.3133016798000001,1.4930013851,0.3179532483,1.0858343368,-0.8212523879000001,3.6666666667,414.3333333333,2.0204636878,0.2517707281,1.2645755079,6.0,26.5,47,-10.5335117124,16.953795694300002,0.2804871653,10,1.2949832633,0.39479219020000006,1.8854777109,-0.5256781829,0.5833333333,1.0,1.0,0.9166666667,139.0,0.2,0.5,0.30000000000000004,0.0,3.1876264650999997,0.4061666771,1.3445399582,-2.4986363272,0.3793103448,0.052783738899999995,2.7720365902,0.30687414220000003,1.3882341350999998,-0.09370568789999999,303.5,6.4,5.7,291.8333333333,3.6951876695999997,0.3303587119,1.3062113016,271.0,358.3333333333,3.063665682,0.2846901389,1.4300831941,87.3333333333,13.730538922200001,2.3561330182,0.32886852629999996,1.3388343781999998,-2.2139037336,2.0,7.0,7.0,1.0,1.5,57,-0.8434721102,-0.0252220806,1.3439389096,0.30148399,1.204167769,0.28134415020000003,-0.4502269683,3.7,3.8888888889,1.8888888889,2.6,1986.1888888889002,14,6,2310.1666666667,0.2807616296,-0.33647223660000003,1.1,1.0909090909,1.4166666666999999,1.0714285714,1.5833333333,0.8493125810000001,0.15558175940000002
s360,0.7049196026000001,0.2683248297,1.8439077286,1.3,20.25,0.2,460,12.8636363636,0.2666666667,273,-0.6561669235,-1.0396170416,4.8144263762,0.3632287571,2.9086088588,-0.43354968969999996,0.0139145684,0.028265014600000006,0.15056835940000002,2.3333333333,3.1071428571,2.2,1.5,1.0,4.0,3.5714285714000003,61,6.5609658953,0.2570420587,2.2705534163,0.33333333330000003,0.33333333330000003,11.208333333299999,0.0625,1,-0.0001666667,-1.2916666667,10.125,0.0092436975,0.0,0.0004941176000000001,-0.0235294118,1.0,1.4545454544999998,0.19953096239999998,1.0064834056,6.7,6.2,2.7430421588,0.4322746813,2.0104691598,-0.22944228449999998,0.7222222222,1.0,1.0,1.0,1.3333333333,3.3333333332999997,7.0,7.0,7.0,6.666666666699999,2.5,1.0,1.0,1.0,1.6666666666999999,5.666666666699999,-1.2120415386,-0.4601885715,0.1910395678,4.9380558016,2.8237442650999998,0.2599865845,2.6795905134,72.2222222222,0.0,3.7037037037,7.0,1.0,5.0,5.0,5.0,5.0,4.375,52,-0.9575666758,4.0502743994,39,154.0,10,1.0,1.0,0.7627120972,0.0019383791,1.0,0.0020946694,0.4722222222,0.009797959,0.0250474647,0.0256124969,3,-0.27344409129999997,1.3563279894999998,0.5802142779,1.9132872800999998,-0.6339674358,5.9333333333,254.5,3.4350424038,0.35311024409999997,1.4800626995,18.5,86.0,47,,,0.5162324134,4,1.6814794824000001,0.485636311,2.0086197049,-0.8690728931999999,0.8333333333,0.5833333333,0.5833333333,0.8333333333,150.0,0.0,0.0,0.2,0.0,3.9005080473000002,0.4273529582,1.4828426321,-1.8923785518,0.4419753086,0.05425029940000001,4.0824512907,0.3479749949,1.59355262,-1.7648818755000002,318.0,5.9,5.3,285.8333333333,5.2314110295,0.30764545730000004,4.1410317982,246.6666666667,276.6666666667,3.1576285116000005,0.3506774892,1.4841360016999998,30.0,143.2700669907,4.2389960236,0.3436603043,2.3280613818,-0.7919932136000001,7.0,7.0,7.0,6.0,6.0,21,0.06668088200000001,-0.4287194605,1.8947611597999998,0.3311071289,1.592601551,-0.8777910049000001,0.4298564134,1.8,5.0,1.7777777778,2.8,2798.8611111111,4,7,3567.7272727273,0.6583808178,0.32690278559999997,1.1,1.0,1.0833333333,1.0,1.1666666667,0.17271637760000003,0.49395133399999996
s362,1.1364831502,0.2983760955,1.2561604925,2.6,36.3636363636,0.2666666667,765,30.9523809524,0.30000000000000004,600,0.29448048250000003,-1.5118645984,3.3828025198,0.40038531909999997,1.6650698859,-0.3259744618,3.776e-06,0.0002805948,0.0017597656,2.0,2.5357142857,3.2,2.0,1.25,3.4,4.0,61,7.398848726900001,0.2553420732,1.7904333759000002,1.0,0.0,2.625,0.0458333333,3,-0.0031666666999999996,-0.7083333333,5.125,0.08433540910000001,3.0,-0.002996779,-1.9350440197999998,1.0,1.3636363636000002,0.30874895620000004,0.9781185326999999,8.4,8.5,2.1819234378,0.4815145153,1.6666045061,-0.9144856833,0.8333333333,2.5,2.8333333332999997,1.0,2.5,2.5,4.8333333333,5.666666666699999,5.833333333300001,4.0,3.0,2.5,1.0,1.8333333333,1.1666666667,4.5,-2.9838554875,0.7114335479999999,0.1910395678,4.9380558016,4.8354507188,0.32327421230000003,1.6908616515,88.8888888889,0.0,22.2222222222,4.8333333333,3.25,4.375,4.625,3.375,4.7142857143,3.125,43,-0.9575666758,4.0502743994,37,245.0,9,1.0,1.0,0.7395568848,0.0008603869000000001,1.0,0.0011286296,0.75,0.0002011893,0.0002011893,0.0015811388,4,-1.5528217845,1.8782023991999999,0.37731969299999996,1.6335871162000002,-0.5231395193,5.4,278.0,2.9303608094,0.2795141223,1.3818724734,5.0,94.5,48,-14.7755061527,26.923922844099998,0.3751760732,14,2.6129085613000003,0.5210188854,1.5835109944999999,-0.4356423863,1.0,0.8333333333,1.0,1.0,145.0,0.2,0.4,0.30000000000000004,0.1,4.3461460806,0.3793067746,1.9459931228999998,-1.5329203715000002,0.6299019607999999,0.11192873730000001,3.5250551076999996,0.28806974399999996,0.8929970301000001,-2.2824751198,274.5,6.2,6.5,288.5,3.6879792352,0.3246517922,1.2727416106,250.0,253.5,3.1887684610000004,0.2697780436,1.6969652877,3.5,137.70680426290002,4.1303846219,0.2780955747,2.3582537203,-0.6492203777000001,1.5,7.0,4.0,1.0,4.0,24,-1.007097416,-0.8584611213000001,2.5169370883,0.35573519070000004,1.3129965940000001,0.3576192622,1.0199438662,3.9,4.4444444444,1.2222222222,1.4,2720.3203703704003,6,5,2683.1666666667,1.5553336534,-0.1823215568,1.2,1.0,1.0,1.0,1.0,0.6941334583000001,0.34777572770000004
s363,1.0184110264,0.2381942577,1.4987313443,1.75,31.1111111111,0.4,525,23.125,0.4666666667,340,-0.36783777619999997,-0.2975733974,2.9840052875,0.40602056229999994,1.7554259972,-2.5251262678,0.0003111449,0.0060962372,0.0156240234,2.3333333333,3.1071428571,2.9666666667,3.0,2.5,4.0,3.8571428571,58,4.8440690686000005,0.28819780040000004,1.8928327089,0.6666666667000001,0.1666666667,3.2916666667000003,0.0041666667,1,-0.0055000000000000005,0.0416666667,1.7083333333,0.0229882604,2.0,-0.0033195304,-0.5384204909,1.0,1.8181818182,0.7088844163,1.6538959172,7.3,7.6,1.7083772228999998,0.5173697288,2.0948027775,-1.7379509172,0.5,1.0,1.6666666666999999,1.0,2.5,4.5,6.0,6.0,7.0,5.1666666667,1.1666666667,1.0,2.0,1.0,3.0,6.166666666699999,-1.5601020647,-1.028755521,-0.33672694870000003,2.9741526582,2.3850081833,0.3965238647,1.4140093656,50.0,22.2222222222,25.925925925900003,5.0,1.0,4.125,5.0,3.75,3.0,4.75,53,-0.6385135918,3.4121682313,38,129.0,6,1.0625,1.3333333333,0.73650074,0.0007415614999999999,1.0,0.0010268392,0.6388888889000001,0.009797959,0.009797959,0.009797959,4,-0.6529248517,0.9207572824,0.7023521231000001,2.0447200422,-0.158324504,4.7333333333,469.1666666667,4.8024438654,0.33821047810000004,2.8838059106,57.5,36.5,46,40.0334738983,-29.662320375500002,0.5991408642,10,1.3410084784,0.5704069059,2.1088682603,-0.4377000686,0.9166666667,0.75,,0.8333333333,145.0,0.1,0.0,0.5,0.4,2.4739199913,0.4480028363,2.089857631,-1.2835148425,0.4231805930000001,0.022431978999999998,3.1152324273,0.3182453807,2.0234102937,-1.0079349798000001,295.5,6.1,5.3,376.8333333333,3.5068614657999997,0.4344538312,2.781413318,283.3333333333,272.3333333333,4.8114986445,0.37640519130000005,2.2628432425,-11.0,21.378762306600002,2.4662685447,0.3733071701,2.1177158065,-0.8772980850000001,7.0,6.5,6.5,5.0,6.0,26,0.2751504852,-1.3254773812,1.419715155,0.15147923030000002,2.501553504,-0.9248680376,0.9250482048,3.3,3.8888888889,1.8888888889,2.4666666666999997,3830.5833333333003,1,8,4422.3333333333,-23.6734773994,24.2782136227,1.0,1.0909090909,1.75,1.0714285714,1.8333333333,0.8300000756,0.5252741892
s364,1.9725212103999998,0.25094827270000003,1.1809153301000002,4.35,20.6818181818,0.2666666667,440,37.8571428571,0.5333333333,505,-0.1225611559,-0.2654186028,3.819082002,0.25180942700000003,2.1601024151,-2.7147729670999996,0.0003050701,0.0157258911,0.0597080078,4.3333333333,4.8928571429000005,4.8333333333,1.75,2.5,2.6,3.8571428571,36,4.5537014537000005,0.2722167,0.9881630099,0.8333333333,0.0,11.5,0.0666666667,2,-0.0053333333000000005,-4.8333333333,8.7916666667,0.0777047523,1.0,-0.0034256825,-3.4659251769,1.1666666667,1.6363636363999998,0.1906452333,0.4895735655,8.4,9.6,2.8491246469,0.38174423609999997,1.4714031361000002,0.8158927063,0.027777777799999997,3.3333333332999997,3.0,1.8333333333,2.8333333332999997,4.0,4.8333333333,5.5,4.6666666667,5.0,3.0,1.5,1.0,2.0,1.8333333333,4.6666666667,-1.8138956399,0.0687993056,0.0,5.320134937200001,2.6454081192,0.147558826,1.7964924462,83.3333333333,66.6666666667,25.925925925900003,5.833333333300001,4.75,3.25,4.0,3.0,3.0,4.125,39,-1.2494826612,3.4664424285,22,298.0,6,1.3125,1.3333333333,0.7449871063,0.0024021116,0.904826355,0.0025558530000000003,0.7222222222,0.009797959,0.009797959,0.06403124240000001,4,-1.1415172739,2.2176343155000002,0.31457599420000004,1.6949097563,0.1870446093,4.6,245.6666666667,2.3199936673,0.26360475699999997,1.5317872444,-20.0,228.5,37,-2.6022896759,4.499831858299999,0.4362903274,6,2.2502656830000003,0.3939213792,1.8240919062999998,-0.5144797386000001,0.4166666667,0.6666666667000001,0.4166666667,0.4166666667,93.5,0.30000000000000004,0.30000000000000004,1.0,0.4,3.1636591829,0.3621791609,1.4514456505000002,-1.7215993686000002,0.5061425061,0.1020859565,4.3367011867,0.26999305949999997,0.9767714306999999,-2.1434833151,240.0,7.0,6.8,179.3333333333,2.9682529231,0.4082376633,2.7585108901999997,230.6666666667,213.6666666667,3.5998518270999997,0.2067363275,4.5644038693,-17.0,126.14674569969999,3.0246712013,0.273357261,1.5578645386,-0.9680580725,6.5,2.5,3.0,2.0,7.0,18,-0.467297425,-0.711698684,2.6588465028,0.3081529947,1.3486281048,-0.7065488510000001,-0.49997434380000005,4.7,3.0,2.5555555556,3.1333333333,2059.7583333333,25,4,5083.4166666667,1.0207490225,0.0408219945,2.5,1.8181818182,2.5833333333,1.7857142857,2.1666666667,0.8425611634000001,0.1594525324
s366,1.1560072122,0.3716518463,1.6969532581,2.15,46.3333333333,0.5,662,25.55,0.33333333330000003,496,-0.6228664691,-0.211611016,3.7450151195999997,0.35066186909999997,2.6065198158,-0.9055604795,7.0787e-05,0.0090110168,0.1269833984,2.8666666667,3.75,4.2,3.5,3.75,3.6,3.4285714286,42,4.2208282842000004,0.2914459249,1.4246533055,0.6666666667000001,0.1666666667,8.4166666667,0.0666666667,0,-0.0003333333,0.5,8.5416666667,0.1221662469,0.0,-0.0013853904000000002,-0.2172544081,1.0833333333,1.9090909091,-0.2890873721,1.0101141234,9.0,7.7,1.5022662109,0.42505049359999997,1.9475428104,-1.5068159698,0.9722222222,2.1666666667,3.0,1.0,2.6666666667000003,3.8333333332999997,4.1666666667,4.0,4.6666666667,4.6666666667,1.3333333333,2.5,3.3333333332999997,3.6666666667,2.1666666667,6.666666666699999,-2.7015028085000004,-0.7678174575000001,0.0,5.320134937200001,2.466924999,0.29979094300000003,1.7283703276,27.7777777778,66.6666666667,74.0740740741,5.3333333333,1.75,4.375,4.625,4.875,3.4285714286,3.5,48,-0.8025984338000001,2.4145526767,18,141.0,6,1.125,1.8,0.8977890015000001,0.0007749375,0.9296875,0.0011728415,0.5555555556,0.0002011893,0.0002011893,0.0002011893,2,-0.9833901881,1.4113445666,0.4678065139,2.0828441038,-0.463499988,5.2666666667,,,,,,,45,,,0.7559471339,9,1.2973685089,0.5511159964,1.8997460778,-0.243270283,0.33333333330000003,0.1666666667,,0.25,116.0,0.30000000000000004,0.4,0.6000000000000001,0.7000000000000001,2.7020935291000003,0.4463882396,1.9562259267,-1.8457121859999999,0.5517241379,0.0520081475,2.0399753271,0.3268594387,1.4535969024000002,-0.17621192870000002,384.5,6.7,5.5,376.1666666667,2.4420713009,0.19332938670000002,2.7430330281999997,364.6666666667,350.5,1.434920411,0.3421840446,1.5150057169,-14.166666666700001,57.538745874600004,1.9165495274000002,0.3681153874,1.9465427266,-0.3100419276,6.5,6.0,6.5,4.0,6.5,35,-0.2949537044,-0.2527357078,0.7588867498999999,0.024170945699999998,2.2838302188,-0.1003245119,-0.46873408340000006,3.8,2.7777777778,2.7777777778,3.7333333332999996,3323.4527777778003,3,4,4755.8333333333,0.5100089639000001,0.3772942311,1.7000000000000002,2.1818181818,2.0,1.1428571429,3.4166666667000003,0.8322445895999999,0.8572740319000001
s370,1.0081706975,0.24692677559999998,1.5057783593,2.0,35.0,0.33333333330000003,675,28.0,0.33333333330000003,525,-0.2722829314,-1.3430476362,3.1704060312,0.3471895967,1.3900500647,-1.6253820863,0.0005026183,0.0049425964,0.0354921875,2.7333333332999996,3.1785714286,3.5,2.0,2.5,3.0,2.7142857143,43,2.9348914317,0.314531304,1.4016427128,1.0,0.0,15.916666666700001,0.1,1,-0.004,-4.5,6.5,0.22434988179999998,2.0,-0.0163073286,-1.256501182,1.0833333333,1.0,0.0427998742,0.579783053,7.7,5.4,2.5152984865,0.46113932009999997,1.7796502666,-0.8061413145999999,0.0833333333,1.5,3.6666666667,1.3333333333,2.1666666667,3.8333333332999997,4.3333333333,5.5,5.833333333300001,4.6666666667,3.5,1.5,1.6666666666999999,1.3333333333,2.3333333333,4.1666666667,-3.3345251826999998,-0.9386317922,0.1910395678,4.9380558016,2.835270889,0.2516512052,1.4063508944999998,22.2222222222,44.4444444444,59.2592592593,4.6666666667,5.75,4.0,3.875,5.0,3.4285714286,3.625,44,-0.9575666758,4.0502743994,25,160.0,10,1.0,1.0666666667,0.7132042885000001,0.0015517525000000002,0.8484268187999999,0.0017601823999999998,0.6111111111,0.0256124969,0.0256124969,0.0256124969,2,-1.1421478483,0.7359083629000001,0.2660556321,1.1398898856,-0.8774463401,5.0,216.6666666667,2.5052444861,0.2548893015,1.9732911163999998,-57.0,-7.0,46,22.127080423899997,-20.574821700799998,0.4280351552,12,2.4891200562,0.45107743270000006,2.1939289122,-0.1929083889,0.75,0.1666666667,0.6666666667000001,0.9166666667,132.0,0.1,0.0,0.4,0.2,1.8026544424,0.4867645227,1.4570577297999998,-0.4445504736,0.4730392157,0.0756799695,2.9209778629,0.3112031536,1.0576486598000001,-1.1601196417,276.0,5.6,4.2,244.5,4.025376626,0.2768172747,2.1036085968,238.0,274.8333333333,2.4842283396,0.31883964940000004,1.2409886393,36.8333333333,65.1858860742,2.7394672335,0.3810856847,1.7680200316,-1.4229412269,6.5,6.0,6.0,1.0,4.5,62,-0.5604356367000001,0.2747893193,1.6839779648,0.33265744010000003,1.3552263928,-0.1583625009,-1.0229697918,1.9,4.1111111111000005,1.7777777778,1.8,2715.3278911565,32,5,2381.5833333333,-0.1977749614,0.68658978,1.6,1.1818181818,1.5833333333,1.2142857143,2.25,0.2207133898,0.3330898404
s374,1.6180593558,0.2724059256,1.6756511815,3.15,44.5789473684,0.3666666667,807,21.6666666667,0.4,370,-0.32929356309999996,-1.4652123194,2.7470751976999996,0.42920026479999995,1.4866310305000001,0.2985729716,9.36364e-05,0.0001345301,0.0002709961,6.9333333333,3.6785714286,5.4333333333,1.0,3.0,1.6,4.0,37,4.8494172533999995,0.2830057146,1.4715119613999998,0.8333333333,0.1666666667,10.0833333333,0.31666666670000004,3,-0.010666666699999999,-2.9166666667000003,10.2083333333,0.2254923903,3.0,-0.0056866606999999994,-3.2235899731,1.1666666667,1.1818181818,0.12300394619999999,0.9937426198,8.2,8.2,3.6269240248,0.6499154832999999,2.4767591382000003,0.5428631866,1.0,3.3333333332999997,2.5,1.6666666666999999,4.8333333333,3.6666666667,3.8333333332999997,3.6666666667,3.0,2.8333333332999997,2.3333333333,3.0,3.1666666667000003,4.5,5.833333333300001,5.5,-3.5228301750999997,2.7878941176,0.0,5.320134937200001,3.9714427817,0.2236018003,1.4044889028,61.111111111099994,22.2222222222,29.6296296296,1.6666666666999999,6.25,1.875,1.5,1.5,1.0,2.0,30,-1.1227206548,3.2129184158,11,274.0,5,1.0625,2.0,0.8504882812000001,0.0019247636,1.0,0.0017744553,0.5555555556,0.0002011893,0.0002011893,0.0002011893,5,0.13487838400000002,1.6453557072,0.5120867535,1.7683278604,0.205887761,3.0,,,,,,,33,10.2678845451,0.31824887760000004,0.33959109740000004,16,2.5341904349,0.6566950970000001,3.1395184904000004,-0.24523318149999998,0.0833333333,0.1666666667,0.8333333333,0.25,69.0,0.9,0.9,0.8,1.0,3.4061354614,0.24038090809999998,2.9274236299000003,-1.6430339127000002,0.5196078431000001,0.05879276090000001,3.6498426853,0.29504244900000004,1.0470411126,-1.3241306486,292.5,7.0,6.1,,,,,348.75,342.5,3.0992840879,0.29359923600000004,1.1482154642,-6.25,25.667365028200003,4.4600881580000005,0.3500080888,2.0919190986,-0.7834469261,4.0,5.0,1.5,1.5,4.5,57,-0.055791091900000006,0.32947020899999996,2.2680894199,0.3646133503,1.5215959316999998,0.321147295,-0.3429397254,4.4,1.1111111111,2.2222222222,3.2,2196.025,3,10,4431.5,2.2281868029,0.0,3.8,2.1818181818,2.3333333333,1.0,3.6666666667,0.8700050429999999,0.5809758803
s375,0.9095345967,0.17826417690000002,2.210846214,2.15,26.0,0.1666666667,625,13.851851851900001,0.1,352,-0.25492540620000004,-0.6302758446,3.6741276519999997,0.35174382340000004,2.529944736,-0.727921402,0.0005260231000000001,0.006267334,0.1114003906,3.8666666667,3.5,4.9666666667,2.25,3.0,2.8,2.5714285714000003,43,2.7993966687,0.015051479,2.9841343713,0.5,0.5,11.833333333299999,-0.025,0,0.001,1.9166666666999999,11.166666666700001,0.033983451500000005,1.0,-0.0030260047,-2.1601654846,1.0,1.9090909091,0.5532498042,0.7836074131999999,7.9,6.6,2.2226911221,0.5978279049,2.4585605193,0.2489251839,0.19444444440000003,1.8333333333,3.3333333332999997,1.5,4.0,2.6666666667000003,4.0,4.8333333333,5.0,4.3333333333,2.6666666667000003,1.0,2.0,1.3333333333,2.8333333332999997,4.8333333333,-1.0156613315,-1.0714901104,-0.5769779016000001,3.3754990364,1.8250806409,0.0959163907,3.0817301037,44.4444444444,33.3333333333,25.925925925900003,4.8333333333,5.0,4.0,3.75,3.125,3.7142857143,3.0,47,-0.7017421781000001,4.5619233948,26,,9,1.0,1.6666666666999999,0.7024764419,0.0007889705,0.9637896537999999,0.00108559,0.5277777778,0.0038729833,0.009797959,0.0256124969,3,-0.4378989591,1.1808446025,0.5997615025,2.0030285925999998,-0.41889882759999997,4.2666666667,418.3333333333,2.6357964312,0.3187089013,1.9134914142,46.0,166.0,45,,,0.5404637809,7,1.5014699769000002,0.6162127578000001,1.8233602674,0.2663104557,0.4166666667,0.33333333330000003,0.9166666667,0.75,116.0,0.5,0.5,0.30000000000000004,0.30000000000000004,1.1851369790000001,0.5580043457,2.2071992005000003,-1.0114209277,0.4196891192,0.0459068883,,,,,317.0,5.4,5.3,301.8333333333,2.5142690951,0.4337326131,1.7212438978,257.1666666667,279.6666666667,4.6685340769,0.0862160257,5.7638794129,22.5,17.8434811305,2.3222026469,0.4026158207,2.2232401419,-1.4376615815,6.0,6.0,6.0,3.5,4.0,39,-0.8942565291000001,0.20040602859999998,1.4148448591999998,0.34757583750000004,1.7329723107,0.2873638308,-1.0406600441,4.0,2.8888888889,3.0,3.2,2374.8854166667,1,6,5656.166666666701,,,2.1,2.0,2.0833333333,2.1428571429,2.8333333332999997,0.7082745506,0.211140865
s377,1.1381302235,0.294105587,1.714697362,2.9,30.7894736842,0.3666666667,555,26.470588235300003,0.43333333329999996,430,-0.7363660212,-0.8117799988000001,4.3431419096,0.2844703165,2.6547112998,-0.3551345074,0.0036971343,0.0022240753,0.0704248047,2.7333333332999996,3.0714285714,3.4,3.25,3.0,3.4,2.0,51,3.0725888561000003,0.3043306784,1.2579041961,0.33333333330000003,0.33333333330000003,7.625,0.2291666667,2,-0.014166666699999999,-4.4583333333,17.3333333333,0.0584337349,1.0,-0.002,-4.4939759036,1.0,1.6363636363999998,-0.1149226843,1.0239453536,7.9,7.2,,,,,0.22222222219999999,2.0,1.8333333333,2.5,2.8333333332999997,6.666666666699999,4.3333333333,4.6666666667,4.0,4.0,1.1666666667,1.8333333333,1.0,4.0,3.5,6.833333333300001,-0.9490105195,-0.4619269904,-0.5629734621,4.194188013,2.6524135617,0.1114074314,2.6184735251,11.1111111111,0.0,22.2222222222,5.0,2.0,4.875,4.625,5.0,4.1428571429000005,3.875,42,-0.9928100529,3.4727396196,35,239.0,9,1.0625,1.5333333333,0.8323959351000001,0.0012774115,1.0,0.0022077820999999997,0.5555555556,0.009797959,0.009797959,0.0636371852,4,-1.0375145162000001,1.6514923093,0.3423724246,2.2242520094,-0.14132949919999999,5.466666666699999,269.1666666667,2.7906470999,0.26967945190000003,1.7640709738,7.5,162.5,43,-34.6183620081,37.6073764101,0.4250941088,11,1.6820082087,0.4581431732,2.0000122812,-0.6124914027,0.8333333333,0.8333333333,0.8333333333,0.9166666667,149.0,0.4,0.7000000000000001,0.6000000000000001,0.5,,,,,0.5946843854,0.0872245168,2.5845265672999997,0.25979660450000003,1.4920315875,-1.0155576944,304.5,5.3,5.6,213.1666666667,3.3559712708999996,0.2775305179,3.7214674760000004,244.1666666667,274.8333333333,4.0489785812,0.316627396,1.440297156,30.6666666667,8.0359848485,1.9987131644999998,0.304966719,1.7322776481000002,-1.0453227987,4.0,6.5,7.0,6.5,6.5,37,-0.0780667085,-0.060397741799999995,1.4900175235,0.2745042312,2.3092810004,-0.34276651939999997,-0.49592827479999996,2.4,3.5555555556,1.8888888889,3.2,2012.7053872054,28,5,3554.3333333333003,1.8753287149,0.4626235219,1.6,2.0909090909,1.4166666666999999,1.2857142857,2.6666666667000003,0.7081363398,0.3118434765
s378,1.2462592211,0.2388996514,1.2813491042,2.05,51.25,0.4666666667,770,30.7692307692,0.5666666667,365,-0.058409772199999994,-1.4266271094999998,2.9205649966000005,0.3159948267,1.2629890995,-0.29472801309999996,0.0002118129,3.78854e-05,0.0005227051,3.2666666667000004,4.4285714286,3.8,2.75,3.0,3.0,2.2857142857,47,4.8622564989,0.2723884851,1.1849969545999999,0.6666666667000001,0.1666666667,23.8333333333,0.075,1,-0.013333333300000002,-2.25,25.7916666667,-0.0604499579,1.0,0.0012010093,-3.8179142136,1.0,1.9090909091,0.16609996600000002,1.0673240393999999,8.2,8.1,2.953493303,0.3364448054,1.7249366788,0.5640660998,0.8055555556,1.5,4.0,1.5,6.333333333300001,3.6666666667,3.5,3.3333333332999997,3.8333333332999997,2.8333333332999997,2.5,1.5,4.5,2.5,6.666666666699999,5.666666666699999,-1.5204390884,-0.2820120471,-0.5629734621,4.194188013,2.7561725737000002,0.0966241902,1.7390678758000002,44.4444444444,0.0,37.037037037,5.666666666699999,4.25,3.625,3.875,3.75,3.2857142857,3.375,44,-1.1652624446,3.6348828618,29,224.0,6,1.1875,1.8,0.6921993731999999,0.0013923454999999999,0.899609375,0.0018405046,0.6944444444,0.0015811388,0.0006324555,0.0015811388,4,-1.0303856686,1.9700222327,0.3593448776,1.4471087624,-0.17165860160000002,4.1333333332999995,224.6666666667,3.9395333164,0.3475040251,1.4551805149,-30.5,4.0,44,-3.495304586,10.6159524374,0.21642381789999998,12,2.5371350285,0.3806214276,1.7566264784,-0.2267718127,0.8333333333,0.4166666667,0.5,0.8333333333,128.0,0.0,0.4,0.8,0.9,4.3418476344,0.3592122251,1.4553900418,-2.5123701338999997,0.4705882353,0.1191689351,4.7783838582,0.2696732387,1.3485660469999998,-0.8122270123,248.0,6.0,6.4,323.0,3.7309016682,0.3491442004,1.2291057268,233.0,245.8333333333,3.6978365464,0.21496755739999998,2.0779014543,12.833333333299999,47.3042670235,3.7150915378,0.31025358540000003,1.6190022708,-1.7969391336000002,6.0,5.0,6.0,4.0,5.0,35,-0.4356021784,-0.7670641737,1.9707506102,0.31352245079999996,1.2118398336,0.06328920710000001,0.5608610442,1.9,4.2222222222,2.1111111111,3.8,1597.4393939394001,9,8,2724.6666666667,-0.2821930596,0.4462871026,1.8,2.1818181818,1.5833333333,1.0714285714,3.6666666667,0.9233023358,0.2223579442
s379,1.2124547284,0.11290851619999999,1.8005750935,1.8,9.4814814815,0.1,246,6.96,0.1666666667,165,-0.3019986744,-1.1467622915,4.3168724256,0.3553890209,2.2965863245,-1.6644622703,0.0005004173000000001,0.0033602066000000003,0.011042968799999999,4.0,3.3214285714000003,3.6666666667,4.0,2.5,4.0,3.0,49,5.6996967825,0.2463052097,2.0444771615,0.5,0.1666666667,6.166666666699999,0.05,0,-0.0016666667,-1.0833333333,15.791666666700001,-0.0354518265,1.0,-0.0083127537,-4.7509079257,1.0,1.2727272726999999,0.0876387102,0.8913584092,7.8,6.9,1.4608227414,0.35632512050000004,1.7458194249,-1.1901311156999999,0.22222222219999999,2.0,3.5,2.0,4.1666666667,5.3333333333,4.1666666667,4.1666666667,4.6666666667,4.6666666667,3.0,2.5,3.5,3.6666666667,3.5,5.666666666699999,-2.4095370809,-1.8788542274,0.0,5.320134937200001,3.6317771722,0.182076674,1.8882429904,66.6666666667,55.5555555556,37.037037037,6.166666666699999,4.5,4.125,4.375,3.625,3.4285714286,3.5,49,-0.7017421781000001,4.5619233948,33,125.0,6,1.0625,1.5333333333,0.6538500786,0.0019768298,0.8074039459000001,0.002328545,0.027777777799999997,0.009797959,0.009797959,0.0256124969,6,-1.419875946,1.2029486716,0.4669191784,1.8671653133,-0.0650488132,4.6,374.3333333333,2.8061849875,0.27690062239999996,1.5295424777000002,11.0,-33.5,47,,,0.5990429331,12,1.1925134521,0.4024877396,1.9943745612000001,0.5612576784000001,0.5833333333,0.4166666667,0.5833333333,0.8333333333,139.0,0.7000000000000001,0.4,0.5,0.5,3.0737323264,0.3579998231,1.9601230721,-1.5293005599,0.5403422983,0.0438659707,4.1392801812,0.2623327418,1.9994288641,-1.2482324725,339.0,5.0,5.0,309.6666666667,3.8614431774,0.32303568039999997,3.3900876138,272.8333333333,249.0,2.8657267175000003,0.34596027560000003,1.6537952356999999,-23.8333333333,59.8247046997,2.5975816997,0.3528257272,1.8957680977000002,-1.271572852,5.5,6.5,4.5,5.0,5.0,29,0.295934246,-0.1875021839,1.6218799877,0.2820526696,1.5964041324,-0.7701961631,0.2288214007,2.6,4.5555555556,2.1111111111,2.9333333333,2487.5740740741,3,8,3584.6666666666997,,,1.2,1.6363636363999998,2.0,2.0714285714,2.5,0.7041193531000001,0.5352664362
s381,1.2611227235,0.07513708470000001,1.7213810208000002,2.55,32.1111111111,0.4,536,22.736842105300003,0.3666666667,411,-0.27223969929999997,-0.3857871496,3.0754685555,0.43092841090000006,1.41690189,-1.9219428455,0.0008129753000000001,0.0018073883,0.0093789063,3.4666666667,3.6071428571,3.6666666667,2.75,2.25,3.0,3.4285714286,44,2.6424958392,0.28354245,0.9559811911,0.33333333330000003,0.1666666667,12.583333333299999,0.125,1,-0.001,-3.3333333332999997,14.083333333299999,0.0651725546,1.0,0.0052575046,-2.3305084746,1.0,1.0,0.0083402836,0.3651190807,7.9,6.9,2.1220151193,0.40400199049999996,2.2803642509,-0.1410499557,0.8611111111,1.0,4.0,1.1666666667,1.8333333333,3.6666666667,5.5,4.8333333333,5.0,5.5,3.8333333332999997,1.3333333333,3.1666666667000003,2.1666666667,1.3333333333,4.1666666667,-0.7594846423,-0.0435211945,0.0,5.320134937200001,4.2274034079,0.0325557371,4.603189633,55.5555555556,33.3333333333,33.3333333333,5.0,4.25,3.25,2.0,3.375,2.7142857143,3.25,47,-1.1652624446,3.6348828618,25,206.0,4,1.0,1.0,0.5629843235,0.0010864932,1.0,0.001929066,0.5555555556,0.009797959,0.0004,0.0038729833,3,-1.4823797913999999,1.6806785603999999,0.37559010719999997,1.4038727267,-0.2907005582,4.0,,,,,,,46,4.4651912707,7.0895941625,0.4004480862,12,,,,,0.5833333333,1.0,0.8333333333,0.8333333333,116.0,0.2,0.4,0.5,0.1,3.338344539,0.4618274813,1.5752417027,-2.4899884768000002,0.5037037037000001,0.0247471063,3.1032032733999997,0.30462908850000003,1.1555594421,-0.9779282511,259.5,5.6,4.9,316.8333333333,2.4137369651,0.3513828397,1.3555883788,348.9166666667,242.1666666667,2.1414533671,0.3387283688,1.4298749884,-106.75,102.08373575430001,2.8278096344,0.3800732413,1.4474452463999998,-0.5138829346,5.5,5.5,3.0,2.5,5.5,42,-0.7543418846000001,0.4376988485,2.2922095036,0.3666600296,1.5004949724,0.2933387189,-0.3593723364,3.3,3.6666666667,2.5555555556,2.6,2700.4833333333,4,10,3710.0,-0.577102259,1.2105302049,2.1,1.5454545455000002,2.0833333333,2.0,1.75,0.6273074264999999,0.24380677109999999
s384,1.2385502627,0.43867403899999996,1.8181792302,3.05,47.7826086957,0.23333333329999997,1033,15.0476190476,0.30000000000000004,301,0.0922774789,-1.4003235722,2.3159317108,0.35989843050000003,1.3187519014,-0.9639407395999999,9.07473e-05,0.0009273834,0.0100585938,3.8,3.8214285714,4.9333333333,2.0,3.25,3.0,3.0,41,2.9424042254000002,0.17993497879999998,2.0268669412,0.33333333330000003,0.33333333330000003,10.0,0.20833333329999998,3,-0.015666666699999998,-2.5,8.0833333333,0.225,3.0,-0.0168333333,-2.9166666667000003,1.1666666667,1.7272727273,-0.1672345391,0.6788798133,8.0,7.8,2.1176263827,0.3821030116,1.6525332741999998,0.1846180125,0.4722222222,2.8333333332999997,2.3333333333,2.1666666667,3.6666666667,3.8333333332999997,2.8333333332999997,5.0,3.1666666667000003,3.3333333332999997,2.1666666667,3.1666666667000003,2.1666666667,5.1666666667,5.5,5.666666666699999,-2.2209795090999997,-2.3074143506,-0.46832835939999995,2.7109498368,2.3488291524,0.2149636893,1.6355581562,55.5555555556,0.0,18.5185185185,5.5,4.75,4.125,3.5,2.5,3.2857142857,3.0,49,-1.2494826612,3.4664424285,19,199.0,6,1.25,1.8,0.7352020264,0.0016061897,0.9582443237,0.0021511002,0.5277777778,0.0256124969,0.0256124969,0.06403124240000001,5,-1.0648013224,2.0440248458,0.3852321478,1.4973270586,-0.4121319381,4.4666666667,373.6666666667,3.0757639212,0.37545036979999996,1.3016226845,19.5,46.5,38,2.1111024333,-1.8635829497999998,0.3643611911,10,1.5123939138,0.48776141,1.4586954155,0.5954672647,0.4166666667,0.1666666667,0.25,0.1666666667,96.0,0.7000000000000001,0.9,0.9,0.7000000000000001,2.3603888235,0.4626589409,1.6284120300999998,-1.998119528,0.46,0.08656446050000001,2.9554372996,0.29758514080000004,1.111472505,-1.1327800683,399.0,6.6,6.6,295.0,3.5571116891,0.3464152136,1.6816880528,275.5,277.3333333333,3.4732190044999998,0.12540076760000002,3.7587294,1.8333333333,125.074789916,3.0478629601,0.31115940140000004,1.9522007107,-0.44941403909999994,5.5,5.5,6.0,6.0,6.5,60,-0.6428287847999999,-0.5044271297999999,1.5854676326,0.08865209539999999,2.1948017494,0.4334526646,-0.0910436169,3.5,2.2222222222,2.8888888889,3.4,2322.75,8,7,5043.75,0.2856009062,0.8909729239,2.6,2.0,1.25,1.2142857143,3.8333333332999997,0.7946124525,0.3811101044
s386,0.5015934455000001,0.06450099050000001,1.8210018158,1.7000000000000002,3.6666666667,0.1,94,2.5,0.0,72,-0.7961618262000001,-0.9593960965999999,3.693843764,0.3918345159,2.9256234446,-0.8638488065000001,0.0004062366,0.11929492189999999,29.6577490234,3.5333333333,3.8928571429,5.2666666667,2.5,2.0,2.4,2.2857142857,44,2.4671331875,0.3589547091,1.3597899751,0.0,0.5,24.25,-0.2,0,-0.0046666667000000005,0.5,12.875,-0.08726884780000001,0.0,-0.0039776468,0.2198740093,1.1666666667,1.6363636363999998,0.5866110379999999,0.07388684990000001,6.2,3.9,0.39831620289999997,0.5936659047,1.4614552725,-0.8806525019,0.11111111109999999,2.5,3.0,3.3333333332999997,3.5,3.8333333332999997,4.0,5.0,3.0,3.8333333332999997,3.5,3.3333333332999997,5.0,2.8333333332999997,4.5,3.5,,,,,,,,27.7777777778,11.1111111111,44.4444444444,5.1666666667,4.25,3.5,3.0,3.5,2.4285714286,2.5,48,-0.7122733402,3.5596877282,25,187.0,3,1.125,1.2666666667,0.7355377197,0.0012641714,0.8479827881,0.0012915203,0.1666666667,0.158113883,0.0256124969,0.0256124969,2,-1.0876551127,1.3440443421,0.1380068009,2.1231558384,0.0015600502,4.3333333333,448.6666666667,1.6032143735000002,0.4034157826,1.3524608988999998,75.0,85.5,46,9.8871339942,-7.2861934622,0.3662430939,3,0.4695952749,0.7320025051000001,1.686402462,0.07359372110000001,0.4166666667,,0.33333333330000003,0.75,98.5,0.30000000000000004,0.5,0.4,0.7000000000000001,1.3408059103,0.5223030839,1.2963019324,-3.973117994,0.4798927614,0.0403765786,0.9455602411,0.36964878079999997,1.3570167243,-0.1047409258,576.0,5.5,2.4,473.3333333333,1.7955947566,0.4151830536,1.2287600238,370.0833333333,367.5,2.1092026005,0.42483053020000006,1.3197015031,-2.5833333333,34.8946043686,3.0600173115,0.6064247725999999,3.0345364897000002,-1.6699894056,5.5,5.5,5.5,5.5,2.5,36,,,,,,,,3.3,3.3333333332999997,3.3333333332999997,3.0666666667,5457.4,-5,5,4925.1666666667,0.6800773393,-0.7277963159999999,2.9,3.1818181818,1.9166666666999999,1.7857142857,1.75,0.1782253107,0.3690721484
s387,1.2248896401,0.40223104810000004,1.6826553813,2.4,14.6923076923,0.1333333333,367,11.8,0.1666666667,285,-0.017387389099999997,-1.0216694354,3.2552701751999997,0.3780550309,1.7840240994,-0.4875397188,9.52426e-05,0.0006673660000000001,0.032443359399999996,2.6,3.4285714286,4.2333333333,2.75,2.5,3.2,3.1428571429,48,3.6857129447,0.3484360426,1.2541301074,0.5,0.33333333330000003,5.958333333300001,0.0041666667,1,0.0011666667,-0.7916666667000001,9.2083333333,-0.1245409015,1.0,-0.0017128548,-0.4031719533,1.0,1.3636363636000002,0.0855535035,0.544100841,8.6,6.7,1.6674382864,0.3615513042,1.8773306335,-1.0875122961,0.2777777778,2.6666666667000003,4.3333333333,2.1666666667,3.1666666667000003,4.1666666667,4.8333333333,5.1666666667,5.1666666667,5.3333333333,2.8333333332999997,1.3333333333,3.3333333332999997,2.5,2.3333333333,5.3333333333,-0.8337425443,-1.1092281748000001,-0.1448413667,3.3579238220999996,2.6233362011000003,0.2471743096,1.8938230112999999,50.0,33.3333333333,29.6296296296,4.8333333333,2.75,4.0,4.0,4.125,2.8571428571,2.375,49,-1.1195720593,3.7262636324,31,190.0,4,1.0625,1.0666666667,0.7000763893,0.0007086128,1.0,0.001120045,0.6944444444,0.0015811388,0.0015811388,0.0038729833,4,-1.3149751589,1.8512427731999999,0.4176660607,1.4381064928,-0.29292598810000003,4.4666666667,421.1666666667,2.2516770181,0.3684414134,1.0919833939,19.5,39.0,47,-21.979713437399997,28.5755825813,0.6584958245,11,,,,,0.8333333333,0.75,1.0,0.8333333333,119.0,0.1,0.2,0.5,0.1,3.0320477394,0.43500754119999996,1.5362946165,-2.0049121146,0.37283950619999995,0.035833168400000004,3.5093700568,0.3141750425,1.4728959109,-1.6449232888,299.5,6.3,4.5,448.8333333333,2.5042945051,0.35089408040000003,1.0427562754000002,275.8333333333,352.3333333333,2.5222649657,0.3721418581,1.1244081823999998,76.5,14.3725694054,1.9040264022,0.2966771805,1.8276981022,-1.2043213168,5.5,5.0,5.5,4.0,4.0,40,-0.1456547168,0.0275519296,1.5070441571000002,0.2775630517,2.0618082597,-0.47649239159999995,-0.0506804437,2.5,3.8888888889,2.2222222222,2.6666666667000003,2255.7916666667,11,8,3334.6666666666997,-0.1694003516,0.125163143,1.9,1.9090909091,2.0833333333,1.1428571429,1.75,0.6649126225,0.3548908267
s389,1.4476127683000002,0.38678903909999995,1.5891111059,3.8,14.0,0.1666666667,340,13.1818181818,0.2666666667,280,-1.0305903809999999,-0.7685871404000001,3.7786426667,0.38524549539999997,1.8790630863999997,-2.1305104515999997,0.007254019499999999,0.002798584,0.0382568359,3.3333333332999997,3.0714285714,3.6666666667,2.75,3.0,3.8,3.8571428571,41,4.5478308193,0.2997819974,1.8507953557,1.0,0.0,8.4166666667,-0.008333333299999999,2,-0.004,-3.0,4.6666666667,-0.0220747396,1.0,-0.0015576884,-2.4491525424,1.0,1.4545454544999998,-0.0455944266,1.033772107,8.4,9.0,3.1550783151,0.6847466952,2.1908660925,0.11766301779999999,0.8888888889000001,1.6666666666999999,2.3333333333,1.5,3.3333333332999997,4.5,6.666666666699999,6.166666666699999,6.166666666699999,5.5,3.1666666667000003,1.0,1.6666666666999999,1.5,2.3333333333,5.833333333300001,-5.1414552557999995,-1.1311411931,0.1910395678,4.9380558016,3.0923435891000004,0.2237187796,1.3828672807,66.6666666667,11.1111111111,14.8148148148,5.0,4.5,3.5,3.75,3.625,3.2857142857,3.75,48,-0.8075379761,4.3503317988,20,148.0,8,1.0,1.1333333333,0.7521701812999999,0.0007843924000000001,0.8490631104,0.0009109842999999999,0.6388888889000001,0.0015811388,0.0015811388,0.009797959,2,-0.7937566293,1.7615679061000002,0.554481585,1.7872402319999998,-0.3074005101,4.6,293.5,4.0366836659,0.34718766830000003,1.6151359136,4.0,24.0,45,4.7391437264,-4.5333662822,0.36989252590000005,15,1.812659833,0.6872119884000001,2.2192220308,-0.2953027722,0.8333333333,0.33333333330000003,0.5833333333,1.0,111.0,0.1,0.4,0.6000000000000001,0.30000000000000004,2.849038808,0.469201269,1.4991724758000002,-1.3341263877,0.6225490196,0.1344971121,3.5935414244999997,0.31331651039999997,1.1585397225,-1.8987862812,315.0,6.3,6.2,260.5,2.8204263808,0.3902728424,2.4387987641,251.8333333333,280.6666666667,4.3363670516,0.3727176321,1.6252194618,28.8333333333,33.7049486015,3.1303380862,0.3767188444,1.8313484021,-1.6529874316000002,6.5,5.5,5.0,2.5,6.0,41,-0.5648539533,-0.0405524321,1.9626358623,0.3722380631,1.5672057080000001,0.4218322635,0.0677832733,4.0,4.2222222222,2.5555555556,2.9333333333,2274.7683333333,6,9,3552.25,2.2415603912,-0.5187937934,1.9,1.2727272726999999,1.5,1.0714285714,1.8333333333,0.3026645407,0.1230051981
s390,0.9756653529000001,0.0250904752,1.8572466422999998,1.9,17.5217391304,0.23333333329999997,378,14.3913043478,0.23333333329999997,321,-0.2329806059,-0.4436625608,3.4003862931,0.3012489848,2.0746576253,-0.9827460382,0.001069864,0.0329318848,0.032948242200000005,4.1333333332999995,4.6428571429000005,4.5,1.25,4.0,3.8,3.8571428571,31,2.6940371793,0.25931746969999997,1.3620713388999999,0.33333333330000003,0.33333333330000003,12.375,-0.0125,2,-0.0128333333,-3.7916666667,17.625,0.047556390999999996,1.0,-0.0027067669,-4.5244360902,1.1666666667,1.4545454544999998,-0.08000464019999999,0.8380959746000001,7.6,7.2,2.0822936589,0.3863447451,2.0390156804,-1.1623422937,0.0,1.6666666666999999,3.0,2.0,4.5,5.0,5.0,5.666666666699999,4.8333333333,4.8333333333,2.1666666667,1.3333333333,2.1666666667,2.8333333332999997,3.8333333332999997,6.166666666699999,-1.0716546299,0.27929167,-0.0755292756,3.2192996399,2.2886599652,0.1767733269,1.5650821704,22.2222222222,66.6666666667,40.740740740700005,5.666666666699999,2.75,2.875,3.0,2.375,3.4285714286,4.5,39,-0.9909828097,2.4886598257,19,237.0,7,1.5625,1.6,0.6103233814,0.0014885635999999998,0.8494140625000001,0.0020300088,0.6111111111,0.06403124240000001,0.25,0.25,3,-0.9151317058,1.3258031684,0.4561365758,1.5283274352,-0.11215070369999999,3.6,288.8333333333,2.8005912433,0.2856610261,1.3471735725999998,31.0,60.5,38,10.4403787988,-3.7486844282,0.404217356,12,1.5030149906999999,0.3714950701,2.3808515431,-0.6613402077,0.33333333330000003,0.0833333333,0.0833333333,0.0833333333,81.0,0.1,0.6000000000000001,0.8,0.5,2.5573882874,0.3946932535,1.5503069126,-1.6701973433000001,0.5456790122999999,0.1228638865,2.0893360671,0.2494013062,1.2484913148999999,-1.5219874885,335.0,6.6,6.1,394.0,2.7334611282,0.35117133310000004,1.1258871384,251.5,281.1666666667,2.8574792817000003,0.3079648492,1.4570682884000001,29.6666666667,-1.4838976053,2.4095715909999997,0.33872799649999996,1.4224997311,-1.0724443245,6.0,5.0,3.5,3.5,7.0,57,0.1030775801,0.0350526855,1.6129629137,0.30611334030000004,1.5348907336000002,-0.6071493437000001,0.0973736122,3.5,4.3333333333,3.7777777778,4.2666666667,1837.6266666667002,7,8,5543.416666666701,0.5077814814,0.0487901642,2.3,2.1818181818,2.75,1.7857142857,2.8333333332999997,0.1693418981,0.1724886675
s392,,,,,29.565217391300003,0.23333333329999997,650,28.6666666667,0.5,410,-0.5428428913000001,-1.4196542796,2.8409816822000002,0.4223122685,1.4274234122,-0.6479228359,0.0009610552,0.0007046585000000001,0.0047451172,3.3333333332999997,2.9285714286,4.4333333333,2.75,1.0,3.4,3.1428571429,55,4.6429956571,0.28743027720000003,1.4058192461,0.6666666667000001,0.33333333330000003,7.5,6.938893904000001e-17,2,-4.5102810380000006e-17,-2.5,9.7916666667,-0.17380952379999998,3.0,-0.006380952400000001,-3.1369047619,1.0833333333,1.0,-0.04240567940000001,1.0408781885,8.3,7.4,2.3722393231,0.5187128199000001,1.9739453955000001,0.0518777638,0.3611111111,3.6666666667,2.0,1.1666666667,2.1666666667,2.8333333332999997,3.8333333332999997,5.833333333300001,5.3333333333,6.166666666699999,3.6666666667,2.3333333333,1.0,1.8333333333,1.0,2.3333333333,-2.3226142740999998,-0.094421325,-0.1448413667,3.3579238220999996,1.6424597187999999,0.016755414,1.9145565166999998,44.4444444444,0.0,7.4074074074,4.6666666667,4.0,4.25,2.625,3.125,3.1428571429,2.875,40,-1.0816155204,3.2951286846,26,197.0,9,1.0625,1.0,0.7645431519,0.00174746,0.7753753662,0.0018263141,0.8055555556,0.0038729833,0.0256124969,0.0256124969,3,-1.2582148676,1.5520532303,0.4787200234,1.4144375878,0.1121493447,4.6666666667,,,,,,,46,1.88343078,-0.4405303822,0.5753217536,14,1.8587056574,0.5373953776,1.8529891280000002,-0.029852595000000006,0.8333333333,1.0,0.9166666667,0.6666666667000001,125.0,0.0,0.0,0.2,0.0,2.1771010288,0.4101109603,2.1262823076,-1.1751500998,0.4419753086,0.017939197100000002,3.7387686676999996,0.3179195952,1.1523541222,-1.2457768976,290.5,6.1,8.5,356.6666666667,3.8551814913,0.3239677379,2.0022510296,270.0,331.1666666667,3.6511423816,0.34381814800000005,1.7682140844999998,61.1666666667,11.164029304000001,3.1874194988999998,0.3564370868,2.4265231841,-0.9631965998,6.0,5.5,5.5,1.5,2.0,51,-0.5726758430000001,0.028966667,1.1228667089,0.1776378569,1.8261160775999998,0.1784512728,-0.8466806252,4.1,4.0,2.1111111111,2.3333333333,2689.6416666667,9,6,2809.1666666666997,,,1.4,1.1818181818,1.25,1.0,1.0,0.1834096746,0.137784335
s393,1.2220877308,0.3197943992,1.4840305315,2.15,18.12,0.1666666667,438,23.4,0.1666666667,562,-0.9966153911,-1.7637925561,3.1234587706,0.4131242152,1.3110118312,-1.7128614019,0.0005160178000000001,0.0042927856000000006,0.0244384766,4.4,4.5,5.6333333333,3.25,3.25,3.8,3.8571428571,36,3.8513471648000004,0.3306911977,1.3760240675,0.5,0.1666666667,11.0,0.1,2,-0.0223333333,-4.8333333333,12.5,0.2167857143,3.0,-0.008638095200000001,-6.0821428571,1.0833333333,1.0,-0.2110734456,0.9690393813,7.5,5.3,1.7060308521,0.4799313260000001,1.8778898479,-1.3750298834,0.0,2.0,2.8333333332999997,2.3333333333,4.0,3.5,5.0,5.3333333333,3.5,3.5,2.8333333332999997,2.3333333333,2.5,3.1666666667000003,4.3333333333,3.8333333332999997,-1.9830628331,-0.7674225507,-0.5638194763000001,3.4283377134,2.5415343167,0.1589978065,1.8441339534999999,66.6666666667,66.6666666667,62.962962963,4.3333333333,3.5,3.0,2.25,2.625,2.4285714286,3.375,49,-1.0705413209999999,3.8243251091,20,195.0,5,1.1875,1.4,0.8930664062,0.0016582975000000002,1.0,0.0020804720000000003,0.5,0.0099597577,0.0256124969,0.06403124240000001,3,-1.1014120198000001,1.8011154423,0.4254310446,1.7225904072999998,-0.8210401722,3.7333333332999996,370.0,4.0599385815,0.2375480328,1.8817221172999998,36.0,-4.5,41,,,0.4400210804,12,0.9293246057,0.4475233753,2.0429794629,-0.4906993723,0.5833333333,0.0,0.1666666667,0.5833333333,94.0,0.1,0.8,0.6000000000000001,0.6000000000000001,2.5557359086,0.35355723370000003,1.4964839055,-2.0100277366999997,0.40594059409999994,0.055814600199999995,2.4776566933,0.2373726518,1.3482876347,-0.5899648256000001,349.0,5.1,5.3,,,,,379.75,408.5,2.3610924301000003,0.3198886962,1.183774922,28.75,55.774258421300004,1.505126722,0.41149199,1.4252327837,-2.2593972906,3.5,3.0,3.0,2.0,4.0,43,-0.24353599739999998,-0.302396531,1.1409898628,0.32536051390000004,1.6949163934,-0.536113865,-0.4953743402,4.0,2.6666666667000003,2.8888888889,3.0666666667,2765.84375,6,8,3814.6666666666997,-0.6276790753,0.5635761892,1.8,1.5454545455000002,2.6666666667000003,2.1428571429,3.25,0.8589566084,0.1856457261
s394,1.5457182475,0.3020976563,1.4708519504,2.6,34.2083333333,0.2,770,17.8,0.33333333330000003,340,-0.9094043695999999,-1.0644876713,3.6783623595,0.4861853456,1.4614241313,-0.4303611725,0.0006112986,0.005951293900000001,0.0130068359,4.2,3.4285714286,2.9333333333,3.0,2.0,2.8,3.1428571429,51,6.193919504199999,0.3333966125,1.5736654049,0.8333333333,0.1666666667,12.166666666700001,0.2666666667,3,-0.01,-3.75,17.0,0.2725,3.0,-0.0150666667,-1.9333333333000002,1.0,1.4545454544999998,-0.37928637369999996,0.8454018148000001,8.1,8.1,3.1093040368,0.5704553538,1.763643734,0.6430336951,0.1666666667,3.0,2.0,1.3333333333,3.0,3.0,4.8333333333,5.5,4.3333333333,4.6666666667,3.3333333332999997,2.5,1.8333333333,3.3333333332999997,1.6666666666999999,4.0,-0.7020113887,-0.13638876660000002,0.1910395678,4.9380558016,3.9874521081,0.3016542139,2.3637502748,22.2222222222,55.5555555556,55.5555555556,5.5,4.5,3.75,3.625,2.75,3.8571428571,2.5,44,0.0,5.965407751,29,174.0,8,1.0625,1.2666666667,0.7409976959000001,0.0012078623,1.0,0.0015974684,0.6944444444,0.009797959,0.009797959,0.009797959,2,-1.084698415,2.1060942124,0.5947373395000001,1.6233852107,-0.6837921012999999,3.2,396.3333333333,2.5521128315,0.4324098149,0.8984543156,34.0,58.0,48,3.3810457625,3.4726638575,0.4906873226,16,2.4343309235,0.4950851432,1.7500174793,-0.14667392869999998,0.6666666667000001,0.5833333333,0.8333333333,1.0,115.0,0.30000000000000004,0.30000000000000004,0.5,0.2,3.6577972245,0.4566946345,1.5317303768,-2.4805131783000003,0.5517241379,0.1285501189,3.993259768,0.33591229359999997,1.2906516181999999,-1.6922571175999999,371.5,6.2,6.8,374.0,2.4497859602000003,0.45990035659999995,1.7192392544,321.8333333333,295.5,2.6051181369,0.35885719689999995,1.1840484409,-26.3333333333,96.4976878613,3.4325582823,0.37763316560000004,1.820916939,-1.7898710717,7.0,6.0,6.0,4.0,4.0,43,0.09841705099999999,0.2823860744,1.5724064295,0.4344107321,1.2784079151999999,-1.0727871584,-0.8074304234999999,3.6,3.6666666667,2.1111111111,2.3333333333,2465.0208333333,13,8,3624.0833333333003,3.6689830138,-1.4423838278,1.9,1.4545454544999998,1.5,1.0714285714,2.25,0.14846655590000002,0.3216391354
s395,0.6286809757,0.0904656767,1.5584352958,1.45,27.434782608699997,0.23333333329999997,601,14.7368421053,0.3666666667,263,-0.5164925105,-0.39074059200000005,2.7001130616,0.31272887120000004,2.1712873094,-0.5427605102,0.0019389611,0.0044495544,0.0358251953,3.0666666667,3.3214285714000003,3.8,2.5,2.5,4.0,2.1428571429,48,1.8097556827,0.2315575834,1.9718502569999998,0.33333333330000003,0.5,23.9583333333,0.0041666667,1,-0.0015,-4.2083333333,23.6666666667,0.1268943436,1.0,0.0031632871000000003,-2.3906083244,1.1666666667,1.6363636363999998,-0.0256385987,1.083529537,8.8,7.9,1.4107603353,0.42471833700000006,1.6294970080000002,-0.4351262938,0.1666666667,2.0,2.3333333333,1.0,2.3333333333,2.3333333333,5.666666666699999,2.5,7.0,5.1666666667,3.3333333332999997,1.3333333333,3.1666666667000003,1.0,3.0,5.833333333300001,-2.8725387366,-1.4071315197999998,0.3346735035,4.6507879302,2.5927695783,0.2192533202,1.4251443732,50.0,44.4444444444,25.925925925900003,7.0,1.0,4.375,4.5,3.25,2.8571428571,3.375,37,-1.2494826612,3.4664424285,36,136.0,10,1.25,1.6,,,,,,0.0015811388,0.009797959,0.06403124240000001,3,-0.1667116722,1.4401451758,0.3120370668,2.106506579,-0.3278659792,3.9333333333,289.6666666667,2.4492026168,0.28641261970000004,1.8182777002000001,37.0,131.5,43,1.7082753237,-1.0259286701,0.4738111483,7,1.7690436491,0.38461507549999996,1.9046681694999998,0.0216336463,,0.25,0.5,0.75,123.0,0.0,0.0,0.6000000000000001,0.8,2.7119386738,0.3659305749,1.6990653368000002,-2.0793799871000003,0.4564102564,0.0082789668,2.8069753208,0.27386776949999997,1.3601025776,-0.4453626504,,5.5,6.3,324.8333333333,2.8022836394999997,0.3197300466,1.9319891853,397.1666666667,491.3333333333,3.1535805258,0.2320209787,2.2799664527,94.1666666667,30.1309739867,3.134567667,0.2553149823,2.1184195657,-1.1934771426000002,4.5,6.0,5.0,6.5,5.5,45,0.2636326577,0.0373368512,0.7399452531999999,0.0881470282,2.2156247487000003,-0.2025307945,-0.061132110700000006,3.4,3.8888888889,2.6666666667000003,2.7333333332999996,1567.6439393939002,7,9,2873.6666666666997,1.6108736629,-0.859132318,1.3,1.9090909091,1.6666666666999999,1.1428571429,2.4166666667,0.8331775204,0.2019849175
s398,1.2527444840000002,0.0383876923,1.3892261794,1.75,25.05,0.33333333330000003,480,19.863636363599998,0.2666666667,416,-0.1745765887,-1.0013435372,2.4200844417000003,0.34867468869999996,1.4143684509,-1.9431958722999998,0.3805374298,0.16371582029999998,0.17115039059999998,3.9333333333,3.5,5.1666666667,3.0,3.0,3.4,3.0,45,1.927997851,0.2281860328,1.3985194785,0.1666666667,0.5,13.75,0.0666666667,0,0.0046666667000000005,-0.1666666667,27.565217391300003,-0.0816783392,0.0,0.0009649825,-0.7778889445,1.0833333333,1.2727272726999999,0.26206696820000003,0.6625799868000001,9.1,6.2,2.1453427666,0.3323777928,1.8114208387,0.2508669731,0.027777777799999997,2.1666666667,2.8333333332999997,1.8333333333,4.5,4.8333333333,5.1666666667,4.5,4.3333333333,3.3333333332999997,3.1666666667000003,1.8333333333,2.8333333332999997,5.0,3.5,5.3333333333,-2.3638193667,-0.9832805689,-0.6939591468,2.2493728921,1.6633303191,0.2435070403,1.1613246895,72.2222222222,0.0,7.4074074074,5.0,3.25,3.75,3.75,3.875,2.8571428571,3.125,42,-1.3363349075,2.0165255999,35,129.0,8,1.1875,1.6,0.7473760366000001,0.001631482,0.86328125,0.0015479501999999998,0.5,0.25,0.25,0.158113883,1,-0.4036785266,0.8011951064,0.38511605039999997,1.802294295,-0.46981240049999995,4.8666666667000005,257.1666666667,2.9198009057,0.3293331932,1.2954672275,27.5,49.0,47,2.6994625881000003,-1.7739146197,0.4189107159,5,1.5473096086000002,0.5289973489,1.6604670363,-0.5964883371,0.6666666667000001,0.5833333333,0.75,0.9166666667,117.0,0.1,0.6000000000000001,0.5,0.7000000000000001,2.5577987611,0.3745812578,1.6682357536,-0.9575491806,0.515,0.071176483,1.640350131,0.2309580959,1.1021662771,-0.9753261368,302.0,5.8,4.6,386.1666666667,1.8965135264,0.2359949792,1.6615467035,264.8333333333,242.0,2.4750047426,0.3372118214,1.2477450548,-22.8333333333,-43.528675503900004,1.2588013598999999,0.34347784340000004,1.5118231577,-0.5220947297,7.0,5.5,6.0,3.0,5.5,46,0.2605368142,-0.4862616990000001,1.0704200693,0.2787804387,1.5652523801,-0.9596994879999999,0.6098482277,2.4,4.1111111111000005,3.7777777778,3.8666666667,1888.4866666667,15,7,3143.9166666666997,,,1.7000000000000002,1.9090909091,2.3333333333,2.2142857143,2.8333333332999997,0.8530871653000001,0.1935926967
s399,0.9616327004999999,0.3040816865,1.4801832864,1.85,33.3333333333,0.2,777,24.1666666667,0.4,400,0.0048023271,-0.2311266157,3.2756027612,0.4755197686,1.5877584226,-2.3407520912,0.0025955975,0.005195922899999999,0.0030869140999999997,2.6,3.1785714286,3.7,1.75,1.0,3.2,2.4285714286,54,5.6478537105,0.3513929653,2.1062512038,0.8333333333,0.0,13.5,0.1083333333,3,-0.0056666667000000006,-6.0,16.6666666667,0.0412032356,1.0,-0.0044412538,-5.8103134479000005,1.0,1.1818181818,0.0799250616,0.8341920020000001,9.7,5.8,2.1838127127,0.4583938834,1.8710006324000001,0.8461616376000001,0.22222222219999999,1.5,3.3333333332999997,2.3333333333,3.1666666667000003,4.3333333333,5.5,5.5,4.6666666667,5.5,2.3333333333,1.1666666667,2.3333333333,3.0,3.3333333332999997,6.166666666699999,-2.8176324365000003,1.5181595697,0.1910395678,4.9380558016,3.0893266697,0.3229598601,1.8100633431,100.0,0.0,33.3333333333,1.6666666666999999,7.0,4.75,2.75,4.5,4.0,2.5,40,-0.5402436899,4.8849203713,38,188.0,9,1.125,1.1333333333,0.7654708862,0.0005389555,0.8294418334999999,0.0005640196,0.3611111111,0.009797959,0.0256124969,0.0256124969,2,-1.5301260677000001,1.6520138266000002,0.5306480829,1.7250649097,-0.46579633649999996,4.7333333333,365.1666666667,3.4912270325,0.4811315565,1.1274130539,11.5,59.5,46,-10.886487643699999,13.3747138501,0.5690434366,13,1.7284513603,0.5951659706,1.7289762515,-0.2193798927,0.75,0.8333333333,0.5833333333,0.9166666667,134.0,0.30000000000000004,0.2,0.1,0.2,3.6758238637000002,0.4907675855,1.7933541686,-0.8789914509000001,0.4146341463,0.0522577623,4.3759003569,0.3526497464,1.8308746131,-1.2220704341,447.5,4.9,6.0,336.8333333333,5.1145454639,0.4728754662,2.0316263965,318.5,324.8333333333,5.3548872408,0.4365772826,2.1821179969999998,6.333333333300001,45.7507639509,2.6739741224,0.4748721313,1.7161831291999998,-1.2258026564,6.5,6.5,5.5,1.5,2.5,41,-0.5813647478,0.1164628872,1.8816420613999998,0.443007277,1.6298460640999999,-0.0334969662,-0.2814980844,4.2,3.7777777778,2.0,1.9333333333000002,3263.8020833333003,0,7,4972.1666666667,1.3706371318,-1.4552872326,1.1,1.2727272726999999,2.0833333333,1.0,1.5,0.9185176053,0.5987374239000001
s400,0.5760596626,0.2616640892,1.4084618026,1.5,22.96,0.1666666667,519,23.947368421100002,0.3666666667,410,-1.072576666,-1.5255018996,3.3755349299,0.4249495188,2.2260094272,-0.6929915119000001,27.1665507813,26.330732421900002,13.9324189453,2.9333333333,3.6428571429,4.6333333333,3.0,3.25,3.6,2.2857142857,51,3.7928200742000002,0.2779745583,1.6043695739,0.33333333330000003,0.1666666667,8.5416666667,0.0208333333,1,-0.0025,-2.7083333332999997,15.375,0.014080209199999999,1.0,0.0023086312000000003,-2.9091107236,1.3333333333,1.6363636363999998,0.1922775434,0.7619823936,8.5,4.3,0.6101924910000001,0.57829677,1.4807786251,-0.6900900087999999,0.0,1.0,2.5,1.0,4.0,4.0,5.5,5.0,6.5,6.333333333300001,2.5,1.1666666667,2.6666666667000003,3.5,3.3333333332999997,4.6666666667,-1.7804250182,-1.887915606,-0.695420887,3.1651348919999998,2.5447583093,0.2474277554,2.0992026954,16.6666666667,0.0,14.8148148148,4.8333333333,1.25,4.5,4.25,4.125,2.7142857143,3.125,42,-0.5838710993999999,3.3028832465,26,115.0,9,1.4375,1.3333333333,0.5987103939,0.0013608145,0.7979632258,0.0023191015,0.6388888889000001,0.25,0.25,0.25,2,-1.8949026435,0.8299479220999999,0.1233486416,2.1682362372,-0.1206370561,5.1333333332999995,313.3333333333,2.3054867703,0.3699986374,1.3649837903,29.5,104.5,41,,,0.7876250298999999,3,2.1911489933,0.42348712619999995,2.0376612933000002,0.6496335619,0.5,0.6666666667000001,0.6666666667000001,0.75,132.0,0.1,0.2,0.5,0.30000000000000004,2.7226018999,0.4317479593,2.2658854249,-1.3957619255000002,0.3175,0.0338232019,2.9577594512000003,0.327279333,2.0871304207,0.3975366317,323.0,4.6,4.3,420.5,1.7149730291,0.35623062710000003,1.261682558,239.0,232.0,2.7821665007,0.35747422,1.6079657187,-7.0,86.902056962,2.0619017528,0.35605715800000004,2.3237445275999997,-1.0327859692,6.0,5.5,6.5,4.5,5.0,41,-0.013085061299999999,-0.2948272309,0.6015005661999999,0.0233319204,2.2762904913,-0.1804732523,0.0698775465,3.3,3.4444444444,2.6666666667000003,3.6,2883.19,1,4,6064.0,-0.40427945439999996,0.8968726459999999,1.7000000000000002,2.0,2.5833333333,1.4285714286000002,2.5,0.8379697633000001,0.21412377719999998
s401,,,,,33.0416666667,0.2,769,20.7391304348,0.23333333329999997,460,-0.0307407067,-0.7899005231999999,3.7977349647000005,0.29067779590000004,1.7983221377,-0.8815687579000001,0.0002222624,0.0031475983000000003,0.0348261719,5.8666666667000005,3.6071428571,4.6333333333,2.0,2.5,3.0,3.0,37,1.9725836559999999,0.2497416575,1.6578130098,0.0,0.6666666667000001,20.0416666667,-0.0791666667,1,-0.0025,-3.2083333332999997,15.75,-0.0507291667,1.0,-0.0015958333000000002,-1.8927083333,1.4166666666999999,1.3636363636000002,0.0040996619,0.8281877440000001,7.5,6.0,1.0299576262999999,0.37500628189999996,1.7248178641999998,-0.5064682473000001,0.1388888889,1.5,3.3333333332999997,1.0,5.666666666699999,5.3333333333,4.3333333333,3.6666666667,4.5,3.6666666667,2.6666666667000003,3.1666666667000003,4.0,2.6666666667000003,3.5,4.3333333333,0.0571245057,-0.26148125559999996,-0.7534139427000001,2.4843807075999997,1.5814818466,0.08203883049999999,1.8531392798,66.6666666667,55.5555555556,51.851851851899994,3.6666666667,3.5,2.5,2.375,3.125,3.4285714286,2.5,23,-1.2083775268,3.5486526974,26,111.0,5,1.625,1.6,0.7413435936,0.0021618984,0.9291625977,0.0025237297,0.5555555556,0.0256124969,0.1265219767,0.0256124969,1,-1.2064445435,1.9792996685,0.3536755506,1.6601881818000002,-0.4119592808,3.1333333333,,,,,,,38,35.2444957196,-29.7264291386,0.6318325563,7,0.9782125790999999,0.426087448,1.8909429138,-0.05965492450000001,0.75,0.4166666667,0.5,0.6666666667000001,88.0,0.7000000000000001,,0.5,0.6000000000000001,3.1358559418,0.3830444393,1.9369006532,-0.7505550722000001,0.4763092269,-0.0030964507,3.5365118941,0.2447811005,1.5787737897,0.1400866728,302.0,6.4,6.3,285.1666666667,2.7046265016000004,0.28511571469999997,3.2976237112,,,,,,,,2.8003815431,0.3215607156,1.6517898925,-0.844002365,4.5,6.0,2.0,3.5,4.0,44,-0.2538760704,0.379397202,1.7231774812,0.27717076620000003,1.8157710482,0.1329974431,-0.3717365839,2.7,2.5555555556,2.6666666667000003,2.9333333333,1823.6354166667002,10,7,4695.25,1.002821224,0.1335313926,2.4,1.8181818182,2.3333333333,2.5,2.9166666667000003,0.49405076,0.4303087978
s404,1.0719467185,0.2151729796,1.1110516303,1.35,45.4545454545,0.2666666667,970,20.1923076923,0.1333333333,500,-0.5220356454999999,-0.9522021533,3.80160029,0.2968463796,2.3781875816,-1.3494328802000002,0.0008358361,0.0040418549,0.06039453130000001,3.5333333333,4.1785714286,4.8,2.5,2.25,3.4,3.1428571429,41,4.2631620664,0.2439614997,1.6166257661,0.33333333330000003,0.33333333330000003,12.541666666700001,-0.054166666700000005,1,-0.0005,-2.7083333332999997,13.166666666700001,-0.0037706488,1.0,-0.0036021067999999997,-3.2423988508,1.0833333333,1.0,0.0427251732,0.8034830559999999,7.8,4.3,2.4402875849,0.34408974610000004,2.1931752471,0.9008257006,0.25,2.5,2.5,1.1666666667,1.6666666666999999,4.5,5.5,5.666666666699999,6.5,6.0,2.1666666667,2.0,1.8333333333,2.6666666667000003,1.3333333333,4.5,-1.6914258894999998,-0.6154671336,-0.5638194763000001,3.4283377134,2.5032206147,0.22312185739999998,1.560767337,33.3333333333,33.3333333333,44.4444444444,5.5,2.75,3.375,2.875,2.75,2.7142857143,3.375,50,-1.0170844173,3.9312389163,25,205.0,10,1.125,1.0666666667,0.6402780533,0.0012126226,0.8479049683000001,0.0013473505000000002,0.4722222222,0.0015811388,0.009797959,0.0256124969,1,-1.4843728374,0.7600977817,0.0208761401,1.9725316207,0.0508438064,4.2,,,,,,,43,,,0.5039705401,5,1.6988611687,0.4888506122,2.0315276861,-0.0508542578,0.6666666667000001,0.33333333330000003,0.5833333333,0.5833333333,114.0,0.0,0.2,0.5,0.0,2.5388133606,0.35265742759999996,1.9818427173,-1.8179886683000002,0.4950738916,0.0274317267,2.7537729898000003,0.2895451897,1.4060842237,-1.0326162143000002,298.0,6.6,6.0,,,,,302.5,325.3333333333,3.6388957725,0.3237415381,2.3503962021,22.8333333333,53.2451709118,3.4927432637,0.3708076193,3.1881921335000003,-1.1772227214,6.0,5.0,4.0,2.0,2.5,50,-0.1079406144,-0.0927436675,0.4234148653,0.33079416559999997,1.3842217400999999,-0.2709973974,-0.10143985789999999,4.1,3.7777777778,3.5555555556,3.0666666667,2832.875,12,5,3276.0833333333003,0.6802518926000001,0.1698990368,2.2,2.0,2.3333333333,2.0714285714,1.8333333333,0.8545506380000001,0.4302179891
s405,0.9650744035,0.0826799901,1.5353832697,1.65,41.176470588200004,0.43333333329999996,650,45.0,0.5,625,-0.7736965440000001,-0.9752074913,2.9528454579,0.4487188174,1.0428989641,-0.6727930683000001,0.0008727676000000001,0.0009505692,0.0584804688,3.2666666667000004,3.3928571429,3.3333333332999997,3.25,2.5,3.6,2.4285714286,54,4.5645516448,0.3401361329,1.6635323825,0.33333333330000003,0.33333333330000003,12.916666666700001,0.0416666667,0,-0.0016666667,-0.4166666667,12.833333333299999,0.08284313730000001,1.0,-0.0081176471,-1.3333333333,1.0,1.3636363636000002,0.0460985499,1.056728858,7.0,7.0,1.1778428291,0.4490246464,1.9188197428,2.3045414611000004,0.11111111109999999,2.8333333332999997,3.6666666667,1.8333333333,3.5,4.8333333333,4.3333333333,5.666666666699999,5.833333333300001,5.666666666699999,2.1666666667,1.3333333333,2.1666666667,1.6666666666999999,1.3333333333,5.833333333300001,-0.9918325083,-0.19868712370000002,-0.5629734621,4.194188013,2.576551893,0.28207499059999996,2.1675580017,11.1111111111,0.0,29.6296296296,5.833333333300001,4.0,4.0,4.75,3.875,3.8571428571,2.375,37,-1.5451691338999998,2.8750694831,28,199.0,7,1.125,1.0666666667,0.7042232514,0.0012036082000000002,1.0,0.0015911532999999998,0.6111111111,0.009797959,0.009797959,0.0256124969,2,-1.0061176887999999,1.6462205794999998,0.5259802377,1.3841403034,-0.4633172949,4.4666666667,433.0,2.2461999799,0.3074721977,1.2941060835,12.5,44.0,42,3.2344291493,-2.337964226,0.5219572925,8,1.5252865915,0.5761357926,1.9047494502,-0.6288333204000001,0.5833333333,0.4166666667,0.33333333330000003,0.75,127.0,0.1,0.2,0.2,0.30000000000000004,2.8920210987,0.5316738224,1.7801868134,-2.4006438842,0.5012285012000001,0.08445397710000001,3.6232717051,0.24776336699999998,1.3087888654000002,-0.9182425539,344.5,6.1,6.3,347.6666666667,3.3526088354000003,0.34191755149999997,1.6873637469999998,342.5,324.5,2.6870082164,0.2455826089,2.0613364893,-18.0,14.5126190476,2.2637373036,0.4108664685,1.5464459441999998,-1.4799892758000002,6.0,4.0,6.0,6.0,4.5,32,-0.275053376,-0.0618372168,1.3820447831,0.4454528115,1.3811251113999998,-0.7622322762,-0.44431759579999996,1.9,3.5555555556,1.7777777778,2.4666666666999997,2145.8388888889003,13,6,2943.9166666666997,0.13060729840000002,2.0253743204,1.4,1.4545454544999998,1.6666666666999999,1.1428571429,1.8333333333,0.1860554254,0.42449854
s406,0.8262508353,0.15962078670000002,1.2799723348,1.35,25.0,0.30000000000000004,500,25.052631578899998,0.3666666667,450,-0.22656692190000002,-0.7725287720999999,3.4080874501999996,0.3923871940000001,1.8149564403,0.33001303870000004,0.0030533663,0.0096491089,0.06971289060000001,3.8,4.2857142857,3.8,3.0,3.0,3.0,2.1428571429,50,2.4446714013,0.2780794921,1.4659268786000001,0.6666666667000001,0.33333333330000003,5.3333333333,0.1666666667,2,-0.0006666667,-1.75,7.166666666699999,0.0781193124,2.0,-0.0008877653999999999,-2.6632962588,1.1666666667,2.0,0.1566490566,0.6287396225999999,7.9,7.6,,,,,0.027777777799999997,2.3333333333,2.8333333332999997,2.1666666667,3.8333333332999997,4.0,4.6666666667,5.3333333333,4.6666666667,5.0,3.3333333332999997,2.8333333332999997,3.3333333332999997,3.8333333332999997,4.5,5.0,-0.079884071,-2.1347865345,-1.0439007784999998,0.3135084389,1.3064024026999999,0.3123329353,1.0199556639,77.7777777778,33.3333333333,37.037037037,5.0,4.0,4.0,3.5,4.0,3.0,2.5,44,-1.3466816155,2.7649964944,32,123.0,6,1.375,2.0,0.6848678589,0.0010720488,0.993359375,0.0021581329,0.5833333333,0.06403124240000001,0.06403124240000001,0.06403124240000001,2,-0.3424293882,1.2150021373,0.4321140778,1.9169063061000002,-0.3971741181,3.2,296.3333333333,1.9952516851,0.3001587651,1.0235161436,34.0,27.0,36,,,0.2323971034,12,1.6243430786000002,0.5293468437000001,1.5813742899,-0.40546165549999996,0.9166666667,0.75,0.9166666667,0.8333333333,120.0,0.4,1.0,1.0,1.0,2.7083146243000003,0.4086374431,1.4225068542,-1.0734968,0.4730392157,0.0138435872,1.7994628787,0.27020370520000003,1.3164422979,-0.6125879489,306.0,5.7,4.8,297.6666666667,3.85009587,0.3597430132,1.2895588941,265.3333333333,289.0,2.5706934898,0.34194580480000003,1.0629697393000002,23.6666666667,1.4296009187,1.634764263,0.3101354246,1.7672528195,-1.0635747275,5.0,5.0,5.0,5.0,5.0,39,-0.8586481286000001,-0.4193433138,1.1643208899,0.2945347216,1.2118955731999999,-0.3174283838,-0.1425917457,2.9,3.4444444444,2.4444444444,3.6666666667,1596.7797619048001,29,6,2333.3333333333,0.7166114199,0.4183685129,2.0,2.6363636364,2.0,2.0,3.0833333332999997,0.8127563897000001,0.7966280882000001
s407,1.1021611907,0.22766538670000003,1.7153811187,2.4,20.0,0.1666666667,480,10.0,0.1333333333,250,0.2352900731,-1.5369800613,4.5282508316,0.3084633617,3.2912006703,-0.039684109200000005,0.0001472474,0.0011290283,0.0413408203,4.4,4.2857142857,6.1333333333,1.75,2.5,3.4,3.0,41,4.7623344177,0.2318524639,2.1965034515,0.8333333333,0.1666666667,6.416666666699999,-0.0166666667,2,-0.009000000000000001,-2.75,11.25,-0.08668572599999999,1.0,-0.0050847458,-1.1210945477,1.6666666666999999,1.0,0.2237694643,1.0005890259999999,7.1,6.9,1.71521592,0.36969436270000006,1.7188755512,-1.4699630941,0.19444444440000003,1.5,1.0,1.0,1.5,3.0,6.0,7.0,5.833333333300001,5.666666666699999,3.5,1.6666666666999999,1.0,1.6666666666999999,1.6666666666999999,3.8333333332999997,0.42810785729999995,0.1964358624,-0.6932395302000001,3.1607721784,2.2442223677,0.29403386130000003,1.5596644759,22.2222222222,44.4444444444,37.037037037,4.1666666667,5.0,2.875,3.0,4.0,3.4285714286,2.5,40,-0.9928100529,3.4727396196,24,158.0,9,1.4375,1.2,0.6483398438,0.0011830478,0.99453125,0.0015948807,0.6388888889000001,0.0256124969,0.0256124969,0.0256124969,3,-1.4566013777000002,1.8544044617,0.4188434602,1.6387200496,-0.5179077282,3.5333333333,317.0,3.6751944643,0.31534881400000003,1.7615644125999999,-3.0,17.5,41,7.5085920451999995,-1.4464060319999998,0.6319175749,12,1.6352566541,0.5638592232999999,1.6876476532,-0.4117075690000001,0.0,0.4166666667,0.6666666667000001,0.0,89.0,0.0,,0.2,0.0,2.553988462,0.4320550967,1.8427459383000002,-1.0607642764,0.38235294119999996,0.0485113298,2.5355684985,0.2861258087,1.5003364856999999,-0.7625396679,344.5,5.7,5.7,228.6666666667,2.6351945596,0.2880223777,2.1800411926,297.6666666667,370.6666666667,3.8400067169,0.3401147439,1.6673305205000002,73.0,22.6891368936,2.8473182097000005,0.36695543700000005,2.1676007329,-1.1704334875,6.0,4.0,5.0,7.0,3.0,49,-0.7525758995,-0.3775814842,1.3083290642,0.3438831685,1.7636846676,0.3618064582,0.3846126887,2.8,3.1111111111,3.2222222222,3.0,2408.025,0,10,4229.6666666667,-0.1809732598,0.08701137699999999,2.4,2.3636363636,2.25,2.2142857143,1.75,0.7616811266,0.32281358400000004
s410,1.6782206281999998,0.2988047455,1.0803017987999999,2.05,11.6296296296,0.1,303,14.043478260899999,0.23333333329999997,313,-0.8253281542,-0.1182123724,4.0770633873,0.40889753689999997,2.1367215044,-0.38951288479999996,0.0008455100000000001,0.0022798233,0.0093076172,4.6666666667,2.8214285714000003,4.2,2.0,2.0,3.8,4.0,41,4.6436015817000005,0.2680603216,1.5311491609999999,0.5,0.33333333330000003,3.7916666667,-0.0375,1,-0.0095,-0.375,4.25,-0.0040243902,0.0,0.00040650410000000006,-0.0650406504,1.0,1.0,0.1400444733,0.6226721022999999,6.8,5.0,1.9572265365000001,0.4204214521,1.3235355572,0.9028716255,0.33333333330000003,1.1666666667,1.1666666667,1.0,2.1666666667,3.5,4.8333333333,5.3333333333,5.1666666667,4.6666666667,3.5,1.5,1.0,3.8333333332999997,1.8333333333,5.5,-0.9745479898999999,0.1606206759,-0.367542626,3.8033263406,2.5975017374,0.07637716060000001,2.1036406263,38.8888888889,0.0,29.6296296296,6.666666666699999,1.75,3.125,2.0,3.0,2.1428571429,4.5,41,-0.9575666758,4.0502743994,20,249.0,9,1.0625,1.0,0.6988328934,0.0013664960999999998,0.8837615967,0.0019103774,0.4166666667,0.009797959,0.06403124240000001,0.0256124969,2,-1.0383087181,1.7231483866,0.4121899364,1.7953216518,-0.12144009289999999,3.9333333333,369.3333333333,2.535420894,0.3167363687,1.0156204241,34.5,8.0,44,15.9634604418,-13.889863245,0.5276264841,15,1.6372140793,0.049569035899999996,2.4741587033,-0.5322743665999999,0.9166666667,0.5,0.8333333333,1.0,117.0,0.1,0.30000000000000004,0.5,0.30000000000000004,3.3229768451,0.3824303568,1.3590445815,-1.6592443827,0.3300492611,0.0343072374,3.2168294464,0.2795888567,1.21366121,-0.72170119,303.5,4.2,4.3,240.3333333333,2.851384581,0.31297113330000004,1.4765449969,254.0,279.3333333333,2.3298139500999997,0.3211275588,1.2635768864,25.3333333333,63.1984635083,2.6581657706,0.3568529736,1.5239123973000002,-0.9813724116,6.0,6.0,1.0,1.5,6.0,48,-0.8633028207000001,-0.6114158444000001,1.4737111492,0.0275941591,2.1809308811,0.5784803412,0.5379887552,3.9,3.5555555556,2.5555555556,2.2666666667,1550.3186147185997,13,7,2726.9166666667,,,1.6,1.2727272726999999,3.0833333332999997,1.5714285713999998,1.25,0.8520746046000001,0.2519156502
s412,1.0609294815,0.24344076190000002,1.0920327549,1.6,15.357142857100001,0.0666666667,380,18.571428571400002,0.30000000000000004,380,-0.3011996218,-0.8363035353,2.7218694367,0.3849702292,1.6858510108000002,-1.4625236516999998,0.49117564770000005,5.2990576172,0.5748330078,3.9333333333,3.4642857143,3.6,1.25,2.0,3.0,3.2857142857,42,3.5165753051,0.2612053843,1.3035015033,0.1666666667,0.33333333330000003,21.5,-0.2,1,0.010333333299999999,-7.083333333300001,15.083333333299999,0.07287145240000001,1.0,0.0045058431,0.6231218698000001,1.25,1.0909090909,0.1100559282,0.6012789731,9.0,6.0,1.0743468236,0.4627894185,1.1455311325,-2.1610060809,0.027777777799999997,3.6666666667,3.1666666667000003,1.6666666666999999,4.1666666667,4.8333333333,4.0,6.0,5.833333333300001,5.0,3.0,2.8333333332999997,1.5,2.6666666667000003,3.1666666667000003,5.1666666667,-3.3494611275,-0.6570237836999999,0.4181320954,4.4838707464,2.352864215,0.14107877,1.6547842561,61.111111111099994,0.0,22.2222222222,4.8333333333,4.0,3.25,2.0,3.25,3.0,3.125,51,-1.1652624446,3.6348828618,25,111.0,10,1.5,1.2,0.6432861328,0.0011165305,0.9213546753,0.0017670023999999999,0.6944444444,0.25,0.25,0.25,6,-1.1700842945999999,1.4494005203,0.4019511253,1.3103635119,-0.7829292472,3.6666666667,286.3333333333,2.7787606570000003,0.3387121149,1.5022040659,-11.0,60.5,46,,,0.5105049765,8,1.2130612429,0.44356228840000006,1.8096300281,-0.6845555368,0.75,0.1666666667,0.9166666667,0.75,119.0,0.5,0.2,0.30000000000000004,0.6000000000000001,2.3931467067,0.4786719227,1.3698271703,-1.1191008304,0.28712871289999997,0.0314300896,2.985885614,0.3374556319,1.0949567447,-1.1315907567,321.0,5.2,5.3,397.6666666667,2.3837778616,0.30997496129999996,1.3752381697999998,343.25,355.5,1.7863607066999998,0.26681094829999996,1.4099116281,12.25,-22.4930129412,1.8989667712,0.4355816364,1.1502514066,-1.8137605240999999,4.5,5.5,5.0,4.0,4.0,40,-1.2141591582,0.0077128073,1.5871960596,0.3793096029,1.4368972421,1.0696377441,-0.6041577875999999,3.6,2.4444444444,2.1111111111,2.8,2338.8166666667003,2,8,3730.1666666666997,,,2.0,2.2727272727,2.25,2.0714285714,2.0833333333,0.9067490196,0.4578708023
s413,1.8672344683000002,0.21906748969999998,2.0686836798,3.0,31.0833333333,0.2,703,15.6785714286,0.0666666667,423,-1.1154444314,-1.6852687711,2.5055085781999997,0.3658300139,1.2248117316,-1.2969601572,0.000433467,0.0004787045,0.0017597656,2.6666666667000003,3.0714285714,2.5666666667,3.75,2.25,3.6,1.5714285713999998,61,3.1232494464,0.3354389332,1.6230147581999999,1.0,0.0,15.916666666700001,1.6653345369999998e-16,1,0.0003333333,-4.0,14.125,0.07418546370000001,2.0,-0.0005689223,-3.4022556391000003,1.0,1.9090909091,-0.0783611516,0.9914393757,8.5,10.7,3.0559145623000004,0.35671814890000003,2.1923068480000003,0.8901951776,0.8888888889000001,2.5,3.5,1.3333333333,2.1666666667,4.3333333333,5.3333333333,4.3333333333,5.5,5.1666666667,2.6666666667000003,1.1666666667,3.8333333332999997,1.6666666666999999,2.0,5.833333333300001,-1.7066357246000001,-0.1320956952,-0.5638194763000001,3.4283377134,1.874249798,0.0044392358,2.0524443297,50.0,0.0,11.1111111111,6.0,2.5,4.875,4.625,5.0,4.1428571429000005,3.25,50,-1.1652624446,3.6348828618,39,179.0,3,1.0625,1.3333333333,0.7028268337000001,0.0017004365,0.8143361092,0.0021657836,0.6666666667000001,0.0006324555,0.0006324555,0.0015811388,5,-1.297244045,1.7266086502000002,0.3813618666,1.6626104335,-0.3277197281,5.1333333332999995,,,,,,,46,4.8402369846,-1.9804367641999998,0.2351708196,15,1.7847731852000002,0.5548644039,1.8981377547,-0.2221156039,0.8333333333,0.4166666667,0.8333333333,0.9166666667,145.0,0.2,0.8,0.5,0.2,3.3372725289,0.40019739229999995,1.4414459978,-2.0208715390000003,0.37684729060000005,0.0550566327,3.0860103405,0.3341392264,1.2158015838,-1.8321361938,498.0,8.7,7.7,365.1666666667,2.7696292066000003,0.3269162505,0.9309901012999999,253.5,258.5,2.4220575663,0.36195505,1.033003153,5.0,-17.368469111099998,3.2449044335000004,0.3655225663,1.8460618746,-1.316269147,6.5,7.0,7.0,2.0,5.0,25,-0.7228358072000001,-0.2033094946,1.5821291023,0.3309896546,1.3866720468,-0.29024460220000003,-0.33577019480000003,2.1,4.4444444444,1.2222222222,3.2,1583.43,12,8,3056.4166666666997,0.8637038958000001,-0.13133600210000002,1.0,1.2727272726999999,1.0,1.0,2.25,0.8067923995999999,0.5593873266
s414,1.0353518617,0.2364645282,1.0630576376,1.45,30.4166666667,0.2,700,30.0,0.5,420,0.1552259934,-1.2295679141,2.5234432541,0.40733074,1.9474038728,-0.3749495872,0.0189247738,0.014442627,0.0165585938,3.4666666667,4.0714285714,4.8,2.5,2.0,3.4,3.0,37,2.6547636414,0.0385617276,2.2928498099000003,0.5,0.33333333330000003,11.125,-0.07083333330000001,2,-0.006833333299999999,-6.125,22.1666666667,0.0139371043,0.0,-0.003686747,0.8050847458,1.25,1.7272727273,0.1646607504,0.9813869635,8.0,7.4,1.7682381785,0.367606857,2.5770452984,-0.7099502888,0.3611111111,1.3333333333,2.1666666667,1.0,1.8333333333,3.5,5.1666666667,4.6666666667,5.666666666699999,5.1666666667,2.5,1.5,1.5,3.0,1.1666666667,6.333333333300001,-1.1010195024,-1.3004835048,-0.9927888592,3.3345572188,2.0929372522,0.2665734548,1.817890725,0.0,100.0,48.148148148100006,4.8333333333,5.0,3.75,3.875,4.25,3.2857142857,1.875,46,-1.4013457528,3.1627162452999995,31,122.0,7,1.1875,1.1333333333,0.7527954101000001,0.0014022580000000002,0.7683868408000001,0.0014262281,0.5833333333,0.25,0.1265219767,0.06403124240000001,1,-1.7938483588999998,1.3498157519999998,0.323614463,1.4586082386,-0.5477293094,3.8,324.3333333333,2.4791753506,0.3200203125,1.4226129165,38.5,55.5,44,,,0.5582599608000001,6,1.451008638,0.592891768,2.3135701786,0.6890356825,0.5833333333,1.0,0.9166666667,0.8333333333,120.0,0.1,0.2,0.5,0.1,2.4280436687,0.47001094270000005,2.0872665750999997,-1.2905568226000002,0.4054726368,0.0287881813,2.6566490167,0.29481647440000003,0.9920628418,-2.5883322769,395.0,5.5,4.4,380.3333333333,1.9689076412,0.4110898779,1.1834846119,265.8333333333,238.5,2.5644864405,0.3145536242,1.4124068254,-27.3333333333,14.718742557799999,2.8906003237,0.3188863051,2.4312456264,-1.4175767721,6.0,7.0,6.0,3.0,2.5,59,-0.8392261706999999,-0.7359008015,1.3350945723,0.3580249465,1.4293589563,0.0909210105,0.48775783229999997,1.8,3.6666666667,2.5555555556,2.6,2946.5520833333003,0,8,4829.0,-0.0145281006,0.9308188324,1.6,2.0909090909,2.3333333333,1.7857142857,1.5833333333,0.7893736398000001,0.14927905800000002
s415,1.6039398706999999,0.2580223104,1.3605729538999998,2.45,18.185185185199998,0.1,460,13.777777777799999,0.1,350,-0.6686758454,-1.0251744466,4.395295807,0.32299242850000004,2.5232123264,-1.7487622534,0.0447738522,0.017394165,0.34170898439999997,2.7333333332999996,3.3214285714000003,2.9333333333,3.0,1.5,3.8,2.8571428571,54,3.9292889366000003,0.2540066149,1.4442162394,0.1666666667,0.1666666667,9.7916666667,0.2291666667,0,-0.008833333300000001,-1.625,8.4166666667,0.06156544620000001,0.0,-0.0035562377,-0.8381933786,1.0,1.6363636363999998,-0.0388171897,1.0939121701,6.9,6.8,1.8758438931,0.41957117759999996,1.6625649922999999,0.1934782792,0.0,1.0,1.0,2.5,4.0,5.666666666699999,4.8333333333,5.3333333333,5.1666666667,6.0,3.0,1.0,1.0,4.0,4.0,6.0,-2.6476025898,-1.3984393907,0.0,5.320134937200001,3.9784956501999997,0.1712206501,2.9610053564000003,55.5555555556,11.1111111111,22.2222222222,5.3333333333,5.25,5.0,4.875,4.875,2.2857142857,1.625,38,-0.8075379761,4.3503317988,38,120.0,9,1.0,1.8,0.8364990234,0.0012562897,0.99921875,0.0009764452,0.6944444444,0.158113883,0.06403124240000001,0.158113883,1,-1.6182810316,1.481094053,0.5559480228,1.6652328938,-0.0691658642,4.8666666667000005,393.1666666667,3.2175319613999998,0.3067572993,1.658270429,63.0,79.0,46,-12.1279988333,12.189950547999999,0.5680280707,10,1.2688425018,0.40806914689999996,1.8677813943,0.3071551341,0.5833333333,1.0,0.8333333333,0.8333333333,140.0,0.4,0.4,0.5,0.9,3.6981670980000003,0.08317141110000001,4.471005687,-1.4041385202,0.4809160305,0.0377342827,5.7458942277,0.31590567989999996,1.7646233531000002,-0.3911057003,296.5,6.3,5.8,285.8333333333,4.0357557064,0.3528841789,1.7494586437,256.0,308.3333333333,3.2106930788,0.3265442805,1.3490693844,52.3333333333,56.7812342696,2.6998039728,0.3447771107,1.8737197588999999,-1.0944843724,5.0,7.0,6.0,1.0,4.5,19,-1.1070412612,-0.8104870428000001,1.8945509948,0.3508061353,1.6531866871,0.3124489487,-0.1337723539,3.4,3.8888888889,1.8888888889,2.0,1993.9166666667002,-1,10,3818.75,,,1.1,1.7272727273,1.4166666666999999,1.0,3.1666666667000003,0.8153718611,0.42741814990000004
s416,0.9602288576000001,0.08688170710000001,1.7103692051,1.9,40.25,0.33333333330000003,778,15.2857142857,0.30000000000000004,311,-0.44119924909999997,-0.8215987463000001,3.1815042622000003,0.3805743743,1.7207329314000002,-0.07495523230000001,2.74273e-05,0.0094940796,0.030884765600000006,5.666666666699999,6.4285714286,6.833333333300001,1.5,4.0,2.4,3.5714285714000003,21,2.057569122,0.16093277220000002,2.0991978844999997,0.8333333333,0.1666666667,14.25,0.225,3,-0.013999999999999999,-6.333333333300001,20.3913043478,0.4640221402,3.0,-0.0108107538,-6.368740116000001,2.0,2.0,-0.1973410885,0.6223514749,6.0,6.3,1.6456311069,0.3994958123,1.9069657363999999,-0.8580232277000001,0.0,3.5,1.5,1.8333333333,1.8333333333,4.8333333333,5.0,5.3333333333,4.6666666667,4.3333333333,1.3333333333,1.6666666666999999,1.3333333333,3.5,1.6666666666999999,6.0,-1.7316388047,-0.30430660309999996,-0.7746479260000001,3.7708390852999996,2.3349357204,0.3216115767,1.5048975830000002,27.7777777778,100.0,81.4814814815,5.0,2.5,3.0,3.5,4.75,3.4285714286,2.5,43,-0.4338423996,3.6029406458999995,13,108.0,8,1.9375,1.5333333333,0.7121927261000001,0.0017400356,0.9,0.0024025839,0.5,0.0250474647,0.158113883,0.158113883,2,-0.8203291046000001,1.8481661883000002,0.40021405950000005,2.0250608362,-0.7858766473000001,2.1333333333,446.8333333333,1.5683761687,0.0241168635,2.524942133,80.0,-12.5,25,-3.2022724022,4.9350324088,0.6700138345000001,8,1.3851556802,0.6299271545,1.6330014624,-0.4871211162,0.0,0.0833333333,0.33333333330000003,0.0,55.0,,0.6000000000000001,0.9,0.30000000000000004,2.1040800991,0.4703647565,1.6584224087000001,-1.608399272,0.4306930693,0.08853724560000001,2.0770575013999997,0.375411435,1.7725966121,-1.1662149682,409.5,5.5,4.8,405.1666666667,1.4451471307,0.35398317009999997,1.8011359105000002,311.5,453.8333333333,1.8690522541999999,0.28893697430000004,1.6658960641999998,142.3333333333,-13.0255628518,2.3559406193,0.4595452017,1.9139383638999998,-1.5548590755,5.0,2.0,2.0,3.5,6.5,66,-0.4147078959,-0.3665799521,1.15879546,0.38791869619999997,1.6649820035,-0.3388556183,-0.1998009616,3.9,2.0,2.6666666667000003,4.6,1860.0444444444,18,5,2652.3333333333,0.4710361539,-0.6717068493,3.4,3.9090909091,4.0,3.7857142857,3.0,0.2480411227,0.4194401357
s418,1.7077713842,0.31909241920000003,1.3075113323999998,4.45,47.61904761899999,0.30000000000000004,950,30.555555555599998,0.4,520,-0.571211341,-1.0073804531000001,3.3809652985,0.34686792060000005,1.7961783515,-0.6676399614999999,0.0027623298000000003,0.0259165039,0.0459150391,6.1333333333,2.7857142857,2.9333333333,1.25,2.25,3.2,4.0,38,3.3941807851,0.3158370645,1.2899808712,1.0,0.0,14.291666666700001,0.17083333329999997,3,-0.0115,-3.2916666667000003,23.375,0.1805358948,1.0,-0.0062556117,-1.6921132457,1.0833333333,1.1818181818,-0.1041456016,0.8222952477000001,7.1,6.5,1.8771529851,0.4952269144,1.472263003,-0.040652769500000005,0.22222222219999999,3.0,4.5,1.5,3.1666666667000003,4.3333333333,5.1666666667,4.8333333333,5.666666666699999,5.3333333333,2.6666666667000003,3.6666666667,3.1666666667000003,4.0,1.1666666667,4.3333333333,-3.2929337099000002,-0.7933919288,0.3298219498,4.6604910377,2.6243232659,0.0099283907,2.1569408734,0.0,11.1111111111,51.851851851899994,3.6666666667,6.5,2.25,1.625,1.625,3.1428571429,3.625,56,-1.2890129855,3.38738178,20,201.0,5,1.125,1.0666666667,0.8682128906000001,0.001532121,0.9853515625,0.0013164541,0.6944444444,0.0256124969,0.009797959,0.06403124240000001,4,-2.1188603265,1.9560637312,0.3992020888,1.2502154581,-0.32697723289999997,2.6,321.5,2.2675348603,0.3297658914,1.1777928219,1.5,65.5,45,7.5767858059,-4.6311063615,0.398217632,10,1.8530707132,0.5879760784,2.2567123902,0.11848157880000001,0.33333333330000003,0.33333333330000003,0.6666666667000001,0.1666666667,120.5,0.2,0.30000000000000004,0.4,0.1,3.0374832993000003,0.3465038941,1.9517948902000002,-1.7866009477,0.39853300729999996,0.0541182147,2.9072389511,0.3292831935,1.1855055665,-0.623947923,307.5,6.2,6.3,282.5,2.7887910961,0.35834453400000005,2.1870550193000002,350.0833333333,286.6666666667,2.620935012,0.35264959,1.3196372009000001,-63.4166666667,53.5547776379,3.2773071185000004,0.3338475877,1.6503250697,-1.1166173287999999,4.5,4.0,3.5,1.0,2.5,36,0.3726058024,-0.16903961539999998,1.5117321329,0.30696687920000004,1.5738446661,-0.7141124045999999,0.1895410805,4.0,2.5555555556,1.8888888889,1.9333333333000002,1764.0833333332998,3,9,2768.6666666666997,-0.5926534672,0.184003643,2.1,1.0,2.4166666667,1.7857142857,1.75,0.8340165629,0.27547009969999997
s419,0.6666911511,0.0539588892,1.6313570529,1.6,35.6666666667,0.2,827,17.761904761900002,0.30000000000000004,358,-0.6690485109000001,-0.6154879422,3.4465118147000005,0.3460090549,1.7966208772999999,-0.8834381164,0.0029791465000000004,0.0042237244,0.014938476599999998,3.4,3.3214285714000003,3.8333333332999997,3.25,2.25,3.6,3.1428571429,51,2.8278662681999998,0.2577558985,1.4479375999000001,0.1666666667,0.6666666667000001,19.6666666667,-0.05833333330000001,1,0.001,-3.6666666667,24.3333333333,0.0091549296,0.0,-0.0003943662,-0.8028169014000001,1.0833333333,1.1818181818,-0.08971221780000001,0.9785972773,7.6,7.0,0.8153855888,0.3169398899,1.6900143575,-0.9877601711,0.25,2.1666666667,2.1666666667,1.0,4.3333333333,4.1666666667,3.5,5.0,4.8333333333,2.6666666667000003,2.6666666667000003,3.5,2.3333333333,2.3333333333,3.8333333332999997,5.666666666699999,-1.6025890104,-0.954049439,-0.2646559025,2.8300105657,1.8807539828,0.2234989908,1.5720185099000001,55.5555555556,55.5555555556,62.962962963,5.1666666667,4.75,4.625,4.5,4.25,2.4285714286,3.5,53,-0.919969109,3.1442961907,29,193.0,8,1.1875,1.4,0.7100367545999999,0.0012134057,0.8410537720000001,0.0013873736,0.44444444439999997,0.0015811388,0.009797959,0.0099597577,3,-1.6539730869,1.3903259453999999,0.3765832096,1.6772745441,-0.2948110976,3.6,329.3333333333,3.0429216975999998,0.2788231503,1.4279041959999998,59.0,36.0,46,8.6755269944,-7.2462628886,0.50647229,8,1.2172890823,0.3669127335,1.8617313091999999,-0.3355357302,0.5833333333,0.5833333333,0.9166666667,0.9166666667,128.0,0.4,0.6000000000000001,0.7000000000000001,0.5,3.8855406834,0.3509066669,1.6284690222,-2.0923219749,0.4851485149,0.056840515599999995,2.2834210118000002,0.3284088826,1.2487467988,-0.7745986313000001,313.5,6.1,5.4,305.8333333333,3.1577252516,0.3378396288,1.1471903943000001,250.8333333333,239.3333333333,3.5669086816,0.33417422290000004,1.7382907388,-11.5,39.589019626799995,3.6500826118,0.32478181850000004,1.9980773768,-1.0939869711,3.0,7.0,4.0,2.5,6.5,45,0.5527932100999999,-0.0153337373,1.7149284863999998,0.30297347420000004,1.6628658630000002,-1.247650234,-0.5997849408,3.2,3.3333333332999997,2.1111111111,2.4666666666999997,2564.9583333333,6,8,2324.5833333333,,,1.5,1.2727272726999999,2.3333333333,1.7142857143,2.9166666667000003,0.1967107662,0.27711987800000004
s421,1.6158082804,0.3003885442,1.1181794713,3.15,36.0,0.33333333330000003,700,28.473684210500004,0.3666666667,520,-0.1609857932,-0.8633268402000001,3.1338214982,0.3729216078,1.7891506746999999,-1.5927962934000002,0.00016873900000000003,0.0029776306,0.4115126953,2.7333333332999996,3.1785714286,2.8,2.25,1.75,3.0,3.4285714286,59,5.3864308172,0.32661367690000004,1.5094973994,0.33333333330000003,0.0,11.0,-0.008333333299999999,1,0.0036666666999999997,-2.6666666667000003,14.208333333299999,0.15137844609999998,1.0,-0.0046115288,-3.3746867168,1.0,1.3636363636000002,-0.024055927100000003,1.0010387412000001,9.8,8.0,2.0947523172999998,0.4182152312,1.6450741835,-0.6787446529000001,0.1388888889,2.0,2.8333333332999997,1.0,1.8333333333,3.0,5.1666666667,4.8333333333,6.166666666699999,6.166666666699999,3.1666666667000003,1.3333333333,1.3333333333,1.3333333333,1.1666666667,4.0,-2.5473909325,1.5079216309,0.7263267092,3.8674815188,1.9821237155000002,0.23437431600000005,1.131823525,66.6666666667,0.0,3.7037037037,4.8333333333,2.0,4.125,5.0,5.0,3.0,2.875,48,-0.5402436899,4.8849203713,35,203.0,8,1.0,1.0,0.6603713036000001,0.0011493297,0.8921030045,0.0018235242999999999,0.5555555556,0.0256124969,0.0256124969,0.06403124240000001,4,-1.0079323923999999,1.7568978256,0.4222388799,2.1998139154,-0.10574719310000001,5.2,467.3333333333,3.3647678442,0.26516515620000003,2.2816665082,162.0,165.0,48,-0.34610805149999996,2.1118358737,0.44254603020000005,10,2.1653258843,0.4624215892,1.9188323624,-1.1057102512,1.0,0.4166666667,1.0,0.8333333333,137.0,0.0,0.0,0.4,0.0,3.1326598791,0.38584271659999997,1.7241891921,-2.3940641351,0.5392156863,0.0234743088,3.4696655883,0.2891876929,1.2198018765,-0.3359584665,287.0,5.4,5.2,246.5,3.39443495,0.3136204141,1.7507619918,267.0,235.3333333333,2.5631600157000003,0.3520840095,1.3228029223,-31.6666666667,59.3283887468,2.6799515029,0.3987411964,1.858614222,-2.0262349806,6.0,7.0,5.5,5.5,3.5,33,-0.1744957477,0.1586999014,1.5201664838,0.3425702793,1.5942458952,-0.2106673764,-0.8954198394,2.1,4.8888888888999995,2.7777777778,2.3333333333,2277.6791666667,14,8,2830.9166666666997,-0.3940613886,1.4913707455,1.2,1.0909090909,1.3333333333,1.0,1.3333333333,0.8504261364,0.3360540439
s422,1.174619809,0.29810244690000004,1.8990036047,3.35,40.4782608696,0.23333333329999997,889,22.8333333333,0.2,527,-0.054225135599999995,-0.5699664948000001,5.0841625852,0.33604475549999996,2.6945277869999997,-0.6487303624,2.26777e-05,0.0001559792,0.0032197265999999998,3.6666666667,3.75,4.0333333333,2.75,2.5,3.8,2.8571428571,53,6.3890014072,0.2625359108,2.8462063462000002,0.6666666667000001,0.1666666667,14.791666666700001,0.0458333333,2,-0.0061666667,-5.2916666667,15.75,-0.0216871364,1.0,-0.0063891403,-6.0025856496,1.0,1.2727272726999999,0.1653747463,0.9891281996,8.3,8.0,2.2621903754,0.45006156770000005,2.5543557824,0.1644874464,0.8055555556,2.8333333332999997,4.6666666667,1.1666666667,2.8333333332999997,3.3333333332999997,5.0,6.0,6.0,5.0,3.8333333332999997,1.8333333333,2.5,1.6666666666999999,3.1666666667000003,4.6666666667,-0.9881022639,1.4348996912,0.0,5.320134937200001,4.8866189460000005,0.220308862,3.4441042477,33.3333333333,33.3333333333,14.8148148148,6.333333333300001,1.0,3.75,2.5,4.625,3.1428571429,3.375,46,0.0,5.965407751,33,211.0,3,1.0,1.0666666667,0.8073730469,0.0016982829,1.0,0.0016812926999999998,0.5833333333,0.0006324555,0.0015811388,0.0015811388,3,-1.0440556565,2.0408138842,0.4033488194,1.7858993884999999,-0.3002116234,4.6666666667,280.3333333333,3.2069532681,0.3374239249,1.5986312777,8.0,109.0,45,29.7600460521,-7.9720402217999995,0.5101538963000001,18,1.8662547181,0.583795614,2.072363893,-0.38576824579999996,1.0,0.8333333333,1.0,0.9166666667,133.0,0.0,0.30000000000000004,0.6000000000000001,0.30000000000000004,4.6965898862,0.4148814638,2.6278532953,-1.124859248,0.3762376238,0.0569101819,5.2979799146,0.2704146931,2.5585170971,-0.2715153114,321.5,6.5,6.7,261.6666666667,5.3828667647,0.35493454399999996,1.9533423812,241.1666666667,263.6666666667,3.6706461499,0.32841317579999996,1.8131850933000002,22.5,57.323754789300004,2.970121717,0.3464897389,2.0066092234,-1.1932681099,6.0,6.0,6.0,2.0,3.0,64,-0.3074736099,-0.0709730103,2.1956049853,0.3236569117,2.6204789491,-0.07637328260000001,-0.3102009884,2.4,4.2222222222,2.0,2.8666666667,1886.1898148148,10,6,4035.3333333333003,1.2739162728,0.9738605837,1.4,1.8181818182,1.5833333333,1.1428571429,2.1666666667,0.7043834616,0.6196027664
s423,0.7571931531999999,0.0341590311,2.4162903108,1.8,40.5454545455,0.2666666667,861,26.3333333333,0.30000000000000004,512,-0.07394795130000001,-0.6598620901000001,2.1145390443000003,0.08447106550000001,2.5518504534999997,-0.6966501181,0.0012141344,0.0101958008,0.0138164062,3.8,3.6071428571,5.3666666667000005,2.25,2.25,3.0,3.5714285714000003,47,2.6512435828000003,0.1077432429,2.6964054945,0.8333333333,0.0,19.5416666667,0.0791666667,1,-0.0075000000000000015,-4.5416666667,18.875,0.1144067797,1.0,-0.0066987952000000005,-2.6837859913999997,1.0833333333,1.0909090909,0.0924068955,0.9121374922,6.7,7.3,1.3111597906999999,0.4576196810000001,1.8204151473,-2.1959690266,0.75,1.1666666667,1.6666666666999999,2.5,3.1666666667000003,3.1666666667000003,5.0,4.6666666667,4.0,4.0,1.8333333333,1.3333333333,1.6666666666999999,3.1666666667000003,3.3333333332999997,3.3333333332999997,-0.44044838229999994,-0.18280905449999998,-0.6629669095,2.6749133193,1.668759449,0.0319005386,2.1633526529,38.8888888889,33.3333333333,14.8148148148,4.0,3.25,4.375,3.0,3.625,2.0,2.5,27,-0.8893284576999999,4.1867508355,35,126.0,9,1.1875,1.3333333333,0.7218288898,0.0007455755999999999,0.7826386929000001,0.0007845346,0.8055555556,0.0015811388,0.0004,0.009797959,2,-1.9164541972,1.2328646240999999,0.438399861,1.4659005202000002,-0.2328265305,5.2666666667,243.5,3.8729931127999997,0.2217966805,2.6129684711000003,17.0,94.0,43,,,0.3231100578,14,1.1887492870999998,0.4882756192,2.2291168784999997,0.017109661,,0.5833333333,,0.75,82.0,0.1,0.30000000000000004,0.30000000000000004,0.30000000000000004,2.70558941,0.46073206619999996,1.8687533750999998,-1.6649803744999998,0.4975124378,0.0441182528,4.8629147331,0.32725429040000004,2.1041554305,-0.17483284370000002,329.0,6.0,8.0,268.5,4.0012305519,0.37421623979999996,2.8774485160000003,201.8333333333,235.6666666667,3.7348020871,0.3738290465,2.4382224628,33.8333333333,61.542226990900005,2.9819551236,0.3215075425,2.1197212037,-0.9554461867,4.0,5.5,3.0,2.0,5.0,46,-0.4955160730000001,-1.1044873109,1.5957910706,0.3751305288,1.7552021274,-0.1938220726,0.8033033848000001,4.3,3.5555555556,2.5555555556,2.7333333332999996,2321.225,2,9,4681.0,-0.5855912743,0.7574415312999999,1.6,2.5454545455,2.6666666667000003,1.3571428571000002,1.75,0.8161485954000001,0.2467531714
s424,1.3972802152000001,0.2216238139,1.8640424448,3.7,27.818181818200003,0.2666666667,585,13.565217391300001,0.23333333329999997,292,-0.39332876969999997,-0.6780555613,2.9804702338999998,0.3478557147,1.2248499539,-2.2699093469,0.0033581279999999997,0.0687854004,0.0238457031,3.4666666667,3.5357142857,3.6333333333,2.0,1.5,3.0,3.0,50,4.4013027399,0.2585431548,1.0304056522,0.8333333333,0.0,5.791666666699999,0.0791666667,3,-0.008833333300000001,-2.4583333333,6.041666666699999,0.16317073170000002,3.0,-0.0073268293,-3.5030487805,1.0,1.0909090909,0.06176243300000001,0.6892234825,9.6,7.5,3.1095288918,0.5019238581000001,2.1085867121,1.0967715182,0.9166666667,1.6666666666999999,2.5,1.1666666667,2.1666666667,4.1666666667,5.5,4.8333333333,6.166666666699999,5.1666666667,3.3333333332999997,1.1666666667,1.6666666666999999,1.3333333333,1.5,5.3333333333,-0.7181909781,4.711361458,0.0,5.320134937200001,4.1307012798,0.1421871372,2.2155832149,66.6666666667,33.3333333333,33.3333333333,5.0,3.25,4.0,4.0,4.0,3.0,3.0,41,-1.1195720593,3.7262636324,33,178.0,7,1.0,1.0666666667,0.5,,0.9875,0.0015021423,0.5833333333,0.009797959,0.009797959,0.009797959,4,-1.2137767377,2.0071887878,0.4263644344,1.6116433297,-0.1881580315,4.6,219.3333333333,2.6336778182,0.2887078279,1.1718020573999999,-5.5,73.5,46,-0.97429273,8.475099014,0.4670962969,13,2.4496492658,0.5245539517,1.5793639227,-0.45729591560000005,0.8333333333,1.0,1.0,,116.0,0.0,0.1,0.6000000000000001,0.2,3.5854850429000003,0.3287120182,1.8376396382,-1.1810996498000002,0.5123152709000001,0.12894136220000002,5.1302843425,0.303642073,1.6500533865,-1.7163800051,249.5,5.9,5.4,,,,,250.1666666667,263.6666666667,2.8937124082,0.3185232176,1.1308276001000002,13.5,17.8356060606,3.7685353297,0.3332954233,2.5987186729,-1.0843417636,6.0,6.0,6.0,4.0,4.0,43,-0.4367333827,0.10174590720000001,2.0658195435,0.30489326629999997,1.3618776662,-0.5962235089,-0.7238802426000001,2.7,3.7777777778,2.1111111111,2.3333333333,2341.3833333333,10,6,3214.0833333333003,0.9860916392,0.7137664678,2.0,2.0,2.0833333333,2.0,1.5833333333,0.2024627036,0.5259533248
s426,0.7015296842000001,0.3560787999,1.2871520493000002,1.65,36.6666666667,0.2,853,24.2608695652,0.23333333329999997,518,-0.0696985999,-0.5542418543000001,2.2072426505,0.1464096751,3.2945318443000002,-0.11612478789999998,0.0098673234,0.0349853516,0.0105654297,5.2,2.9642857143,3.8666666667,3.25,2.5,3.4,3.0,41,2.2403040975,0.2433294449,1.7951330929,0.33333333330000003,0.5,15.0,-0.008333333299999999,1,-0.010333333299999999,-0.8333333333,9.2083333333,-0.0272619048,1.0,-0.0085761905,-0.8642857143000001,1.4166666666999999,1.4545454544999998,0.1853554823,0.1143325878,9.2,6.9,1.2840841741,0.35143801880000003,2.2947466303999997,-0.8698216267000001,0.055555555599999994,4.0,3.1666666667000003,2.1666666667,2.8333333332999997,4.3333333333,4.1666666667,6.666666666699999,4.8333333333,4.5,2.5,3.0,1.6666666666999999,4.1666666667,4.5,5.1666666667,-1.6124682903999998,-0.7438310475000001,-0.07453222849999999,1.8323069241,1.0765734015000001,0.0444017178,1.6187961606999999,50.0,77.7777777778,74.0740740741,4.3333333333,5.25,3.875,3.125,2.75,3.1428571429,2.875,49,-0.5674211715999999,1.6415365494999998,28,139.0,9,1.1875,1.6666666666999999,0.6719421387000001,0.0021969879,0.7594864845,0.0020224229999999998,0.6944444444,0.1265219767,0.25,0.25,6,-1.5616971791999998,0.8958543715,0.420153755,1.9556405075999999,-0.0048857836000000005,5.2666666667,453.5,2.5346816297,0.3376148905,1.4946359108,71.5,-13.0,45,,,0.6940009375,4,1.2340707305,0.7222207159999999,1.7726847775,-0.1344097307,,0.4166666667,,0.6666666667000001,91.5,0.2,0.2,0.6000000000000001,0.8,1.9598905392,0.4027910336,1.8083644443,-1.1289031386,0.3407407407,0.0181338866,2.8224822223,0.35106677299999994,1.5426618807,-0.5998073318,538.5,7.2,5.9,277.8333333333,2.342649348,0.36250295270000005,1.4613706827,314.8333333333,322.1666666667,2.6396498045,0.3791268554,1.3617573266999998,7.333333333300001,35.2159986631,2.0126359551,0.34835652229999997,2.1810658331,-0.40273784079999997,5.0,6.0,5.0,4.5,6.5,33,-0.2600321002,-0.2673987874,0.9506646729000001,0.088306405,2.0277348637,0.2444633092,0.2426440655,3.9,2.4444444444,3.4444444444,3.2666666667000004,2449.5277777778,12,3,3967.3333333333003,0.192888555,0.6484112867,1.8,1.6363636363999998,2.8333333332999997,2.2857142857,2.5,0.8166261560000001,0.3682804309
s428,1.0406336377,0.2315866405,1.6227380958000002,2.5,22.5,0.2,520,20.0,0.1666666667,480,-0.6550263391000001,-0.7769929569,3.199480709,0.37182705950000006,2.2919527785,-0.4730877506,8.538549999999999e-05,0.00019682119999999998,0.0022592773,2.7333333332999996,3.3928571429,3.6333333333,2.25,2.25,2.8,2.4285714286,53,2.0794110107,0.2296457041,1.8148091241,0.1666666667,0.5,2.4166666667,0.1666666667,2,-0.0023333333,-1.5833333333,9.0416666667,0.21766275350000003,2.0,-0.0067368196,-5.1488794023,1.0,1.1818181818,0.7982907692000001,0.37248238289999996,9.1,7.8,1.9293817656999999,0.441919695,2.0381011487,-0.7270018404999999,0.75,1.5,3.6666666667,1.3333333333,1.6666666666999999,3.6666666667,5.833333333300001,4.0,5.5,4.6666666667,2.6666666667000003,1.3333333333,4.0,1.6666666666999999,1.3333333333,3.6666666667,0.0993540461,0.3302974422,-0.6052089046,3.3455588569,2.1531103115,0.27388909510000004,2.154335326,66.6666666667,33.3333333333,29.6296296296,4.1666666667,2.25,4.0,3.75,3.75,3.1428571429,3.125,42,-0.8893284576999999,4.1867508355,33,190.0,10,1.0,1.1333333333,0.6709152937,0.0016770887,0.9056244373,0.001893745,0.4722222222,0.0015811388,0.0006324555,0.0015811388,2,-0.8361506566,2.0606290421,0.3880448395,2.0597656932,-0.48556605630000005,4.7333333333,284.6666666667,3.2682023576,0.32507592,1.9472458345,-35.0,31.5,48,1.9456637694,2.7005502957000003,0.3602623742,6,1.6806506877,0.5684231124,1.8533016949,-0.558044957,0.5,0.8333333333,0.9166666667,0.75,122.0,0.0,0.30000000000000004,0.4,0.1,2.5707996397999997,0.49592637829999997,2.2401697972,-0.9096828342,0.5036855037,0.0334214002,2.3900253564,0.26139905210000003,1.6312861912999999,-1.0535557771,289.0,4.7,4.7,156.6666666667,2.216494518,0.2497441511,2.0248336755,199.1666666667,214.6666666667,2.6866641247000005,0.2960317577,1.7421401895000002,15.5,105.50485147040001,2.3501099451,0.34242979240000004,2.4072728979,-0.39047253579999996,6.0,6.0,6.0,4.0,4.5,38,-0.5317325024,-0.4840436792,1.7894231452,0.2849940328,1.9184153104,-0.08354990300000001,0.3768780861,2.3,4.0,2.4444444444,3.0666666667,1903.9037037036999,2,6,4664.9166666667,-0.4700036292,0.6931471806,1.9,2.0909090909,2.0,2.0,2.0,0.24395721829999997,0.8969351023000001
s431,0.8093737205,0.2192159666,1.7368491783000002,2.15,24.6153846154,0.1333333333,627,9.7916666667,0.2,231,-0.5088136513,-1.131422566,4.3073862365,0.2703602573,3.7676853281000002,-0.7540583397,0.0044868721999999995,0.0210233154,0.0036445313,3.4666666667,3.8571428571,3.4666666667,3.0,3.25,3.2,2.8571428571,44,3.0364193125,0.2514986241,1.6396821624000002,0.8333333333,0.1666666667,11.916666666700001,-0.0166666667,2,0.0073333333000000014,-3.5,5.1666666667,0.006087735,2.0,-0.0055828111000000005,-1.8191584602,1.1666666667,1.6363636363999998,0.1450422804,0.9192512275,7.5,7.9,1.6958784694,0.4328493274,1.9888033534,-0.0455391591,0.4166666667,2.0,2.5,1.3333333333,2.0,3.5,5.666666666699999,5.1666666667,5.3333333333,5.1666666667,3.6666666667,2.1666666667,2.5,3.3333333332999997,2.1666666667,4.6666666667,-0.5617681463,0.6313260782,-0.5829502892,2.6385324132,1.7630784080000002,0.25490494059999996,1.6248166182,38.8888888889,44.4444444444,48.148148148100006,4.8333333333,3.5,4.125,3.75,3.75,3.0,2.875,52,-0.9575666758,4.0502743994,30,170.0,7,1.0,1.4,0.7071331978000001,0.0015986385,0.6418075085,0.0011421082,0.6388888889000001,0.0015811388,0.0256124969,0.0256124969,3,-0.5391996932,1.3145169592,0.3912986103,2.1550833738999997,-0.5735284045,5.1333333332999995,243.1666666667,3.4649967968,0.27788722920000003,1.4935914626,6.0,-19.5,44,-0.21970476649999998,0.4026811481,0.47919042729999994,10,1.4765769491999998,0.4385055589,1.79205316,-0.4717449982,0.5,0.1666666667,0.6666666667000001,0.75,114.0,0.2,0.4,0.5,0.4,4.0664111518,0.42692256729999994,2.0075142691,-0.8518655329000001,0.3661616162,0.0146280322,2.3521864996,0.25014377250000003,3.0235749268000003,-0.0010797545,323.0,6.2,5.9,274.5,3.7202532847000005,0.3481592072,1.2386865696,258.6666666667,309.6666666667,2.8416325616000004,0.3012296129,1.4060103671000002,51.0,140.2853416149,2.5541861049000003,0.241906965,3.0380525954000004,-0.5771036008,5.5,6.0,6.5,5.0,5.5,35,-0.6794622061000001,-0.1038178983,1.9290528722,0.2867795018,1.7447033321,-0.2737735449,-0.0803065953,2.4,4.1111111111000005,2.5555555556,3.4666666667,2473.145,8,8,4030.5,-0.0606246218,-0.2876820725,1.7000000000000002,1.9090909091,2.0,1.7857142857,2.4166666667,0.8601056229999999,0.8080970115999999
s432,,,,,28.8076923077,0.1333333333,728,27.9166666667,0.2,610,-0.5308827979,-0.8643579045,3.6919024037,0.2880593648,3.5614266575,-1.4411442000999999,0.0032594016999999997,0.0172502441,0.18132324219999998,2.3333333333,3.7142857143,3.1333333333,3.5,2.5,4.0,3.8571428571,52,5.2656067881999995,0.2095902762,2.9610172006999997,0.5,0.1666666667,10.4166666667,0.475,3,-0.0143333333,-4.9166666667,23.7916666667,0.14906704269999999,1.0,-0.0056519852,-1.9254719028,1.0,1.4545454544999998,0.0103717193,0.9014554715,6.9,7.0,2.0409401206,0.6033438285,2.0251837016,-1.2905135714,0.0,1.3333333333,2.1666666667,1.0,1.5,3.5,6.5,4.8333333333,6.5,5.666666666699999,3.6666666667,2.1666666667,2.3333333333,1.0,1.0,4.8333333333,-0.8624151963000001,-0.3850100747,0.0,5.320134937200001,3.8552206187,0.033964796400000004,5.7777690876,38.8888888889,55.5555555556,37.037037037,6.0,4.5,5.0,4.875,3.625,2.1428571429,4.125,44,-0.7017421781000001,4.5619233948,39,224.0,5,1.0,1.0,0.8252872467,0.0010259648,0.8883224487000001,0.0011020949,0.4722222222,0.25,0.25,0.25,2,-0.6103180953,2.4151574104,0.4693871883,2.3399859022,-0.1914463476,5.6,216.1666666667,2.8698023876999996,0.2666770878,2.5091415298,2.5,263.5,47,-0.7024577175000001,0.9401130056,0.40450952409999996,6,1.8489641144,0.7614527923000001,1.903911575,-0.8760786098000001,0.5833333333,1.0,0.9166666667,0.9166666667,140.0,0.0,0.2,0.30000000000000004,0.0,3.1329825586,0.4452197278,2.6210277252000003,-1.2129782156,0.36919315399999997,0.0354808379,4.6306562385,0.30223909260000004,2.151311569,0.0027846364,279.5,5.8,5.4,230.8333333333,4.0782604753,0.2737244773,4.6355178463,206.4166666667,238.6666666667,3.6847497845999997,0.17738641219999998,4.2960201456,32.25,-24.841803394299998,2.7037203641,0.34098300530000003,3.0993720599000003,-0.38381688840000006,4.5,5.5,2.5,2.0,3.0,42,0.0952478217,0.08715347050000001,2.2490087130000003,0.3415444964,2.1074800484000002,-0.3545640775,-0.5497159835000001,3.8,3.6666666667,2.1111111111,2.7333333332999996,3104.1333333333,4,7,3587.4166666666997,,,1.1,1.0,1.25,1.1428571429,1.3333333333,0.22078665449999998,0.5033829585
s433,0.9964338181999999,0.1291071392,1.5981929136000002,1.35,35.2631578947,0.3666666667,632,21.894736842100002,0.3666666667,391,-0.16102101200000002,-0.955535025,3.2909761042000003,0.4154779312,1.7629838972,-0.056865672199999995,0.0467472496,1.1913320313,1.32234375,3.8,4.8928571429000005,5.2666666667,2.25,3.25,3.8,3.8571428571,39,4.3489824283,0.2575251829,1.668456528,0.0,1.0,13.708333333299999,0.0458333333,1,0.0015,-3.7083333332999997,11.791666666700001,-0.0598809524,1.0,0.0014619048,-2.5154761905000003,1.25,1.0,-0.04621567309999999,0.1935699933,7.3,4.8,2.7320575958999997,0.41200362380000005,1.9191656091,0.6859048942,0.11111111109999999,1.5,2.6666666667000003,1.1666666667,2.6666666667000003,3.5,4.1666666667,4.6666666667,3.1666666667000003,4.3333333333,2.8333333332999997,2.6666666667000003,1.0,5.3333333333,3.0,6.166666666699999,-1.5836129666,-0.2709898985,-1.0185708727,3.2829931918,2.3445125344,0.2833204989,1.2091123473,27.7777777778,77.7777777778,62.962962963,2.6666666667000003,3.75,3.625,3.125,4.0,1.5714285713999998,3.125,37,-0.6980313333,3.2931327482999997,21,117.0,9,1.3125,1.5333333333,0.7862985611000001,0.0011122304,0.9648925781,0.0010792719,0.7222222222,0.158113883,0.0099597577,0.158113883,2,-0.8864855474000001,1.1157521516,0.3706957704,1.9559700008,0.26812918080000003,3.9333333333,241.5,2.4855571176,0.024509974700000003,2.7507289043000003,6.0,37.5,44,,,0.3266987005,11,1.3553093462,0.4579372789,1.7746958272,-0.2551007474,0.0833333333,0.4166666667,0.4166666667,0.5,95.5,0.30000000000000004,0.30000000000000004,0.4,0.5,2.7722594187,0.38742357909999997,1.5578991594999998,-2.9881368299,0.4864864865,0.08804185610000001,2.7684290378,0.29081364130000004,1.2252375648,-0.3245496342,345.0,6.1,5.3,277.0,2.2938071439,0.39343419259999995,1.3293199296,253.6666666667,280.3333333333,2.9288910552000003,0.32833695430000004,1.3413456264,26.6666666667,19.3306766763,2.9624791865,0.3211422198,2.0602974713999997,-0.9885830505,3.0,6.5,1.5,1.0,4.5,41,-0.46546933380000005,-0.17142190940000002,1.4548462169999998,0.35117267960000004,1.5741135146,-0.3784449412,0.2439387286,3.2,3.6666666667,3.0,3.2,1959.6991341991,7,10,3796.1666666666997,-0.6019404123000001,0.6286086594,2.5,1.7272727273,2.8333333332999997,2.2142857143,2.9166666667000003,0.8923636607000001,0.3758207328
s435,1.0793607288,0.3129486741,1.3306802201,1.85,34.05,0.33333333330000003,641,33.3888888889,0.4,571,-0.4218560627,-0.8145387497000001,3.1868161589999997,0.4310778393,1.6352317504,-1.1871245831,0.0023091366,0.0039442444000000005,0.06207910160000001,3.6,2.9285714286,2.3333333333,2.0,2.5,3.8,3.2857142857,50,3.6873251922000003,0.3371832554,1.3093554981,0.33333333330000003,0.33333333330000003,13.75,0.05,1,0.0013333332999999998,-5.583333333300001,,,,,,1.0,1.2727272726999999,0.0412031878,0.7786235465000001,8.1,8.3,1.4560413876,0.4534197825,1.9428635705,-0.7302150691,0.11111111109999999,1.0,2.8333333332999997,1.1666666667,4.1666666667,5.0,5.833333333300001,4.8333333333,6.666666666699999,6.5,4.5,1.1666666667,3.1666666667000003,1.1666666667,4.1666666667,6.5,-3.0114828545999996,1.6860433623,0.0,5.320134937200001,2.4354850766,0.2880598246,1.3591672623,44.4444444444,22.2222222222,11.1111111111,6.0,2.5,3.875,3.5,4.75,3.4285714286,4.5,54,0.0,5.965407751,29,213.0,5,1.0625,1.5333333333,0.733511734,0.001101793,0.9318847656,0.0017476265,0.5277777778,0.003935979300000001,0.0015811388,0.0015811388,3,-0.7121145437999999,0.7358205122,0.2407026284,2.3931795223,-0.47663478979999996,4.6,354.3333333333,2.3613903289,0.33137668130000003,1.6768340655,33.0,65.0,45,8.7038222499,-5.9496312067999995,0.49093300549999996,9,1.9466120018,0.5221952089,2.1362993793,-0.2576024983,0.5833333333,0.75,0.9166666667,0.9166666667,124.0,0.0,0.30000000000000004,0.8,0.4,3.1737144607,0.4632097178,1.4582917242,-2.3907062392,0.429280397,0.0472483387,2.7948852625,0.32764721410000003,1.4942490355000002,-0.4600460774,,5.8,5.6,326.6666666667,2.7759016904,0.398890404,1.2428451777,249.1666666667,268.3333333333,2.9485254914,0.3696053971,1.7322597596,19.1666666667,46.708170716400005,2.5902649069,0.4740589088,1.3499813908000002,-0.9154968985999999,6.5,6.0,7.0,1.0,6.5,32,-0.3467478842,0.0001045551,1.7041633909,0.4063497929,1.524891089,-0.41270967909999995,-0.2856199401,3.6,4.2222222222,2.2222222222,2.6,3416.0770833333004,9,5,4007.0,1.4441578215000002,-1.1882244473999999,1.2,1.0909090909,2.0,1.0714285714,2.8333333332999997,0.8256395602000001,0.6630660265999999
s436,0.9344677543,0.0966612107,1.4609571509,1.5,4.0344827586,0.033333333300000004,116,3.0689655172,0.033333333300000004,87,0.0498534648,-2.8099674098,1.1729587979,0.41593645079999997,1.3518126,-0.4907112771,0.2977291641,0.5369150390999999,1.0218896484,3.0,2.9285714286,3.3,2.5,1.0,3.4,4.0,53,0.7528830714,0.31279825980000003,0.9535074745,0.1666666667,0.1666666667,9.1666666667,0.0416666667,1,-0.0063333333000000006,-0.5833333333,1.0,0.0,1.0,-8.825405684e-17,-2.2204460489999999e-16,1.0,1.0,-0.1488356535,0.6983636007999999,6.9,4.4,1.7262071328,0.48501499439999995,1.3188887566,-1.6566155943,0.30555555560000003,1.5,1.8333333333,1.0,1.5,3.0,6.5,6.333333333300001,6.833333333300001,6.5,4.1666666667,1.1666666667,1.6666666666999999,1.3333333333,1.3333333333,3.1666666667000003,-1.4665628721000001,0.3346891168,-0.3884511935,3.7790742791,2.3426328339,0.2184248996,1.9487881553,61.111111111099994,33.3333333333,44.4444444444,5.0,5.0,3.0,3.875,1.75,1.4285714286000002,3.5,49,-1.0385004381999998,3.3813588491,36,125.0,9,1.0,1.0,0.7007478476000001,0.0015426873000000002,0.8303497315,0.0021841792999999997,0.75,0.158113883,0.25,0.06403124240000001,3,-0.28225653500000003,1.7641263299,0.4561354022,2.0910593763,-0.20100911,3.6,400.1666666667,3.7067412148,0.3386233629,2.3608244066,-13.5,114.0,48,,,0.7037664690000001,4,1.2041470415,0.5647087607,1.8016540494,-0.0976432802,0.75,0.9166666667,0.8333333333,0.8333333333,141.0,0.0,0.0,0.1,0.0,2.2354046587000003,0.4999087274,1.9743925318,-0.9764538666,0.4738154613,0.0815339015,2.5134684472999997,0.35101990510000003,1.2553161711,-0.9541407731999999,356.0,4.5,4.6,268.5,3.5419548801,0.39086718659999997,2.8479743813,340.5,352.6666666667,2.8106289747,0.3528192047,1.6508885708,12.166666666700001,-4.8316498316,3.2345410629000004,0.3224555561,2.7093596321,-1.7827950168000002,7.0,7.0,3.5,1.5,1.5,53,-0.2188686407,0.213069957,1.0826164745,0.030187032000000006,2.2614237366,-0.5831045953,-0.9314834646,3.8,4.5555555556,2.3333333333,1.7333333333,2089.5240740741,5,7,4949.25,-0.404349659,0.6021754024,1.8,1.0909090909,1.4166666666999999,1.0714285714,1.0,0.8983426312999999,0.35894716649999997
s438,1.2498893156,0.2124215385,1.7311565165,2.45,17.0909090909,0.2666666667,376,30.7894736842,0.3666666667,556,-0.45895944439999997,-0.9359547539,2.6793913791999997,0.38813089939999995,1.5646893742,-0.8166344736000001,0.0002129791,0.0001651211,0.0016708984,4.1333333332999995,3.2857142857,4.2,1.75,2.0,2.6,3.8571428571,33,4.9751397495,0.2402673574,1.9708547484,1.0,0.0,4.6666666667,0.0833333333,3,-0.0033333333,-1.25,4.5416666667,0.2322042467,3.0,-0.006292012099999999,-2.6814964611,1.0,1.0,0.13096701600000002,0.6437449211,8.3,8.5,2.9995790217000002,0.3815504589,2.3930509343,-0.8029778698000001,0.8611111111,3.1666666667000003,2.8333333332999997,1.8333333333,2.5,3.5,4.0,5.666666666699999,3.6666666667,4.3333333333,3.1666666667000003,2.8333333332999997,2.5,3.1666666667000003,1.8333333333,5.0,-3.0388646012000002,1.5352277907,0.0,5.320134937200001,2.57724368,0.1925874435,1.2408420051,72.2222222222,66.6666666667,37.037037037,2.3333333333,5.75,2.875,2.0,2.125,2.4285714286,2.625,32,-1.4375347416,3.0903382679000004,18,173.0,7,1.0625,1.2,0.953251648,0.0011589369,1.0,0.0011088278,0.5277777778,0.0006324555,0.0015811388,0.0015811388,4,-0.6020514221000001,1.9074636526,0.3363612174,1.9655178853,-0.0363797802,4.2,375.5,2.6544163723,0.34919788840000004,1.5602158622,34.0,10.5,45,,,0.5803056543,17,1.3761691294,0.4817447242,2.0358461399000003,-1.1640847859999999,0.0,0.5833333333,0.9166666667,0.33333333330000003,78.0,0.2,0.5,0.5,0.30000000000000004,3.7279907963,0.4258178675,1.7720014472,-1.5885128729,0.49,0.10968859789999999,2.7913148911000003,0.2329494482,1.4691574943999999,0.07546825010000001,276.5,6.0,6.0,260.8333333333,3.2555473613999997,0.26123196519999997,2.5193009124000003,277.3333333333,307.3333333333,2.9765786143,0.32463403550000003,1.7429688415,30.0,33.0158027813,3.0735494607,0.26894666289999997,2.5415067859,-1.2004614611,2.5,3.0,2.0,1.0,4.0,62,-0.7063078711,-0.2496044226,2.3316471912,0.3352276728,1.6563332006,0.08412944929999999,0.4098318038,4.3,2.3333333333,2.1111111111,2.2666666667,2247.1666666667,2,10,3951.5833333333003,23.024674511399997,2.2364452905000003,2.5,1.3636363636000002,1.9166666666999999,1.5,2.0,0.20714367,0.1369455738
s439,1.6527770302,0.1192601556,1.9437997838999999,3.3,40.9090909091,0.2666666667,850,20.0,0.30000000000000004,400,-0.3899059742,-2.0495136973,2.4085254813,0.35786487240000003,1.2187027612999999,-1.1847151981,0.0028455915000000003,0.036190795899999996,0.1262988281,4.0,4.1071428570999995,3.5,2.75,3.5,2.8,2.5714285714000003,43,3.7977954444,0.2739755946,1.0924940022,1.0,0.0,16.8333333333,0.6166666667,3,-0.0173333333,-7.833333333300001,11.416666666700001,0.2504476276,3.0,-0.0099355416,-4.6732318711000005,1.0,1.7272727273,-0.04251518940000001,0.8898879492,8.7,6.9,3.3293007575,0.2934048841,2.1653361208,-0.2227351751,0.027777777799999997,1.6666666666999999,4.1666666667,1.0,1.0,2.1666666667,3.5,3.0,4.5,3.8333333332999997,1.5,2.0,4.6666666667,3.3333333332999997,2.1666666667,6.166666666699999,-2.3216775438,0.0061196178,0.0,5.320134937200001,3.3534166774000003,0.18519088179999998,1.39121997,50.0,55.5555555556,29.6296296296,3.8333333332999997,5.0,3.75,3.875,4.125,2.8571428571,2.625,41,-1.2083775268,3.5486526974,19,183.0,6,1.0625,1.4666666667,0.5813409686000001,0.0014487368,1.0,0.0018203864,0.6111111111,0.1265219767,0.158113883,0.158113883,2,-1.267062237,1.8111460936,0.3549804653,1.7075164616,-0.6249825165,4.6,279.1666666667,2.0678810239,0.2276060414,1.385231418,16.5,143.0,46,-0.5032158946,5.3762895115,0.5057742513,17,1.9487218863999998,0.44721594439999995,1.8618669385,0.09754780210000001,0.33333333330000003,0.6666666667000001,0.4166666667,0.75,117.0,0.4,0.7000000000000001,0.5,0.5,3.2466085708,0.3647512996,1.6745931802,-1.1258057038,0.4779411765,0.07152422509999999,3.6654233779000003,0.2781911795,1.0025660389,-1.0761622381,285.5,6.9,8.3,220.0,2.7169323839999997,0.2633842897,1.9224303583,184.0,222.6666666667,2.9794449857,0.29110802150000004,1.4242615382,38.6666666667,37.8918382914,3.1318450663,0.3148355961,2.0999070099,-1.5016832105000002,4.0,4.5,7.0,2.0,5.0,46,-0.9436453726999999,-0.0278935698,1.8005660288,0.26044622030000003,1.305284266,-0.07064959280000001,-0.5965014753,2.1,2.3333333333,2.3333333333,2.5333333333000003,1468.4314814815,10,8,4286.5,-0.4504682482,0.5950859674,2.6,1.6363636363999998,1.6666666666999999,2.0,2.4166666667,0.17608351600000002,0.2579547215
s440,0.7530866862000001,0.2125819385,1.0671539373,1.4,52.7777777778,0.4,900,30.526315789499996,0.3666666667,550,-0.1802679811,-0.9745285528,4.4505386334,0.3516111928,2.3379640921,-0.8551559129999999,0.0018495078,0.0035967865000000004,0.030546875,3.2,2.9642857143,2.7333333332999996,3.25,2.5,3.6,2.0,53,4.1075575405,0.276419648,1.4926967135,0.8333333333,0.1666666667,11.125,0.0791666667,2,-0.0001666667,-4.875,11.375,0.1200251889,1.0,-0.0028765743,-2.9647355163999998,1.0,1.3636363636000002,0.5059221124000001,0.2636682354,8.6,6.4,3.0491665792,0.3388738716,2.5566887510000003,-0.1712860642,0.1388888889,1.6666666666999999,1.5,2.0,2.6666666667000003,3.8333333332999997,4.6666666667,3.0,4.5,4.1666666667,3.3333333332999997,2.3333333333,2.6666666667000003,2.6666666667000003,3.0,5.0,-1.2273958054,1.1624737258,0.1910395678,4.9380558016,2.7948335552,0.2663362734,1.3872182361,72.2222222222,22.2222222222,22.2222222222,5.0,3.0,4.25,4.0,4.0,2.8571428571,3.75,44,-0.8075379761,4.3503317988,33,147.0,7,1.0,1.0,0.7121234894,0.0008184264000000001,0.8977050781,0.0017858348,0.6944444444,0.009797959,0.0256124969,0.06403124240000001,3,-1.0956969618,0.8636765964,0.4461707720000001,1.5355807524,-0.4199835594,5.3333333333,,,,,,,47,,,0.466197171,7,2.0089728217,0.5134477194,2.0279272576,-0.0024963341000000003,0.6666666667000001,0.5,0.4166666667,0.9166666667,130.0,0.2,0.2,0.6000000000000001,0.1,2.5524975182,0.4198697421,1.8281182307,-1.6937154731,0.40931372549999995,0.0508115196,4.3149007956,0.3101892543,1.5022949066999998,-1.2832848778000001,338.0,6.2,6.1,,,,,321.0,329.1666666667,2.2506193106,0.34844021159999994,1.2161374015000002,8.1666666667,17.4380733945,1.9364474104,0.3471255534,1.8256499975,-0.1815620211,6.0,6.5,6.0,5.0,5.0,44,0.0313007992,-0.0623287938,0.5169886727,0.0908091322,1.8424710969999998,-0.9399869145,0.035831884200000004,2.3,3.8888888889,1.8888888889,3.1333333333,3650.0119047619,7,3,6335.791666666701,1.7818839737999999,-0.2082970432,1.3,1.9090909091,2.0,1.9285714286,2.0833333333,0.1735041303,0.7257394383
s443,1.0568893279,0.1578182769,1.6376620750000002,1.9,54.0,0.4666666667,793,36.0714285714,0.5333333333,470,-0.7275478104,0.0871162145,4.546601899100001,0.3542677127,2.7757251012,-0.5494698187,0.0005597041,0.011765625,6.2621152344,2.6666666667000003,3.1071428571,2.5,4.0,2.75,3.8,1.7142857143,52,4.675217522900001,0.21923840500000005,2.2948308919,0.6666666667000001,0.0,18.625,0.07083333330000001,1,-0.0008333333,-4.0416666667,17.875,-0.054166666700000005,1.0,0.0008333333,-2.4214285714,1.0,1.3636363636000002,-8.673617379999999e-17,-2.0816681709999999e-16,8.9,8.0,1.7415170711,0.5065126044,1.8681192535,-1.0839594275,0.055555555599999994,2.8333333332999997,3.1666666667000003,2.1666666667,3.8333333332999997,3.1666666667000003,3.5,4.8333333333,4.6666666667,4.1666666667,2.1666666667,3.3333333332999997,3.8333333332999997,4.1666666667,6.333333333300001,6.666666666699999,-0.42229195119999996,-4.9183799793,-2.0970940065,1.1259469243,2.0595055146,0.34599731689999996,1.0221618668999999,27.7777777778,11.1111111111,25.925925925900003,6.833333333300001,5.75,4.5,4.0,4.5,4.1428571429000005,2.5,54,-0.8893284576999999,4.1867508355,37,150.0,3,1.0,1.8,0.6292142868,0.0009793858,0.8637496948000001,0.0014990717999999999,0.6666666667000001,0.0015811388,0.0256124969,0.0636371852,3,-1.5265592031000002,1.7789046924,0.349476571,2.027679088,0.0622760562,5.0,332.5,2.481985541,0.2756382128,2.1647571218,0.0,119.0,46,,,0.5373508218,12,1.8048631293,0.766273355,2.1188899218,-0.8750370714,0.6666666667000001,0.9166666667,0.5,0.9166666667,144.0,0.5,0.7000000000000001,0.8,1.0,2.7176422663,0.4680280024,1.7741466121,-2.0660760963,0.33580246909999995,0.0182268605,4.3696498459,0.27927689629999997,1.8463500094999998,-0.8977767593000001,325.0,5.2,4.9,301.5,2.8509781629,0.36014254380000005,1.5580856438,261.1666666667,278.6666666667,2.3759898176,0.37327789159999997,1.8049019188,17.5,98.10098019200001,3.4830277997000003,0.411990112,3.2781102657,-0.5420458188,4.0,6.0,7.0,3.0,6.5,20,-0.6705875177,-0.5141589561000001,1.4493798723,0.3784669199,1.6334170584,0.288751955,-0.138346884,1.9,2.8888888889,1.4444444444,2.6,3433.9907407407,2,8,4404.3333333333,1.0716738261,-0.6418538862000001,1.1,1.4545454544999998,1.9166666666999999,1.7857142857,3.4166666667000003,0.19399356329999998,0.6572922503999999
s444,1.6683883049,0.3592042978,1.4415988502,2.9,9.8965517241,0.033333333300000004,276,6.791666666699999,0.2,156,0.0045571197,-0.8615062148,3.6758753442,0.353265514,2.5426917084,-0.8547913705,0.0001935698,0.0018187637,0.0316933594,4.0,3.3214285714000003,4.5666666667,2.5,2.25,3.4,3.0,46,2.6694097830000003,0.21332390469999998,1.9373709568,0.1666666667,0.5,7.333333333300001,-0.025,2,-0.0026666666999999996,-1.1666666667,5.583333333300001,-0.022641903199999997,1.0,-6.510850000000001e-05,-0.9709933222,1.0833333333,1.1818181818,0.3106767944,0.6552189127,7.8,6.8,1.7984035536,0.39859440009999997,1.6273045388,-1.2748874108,0.19444444440000003,2.0,3.1666666667000003,1.8333333333,3.3333333332999997,4.0,4.3333333333,3.6666666667,5.1666666667,4.6666666667,3.0,1.6666666666999999,2.6666666667000003,2.5,2.6666666667000003,5.0,-1.3255317201,-0.4371056118,-0.5629734621,4.194188013,2.8756082672,0.1936240933,1.9187397169,66.6666666667,55.5555555556,37.037037037,5.5,3.75,4.25,4.0,3.25,3.7142857143,3.625,46,-0.8075379761,4.3503317988,24,180.0,7,1.125,1.1333333333,0.8120243073000001,0.0017951515,0.8875045776,0.0019007886999999998,0.6944444444,0.009797959,0.0256124969,0.0256124969,3,-0.9564553173,1.7616150856000001,0.6083049463,1.5507971799,-0.5139875519,4.6666666667,266.1666666667,2.8589119751,0.2543036543,2.1858512328,40.5,276.5,41,21.3335135227,-17.8179078222,0.3475217539,12,1.6411850205,0.4814325506,1.8614119375,-0.3399233225,0.8333333333,0.1666666667,0.9166666667,0.75,123.0,0.30000000000000004,0.4,0.7000000000000001,0.2,2.3640822338,0.2824613207,2.9072409331,-1.8639953956,0.5891089109000001,0.1030410611,3.3055151993000003,0.2777068594,1.4300595224,-0.8953105275000001,298.0,6.0,4.9,247.1666666667,3.4867898944999998,0.3477722224,2.3555190213,254.3333333333,281.5,2.9289613977999998,0.34660372149999996,2.2632120478,27.1666666667,126.87130750610001,3.7155405321,0.2713435242,2.4436272863,-0.8182106553,5.5,3.0,6.5,5.5,6.0,36,-1.6533030469,-0.1595250625,1.7368247232,0.2767950696,1.9532438266,0.8167497660999999,0.0755676768,2.5,3.7777777778,1.8888888889,2.9333333333,2190.4833333333,4,10,3020.6666666666997,-22.368897861999997,24.5852434807,1.9,1.8181818182,1.5833333333,1.1428571429,1.75,0.197842486,0.244265377
s445,1.4035425938,0.33993461659999996,1.3112447291,4.45,20.0,0.2,460,15.909090909100001,0.2666666667,335,-0.4432878707,-1.2325048886,3.5633132999,0.4483221163,1.0746301551000002,-0.7263283368000001,0.00029330800000000005,0.0005363464000000001,0.0041425781000000005,4.4,4.2142857143,4.3666666667000005,3.0,2.75,3.2,3.1428571429,50,4.315924468,0.2889261342,1.5082714207,0.8333333333,0.0,2.7916666667000003,0.07083333330000001,3,-0.0041666667,-1.7916666666999999,2.8333333332999997,0.0562047797,2.0,-0.0062894102000000006,-1.2759263319,1.0,1.1818181818,0.1686906602,1.0088319717,7.8,9.6,3.0349521254000003,0.46334023329999996,2.0216004361,-0.0462716832,0.6388888889000001,2.5,3.3333333332999997,2.3333333333,3.3333333332999997,3.5,4.1666666667,3.8333333332999997,3.6666666667,3.6666666667,3.1666666667000003,1.8333333333,2.1666666667,2.5,2.8333333332999997,4.8333333333,-4.0185448051999995,-2.329616478,0.3298219498,4.6604910377,3.417513208,0.228575014,1.4986636277,66.6666666667,0.0,44.4444444444,6.0,3.75,3.0,3.0,3.75,3.0,2.625,44,-1.1195720593,3.7262636324,23,181.0,6,1.0,1.2666666667,0.7629388809000001,0.0011875192999999998,0.9790039062,0.0020530422,0.7777777778,0.0006324555,0.0015811388,0.0038729833,3,-1.5685192387,1.8274228127,0.4873462346,1.4995185588,-0.26887435400000004,3.4666666667,341.1666666667,3.0536575487,0.3310866121,1.0835321859,34.0,29.5,46,-13.143158489600001,22.086370562800003,0.5108936493999999,11,1.8015786966999998,0.5527514393999999,1.4934460437,-0.36892394829999997,0.5833333333,0.0,0.4166666667,0.8333333333,117.0,0.1,0.4,0.7000000000000001,0.30000000000000004,3.4950661616,0.3750833432,1.6544754219,-1.3828405279,0.6167076167000001,0.07071430349999999,4.6777681857,0.29415155200000004,1.720324409,-0.2531788331,313.0,6.7,5.1,301.8333333333,2.8466600189,0.40480077369999995,1.1946105125,253.6666666667,301.3333333333,3.4810133636000002,0.34946261829999997,1.3483432852000001,47.6666666667,44.7258928571,1.8501254790000001,0.3487101078,1.5243013365,-0.44402093049999997,6.0,6.0,5.5,1.0,5.0,45,0.3830141852,-0.2476943218,2.1378443354,0.3453819468,1.4632414493,-0.9996990536,-0.1290569776,2.5,4.0,2.1111111111,3.0,2984.6166666667,6,9,3385.8333333333003,3.3634570537,-1.2039728043,2.2,1.5454545455000002,2.1666666667,2.0,2.0833333333,0.6444939448,0.5964793090999999
s447,1.0568735375,0.19826636879999998,1.7712891011,2.05,34.037037037,0.1,876,44.4666666667,0.5,620,-0.9390662358,-0.6623121346999999,2.9194320697000005,0.326026649,2.2764790664,0.1166745498,3.25322e-05,8.613300000000001e-05,0.0004869385,4.0,4.0357142857,3.9666666667,3.25,3.75,3.6,3.1428571429,41,3.9962202794999997,0.29343030330000003,1.1030340575,0.5,0.33333333330000003,20.0416666667,-0.07083333330000001,1,0.0008333333,-2.7083333332999997,22.1666666667,0.2439759036,2.0,0.00032713910000000003,-3.7033898305,1.3333333333,1.3636363636000002,0.2185630199,0.6612832612,8.1,7.0,2.5077360758,0.4445304084,2.438275409,-0.7583903776,0.8888888889000001,1.6666666666999999,1.6666666666999999,1.3333333333,2.8333333332999997,2.6666666667000003,5.666666666699999,6.333333333300001,5.1666666667,5.3333333333,3.0,1.0,1.1666666667,3.0,4.0,3.5,-0.8677795990999999,-0.9828143972,-0.556638505,2.8875701281,1.6822259259,0.05855858980000001,2.5784626504,55.5555555556,66.6666666667,74.0740740741,5.3333333333,6.25,4.125,3.125,3.875,2.7142857143,2.75,43,-0.7625664513,3.9332268227,25,134.0,3,1.3125,1.7333333333,0.7904842377,0.001833355,0.8710342406999999,0.0017533939,0.6388888889000001,0.0006324555,0.0006324555,0.0006324555,5,-1.3074130739,2.150800071,0.548111684,1.6502105694,-0.4597740203,4.2,,,,,,,38,,,0.36753598049999997,15,1.6586401693000001,0.4885396454,2.4606423513999998,-0.7996105938,0.4166666667,0.6666666667000001,0.4166666667,0.4166666667,105.5,0.30000000000000004,0.6000000000000001,0.7000000000000001,0.30000000000000004,2.8821624142,0.44865829049999995,2.04004281,-0.9573242115999999,0.4341463415,0.0151919987,2.4596138828000003,0.27851789239999997,1.4192976998,-0.35130607189999996,292.0,6.9,7.6,267.6666666667,3.816403283,0.404098585,1.4840257884,264.6666666667,302.6666666667,2.7102442226999996,0.2994031499,1.2842547518,38.0,45.6772784706,2.096898021,0.3151192573,1.6433717542,-1.3895520396,6.0,6.5,4.0,2.0,5.5,51,-0.3379117397,0.17858845129999998,1.670742811,0.14714302140000002,1.9069914822,-0.8843918071,-0.3046797148,3.3,3.2222222222,3.8888888889,3.8,1728.9444444444,0,12,3501.8333333333003,-0.4931451578,0.43078291609999997,2.0,1.9090909091,2.9166666667000003,2.8571428571,3.0,0.30204783290000004,0.4373795111
s448,1.7291313743999999,0.30228074120000004,1.7895654933,2.55,39.0,0.2666666667,819,22.590909090900002,0.2666666667,477,-0.8632828486,0.2552298255,3.8791618569999997,0.3179310682,2.1374779459,-1.0661393816,8.26315e-05,0.0007731780999999999,0.0323964844,3.7333333332999996,4.3928571429000005,4.6,3.0,3.0,3.6,3.1428571429,47,4.7782935206,0.32235344650000003,1.5526887677,0.33333333330000003,0.5,13.708333333299999,0.0291666667,2,-0.0125,-5.958333333300001,7.958333333300001,0.0060667341,2.0,-0.0166491405,-3.771991911,1.3333333333,1.2727272726999999,0.08787878789999999,1.0718360071,7.9,9.4,2.6420996287,0.5000251018,2.3308234364,0.5720338295,0.1666666667,1.1666666667,4.6666666667,1.3333333333,3.3333333332999997,3.8333333332999997,4.6666666667,3.0,4.1666666667,3.3333333332999997,2.0,1.1666666667,5.833333333300001,2.5,4.0,5.3333333333,-1.1663277041,-1.1940978039,-0.4250370944,3.1507729495,2.1631769182,0.1642571316,2.7415943995000003,66.6666666667,55.5555555556,22.2222222222,6.166666666699999,4.75,3.875,3.375,2.875,3.0,3.75,53,-0.8075379761,4.3503317988,22,182.0,5,1.3125,1.7333333333,0.6783995152,0.0019649079,0.9,0.0024368025,0.6666666667000001,0.003935979300000001,0.009797959,0.0256124969,2,-1.6516614149000002,0.3944316588,0.6712557472,1.6490084071000002,-0.202913208,4.2666666667,294.5,1.9356367958,0.355090422,1.3567272525999998,34.5,92.5,45,17.3597269521,-16.8576710462,0.5780258574,10,1.8740859159,0.4700363697,2.3628940994,-0.23881589670000003,0.4166666667,0.0833333333,0.6666666667000001,0.9166666667,125.5,0.1,0.30000000000000004,0.7000000000000001,0.9,4.0791894276,0.4202618126,2.3792257544999997,-1.388876213,0.3645320197,0.0315076908,4.7110807953,0.29909687830000004,1.7998239443000001,-0.4942839951,291.0,6.9,5.6,195.5,2.7675007254,0.2229431847,4.0290735676,206.5,251.5,2.694379773,0.3262132236,1.4527762177,45.0,33.3407738095,2.4792657255,0.4519596077,1.7534289749,-1.2821894778,7.0,5.5,6.0,4.0,6.5,31,0.5374456266000001,-0.0555508917,1.7525127357,0.37122385399999996,1.7705120319,-0.9507318733,-0.7037264738,3.2,3.3333333332999997,2.1111111111,3.8,2364.785,1,9,3895.0,0.9437100117,-0.6203098565999999,2.2,1.6363636363999998,2.75,2.4285714286,3.3333333332999997,0.14265118840000002,0.28528269289999997
s454,,,,,25.6153846154,0.1333333333,638,18.8260869565,0.23333333329999997,413,-0.0417582173,-3.7524868496,0.6083999881000001,0.37098185969999997,1.3147472276999999,-0.34988439740000005,7.8455e-06,0.0020030899,19.5415166016,3.9333333333,3.5357142857,4.4,3.0,2.5,3.2,2.7142857143,58,3.3804667082999997,0.2422609184,1.5159130931,0.0,0.6666666667000001,9.9583333333,0.37083333329999996,2,-0.0061666667,-5.375,13.333333333299999,-0.0165921561,2.0,-0.0048278805,-1.4836415363,1.25,1.8181818182,0.0903422076,1.005251926,6.6,6.6,1.8812266444,0.41851657329999997,2.0391233058,0.4796885928,0.75,1.6666666666999999,2.8333333332999997,1.5,1.0,3.6666666667,6.5,5.3333333333,7.0,6.5,4.0,1.3333333333,2.1666666667,1.1666666667,1.1666666667,3.8333333332999997,,,,,,,,55.5555555556,0.0,7.4074074074,4.8333333333,2.0,3.5,3.625,4.125,2.7142857143,2.75,53,,,35,202.0,9,1.125,1.0666666667,0.6674293518000001,0.001098527,0.7175274849000001,0.0014002268,0.3888888889,0.0002011893,0.0004,0.0038729833,4,-2.5786006072000003,1.0400236225,0.2912497448,1.3028362031,-0.9928275944,4.2666666667,337.3333333333,2.4817434354,0.25960413050000003,1.7917999983,-40.0,48.5,45,-5.3540962209,5.1160384972,0.3493219382,2,2.219649468,0.4380961106,2.3349670959999997,0.0271781113,0.5,0.4166666667,0.33333333330000003,0.75,123.0,0.0,0.0,0.2,0.1,2.6785580315,0.3147513743,2.6778420746,-0.8969440958,0.3037037037,0.0282577887,2.7065167187,0.29490301700000005,1.5349390985,-0.9030613634,366.5,5.2,4.9,455.5,2.9514480923,0.2597373612,1.5421436833000002,314.6666666667,388.1666666667,2.8171036345999996,0.3425290409,1.5607932365000001,73.5,-17.508771929799998,1.9516911453,0.2952292096,1.9778205931,-2.1626171129,7.0,6.0,6.0,1.0,3.0,41,-0.3830429505,-0.2408567812,0.5876491222,0.1098790319,2.0692231707,-0.1876369801,-0.09412123720000001,3.3,3.6666666667,2.6666666667000003,3.1333333333,3439.1,12,5,3889.6666666666997,-0.3527610446,0.5714502456,1.5,1.3636363636000002,1.3333333333,1.0,1.25,0.8091498951999999,0.17717458630000002
s455,1.5670261501,0.2265414857,1.4873663667,2.2,25.2727272727,0.2666666667,531,14.826086956500001,0.23333333329999997,321,-0.5589418014,-0.5017674532999999,3.5601756814999996,0.35390055649999996,2.1920989634,-1.0861790648,0.0013875997,0.007728759799999999,0.111875,3.8,3.1785714286,3.5,3.25,2.25,2.6,3.4285714286,43,3.2202463463,0.2611907287,1.6720367498000002,0.6666666667000001,0.33333333330000003,15.75,-0.0833333333,0,0.009000000000000001,1.5,17.2083333333,-0.0624868615,0.0,-0.0012318688,-0.18299348329999998,1.0,1.0909090909,0.0947597965,1.0518073085,6.3,5.7,1.0356912536,0.4624770025,1.849831173,-1.9673073975,0.1388888889,1.0,2.5,1.1666666667,1.6666666666999999,2.5,4.6666666667,4.1666666667,4.8333333333,3.6666666667,2.1666666667,2.5,4.8333333333,4.0,2.1666666667,4.6666666667,-1.3747427916,-2.7770813911000003,-0.8453108148,1.6906216296,2.1791340941999997,0.23952890079999997,1.0836048245999998,33.3333333333,33.3333333333,18.5185185185,6.833333333300001,6.75,3.75,1.75,3.875,2.5714285714000003,2.625,47,-0.5402436899,4.8849203713,25,159.0,9,1.125,1.2,0.6526859282999999,0.0018274360999999998,0.7252599716,0.0024192216,0.6666666667000001,0.009797959,0.06403124240000001,0.06403124240000001,1,-2.5069429803,1.4107161106,0.3278644317,0.9579371328,-0.2136047109,4.8,,,,,,,46,1.2163541163,1.6694009893,0.5341048855,1,0.9941598085,0.4288426436,1.9144566439,-0.0746383344,0.5833333333,0.6666666667000001,0.4166666667,0.5,107.0,0.2,0.1,0.5,0.0,2.2298578549,0.42666800969999996,1.4601511597,-1.9566701188,0.38,0.030094804399999998,3.4780310884,0.2733308005,1.5956662735,-0.0582221445,328.0,5.4,4.8,,,,,,,,,,,,2.3876648625,0.3535800982,1.7230064098,-1.7296953135000002,4.5,5.5,4.0,2.0,3.5,44,-0.33259624579999997,0.0962955608,0.6444147211,0.0219132527,1.9600427306,-0.0343433231,-0.2890874175,4.3,4.3333333333,3.2222222222,3.4,1678.9283333332999,13,8,4502.3333333333,,,2.0,1.5454545455000002,2.25,2.3571428571,1.8333333333,0.5658278140999999,0.2272438096
s457,0.9892807893,0.2869273745,1.3624190418000002,1.85,49.052631578900005,0.3666666667,887,17.555555555599998,0.4,296,0.3804400995,-1.3018005984999999,3.2549689056,0.3945477296,1.5553069168,-0.9264497951,3.78855e-05,0.0001181583,0.004078125,2.5333333333000003,3.8571428571,4.7,3.75,3.25,3.6,2.2857142857,54,7.5506619821,0.2150788054,2.1709188209,0.8333333333,0.0,14.916666666700001,0.075,2,-0.009000000000000001,-2.9166666667000003,21.3333333333,-0.0355915066,1.0,-0.0070159757000000005,-3.1539939333,1.0833333333,1.9090909091,0.18286485989999998,0.5566059329999999,8.8,9.2,2.9314112076,0.4123863872,2.0432503481,-0.010696298799999998,0.8055555556,1.6666666666999999,2.5,1.0,3.6666666667,4.5,2.3333333333,4.3333333333,4.0,3.5,1.1666666667,1.8333333333,2.1666666667,1.1666666667,2.0,6.5,0.3973327021,0.08064735599999999,0.0,5.320134937200001,5.0266136146,0.1635574401,7.582995875,11.1111111111,0.0,11.1111111111,5.833333333300001,2.0,4.625,4.875,5.0,3.5714285714000003,4.125,44,-0.9575666758,4.0502743994,38,162.0,8,1.125,1.4666666667,0.6787423134,0.0009547538,0.8045763015999999,0.0012106305,0.7222222222,0.0006324555,0.0015650846,0.0015811388,4,-0.9272237834,2.3469990302,0.39180526649999997,1.8331631245,-0.2049010869,5.466666666699999,253.8333333333,3.3916343901999997,0.2702093459,2.0702791837,13.5,214.0,43,10.5345085743,-7.858768862200001,0.3489343568,15,2.4743753269,0.714267847,1.9789740447,0.17163351719999997,0.9166666667,0.75,0.9166666667,0.8333333333,134.0,0.6000000000000001,0.6000000000000001,0.9,0.4,3.3233045486000004,0.4356326423,1.2899868516,-2.6372016572,0.5637254902000001,0.0356150048,4.2824184581,0.2896449552,1.4158426447,-0.8936792003,276.5,4.5,4.5,244.6666666667,4.809720307,0.3115798687,1.3850005531999998,226.6666666667,244.6666666667,3.7794892052999995,0.3257831223,1.4547515816999999,18.0,31.0546722591,3.7165694931,0.3289499989,2.3752100239,-0.9656962606999999,7.0,6.0,6.5,6.5,7.0,36,-0.1123407853,-0.4252192894,2.3870016065,0.3552124386,1.472132496,-0.6607534195,0.2979808578,1.8,3.8888888889,2.4444444444,3.4666666667,3740.0,-3,5,6359.0,0.3112508188,1.0726368023000001,1.5,2.2727272727,1.3333333333,1.0,2.3333333333,0.6224135713000001,0.6657150176000001
s458,1.1349905948999999,0.13929431620000002,1.7401403872,2.2,29.318181818200003,0.2666666667,615,25.0,0.23333333329999997,550,-1.1807527407,-1.2671517376,3.0442437404000002,0.3477569612,1.2943253642,-2.1475539021000003,0.0010222756,0.0042067566,0.0100732422,5.4,4.7142857143,6.8666666667000005,2.0,2.75,3.4,3.4285714286,25,4.9011780964,0.27312304860000003,1.3600450253,0.6666666667000001,0.1666666667,5.666666666699999,-0.05833333330000001,2,-0.0073333333000000014,-1.75,17.2916666667,0.2534501175,3.0,-0.012113223700000002,-5.0393078402,1.8333333333,1.4545454544999998,-0.2799525064,0.8575006493,6.7,7.1,2.6408898408000003,0.3764956875,1.5417793466999998,-0.1009010036,0.44444444439999997,2.0,2.0,2.1666666667,2.8333333332999997,2.6666666667000003,4.3333333333,6.166666666699999,4.3333333333,4.5,3.3333333332999997,2.3333333333,1.6666666666999999,3.0,2.6666666667000003,4.5,-2.2301328047999998,0.3180404665,0.0,5.320134937200001,3.7751382162,0.016248694299999998,3.027011247,27.7777777778,66.6666666667,48.148148148100006,5.0,2.25,2.875,3.5,3.0,2.4285714286,2.125,39,-1.0170844173,3.9312389163,13,251.0,9,1.8125,1.3333333333,0.8345733643000001,0.0014595834,0.9984375,0.0012144263,0.6944444444,0.0038729833,0.009797959,0.0256124969,3,-0.2656409368,1.6830082767,0.4028929981,2.1091731434,-0.722742882,3.9333333333,278.5,2.8441167969,0.3047171001,1.0991953363,10.0,35.5,28,-18.922824077,30.4591868981,0.2717522162,15,1.9935248962999998,0.39222288899999996,1.790783153,-0.6354554758000001,0.33333333330000003,0.0,0.0833333333,0.0833333333,64.0,0.2,0.30000000000000004,0.6000000000000001,0.4,3.6769714416,0.39729452090000006,1.5813267413999998,-2.7020963393,0.4716049383,0.0680437099,2.8968524249,0.2758873562,1.302907759,-0.5192822810000001,307.5,6.7,6.2,273.1666666667,3.5205384513999998,0.3076946518,1.4699348053,222.3333333333,254.5,4.4274390378,0.2709825128,2.3417390726,32.1666666667,39.8443629785,2.4834630187,0.3405953271,1.642371483,-1.2444263049,3.5,3.0,2.0,5.5,3.0,67,-1.1990386954,-0.4712614468,1.134020647,0.2662499528,1.6967324018,0.5439415568,-0.229141046,4.1,2.4444444444,4.0,2.6666666667000003,1590.3390909091,24,6,2200.9166666667,0.8733421486,-0.5485659517,3.5,2.6363636364,3.25,1.4285714286000002,2.1666666667,0.8793803336,0.1449898818
s460,0.8563301772,0.1365995325,1.7731869484,1.8,33.5789473684,0.3666666667,608,18.9565217391,0.23333333329999997,416,-0.7127394464,-1.3664501712000001,2.6972460113,0.3416968024,1.4473171801,-0.9020006234000001,0.00013928710000000002,0.0021614838,0.0247314453,2.9333333333,2.9285714286,4.0,1.5,1.5,3.2,3.7142857143,48,5.828619227999999,0.30785751640000003,1.3152605289,0.8333333333,0.1666666667,7.625,0.1625,3,-0.0071666667,-2.9583333332999997,9.75,0.2051330008,3.0,-0.0106309227,-2.532003325,1.0,1.0,0.31022243260000004,0.8650418047,7.3,6.1,2.1730582081,0.4378661732,1.6237013954,-0.2531258795,0.3888888889,2.0,2.5,1.0,2.0,3.1666666667000003,4.8333333333,3.6666666667,6.333333333300001,4.1666666667,2.6666666667000003,1.8333333333,1.8333333333,1.5,2.3333333333,3.3333333332999997,-1.2925595583,-0.9576977433,-0.3884511935,3.7790742791,2.7692933298,0.3019360289,1.3392936296,50.0,66.6666666667,29.6296296296,4.6666666667,4.75,4.5,2.5,3.625,2.5714285714000003,2.5,42,-0.6440351222,3.6961641644,26,115.0,6,1.0,1.0666666667,0.8476997376000001,0.0012394507,0.95,0.0016679160999999998,0.6111111111,0.009797959,0.009797959,0.0256124969,2,-0.7357340764,1.8803302516999998,0.4648736120000001,2.036826195,-0.1247427514,4.2,340.5,3.3346593126,0.37097214009999996,1.3490066056,39.0,60.5,45,23.636039192800002,-10.1081658101,0.53791219,11,1.4276402746,0.4132609917,1.7746150338,0.0458238077,0.25,0.75,0.6666666667000001,0.9166666667,114.0,0.0,0.5,0.30000000000000004,0.1,3.4200618697000005,0.3743198435,1.2445053171,-2.3956815547,0.5422885572,0.1307553574,4.2098126967,0.30880258110000003,1.8546726511000002,-0.0197184925,312.0,6.9,6.3,386.5,3.7137953742,0.42005394450000005,1.3357608963,256.0,343.3333333333,4.0181835639,0.080183721,3.8082468556999998,87.3333333333,53.50423728810001,2.8999977821,0.385700322,1.6599345656,-0.6165900404,5.0,5.5,3.5,1.0,2.5,37,-0.8614625809,0.2891221498,1.8220719456,0.35227489430000003,1.8363302161000001,0.7039001974,-0.3736883853,2.8,3.8888888889,1.7777777778,2.6,2241.0266666667003,11,8,3456.0833333333003,3.5835189385,0.6286086594,1.7000000000000002,1.0,1.3333333333,1.2142857143,1.25,0.8815918948999999,0.32856693940000004
s463,0.7415318162000001,0.1576375914,2.21782175,1.85,53.125,0.4666666667,755,30.1111111111,0.4,510,-0.09846772960000001,-1.0203427255,3.7387317701,0.3554099028,2.5240943218000003,-0.40164184659999996,0.0003399867,0.0040856018,0.0418896484,4.0666666667,4.3928571429000005,5.4,2.0,3.0,3.0,3.0,20,3.6278671134,0.3134415501,1.4471515809,0.6666666667000001,0.1666666667,7.791666666699999,0.1125,3,-0.0091666667,-1.7916666666999999,10.4166666667,0.1596428571,2.0,-0.027385714300000003,-3.0369047619,1.4166666666999999,1.0909090909,0.0156278728,0.9254918182999999,8.3,8.5,2.0328138675,0.5255240228,2.0251175249,0.5634240032,0.25,2.6666666667000003,3.6666666667,1.6666666666999999,1.8333333333,4.1666666667,4.8333333333,4.8333333333,4.1666666667,3.6666666667,3.3333333332999997,2.3333333333,1.8333333333,4.3333333333,1.6666666666999999,6.666666666699999,-3.0727600946,-0.5238015439,0.1910395678,4.9380558016,2.4851809522,0.0568666888,2.649925645,5.5555555556,88.8888888889,62.962962963,3.5,3.0,3.0,3.25,1.875,2.4285714286,2.375,30,-0.7625664513,3.9332268227,17,147.0,7,1.5,1.3333333333,0.6922149658,0.0008671108999999999,1.0,0.0013141611,0.6388888889000001,0.0256124969,0.0256124969,0.0256124969,2,-0.8991344356000001,1.7195390413999998,0.4172145361,1.7879187419999998,-0.39423555130000004,3.4,291.8333333333,1.9360080289,0.2802389753,1.5182188138,51.5,102.5,35,12.699948445999999,-7.263375485599999,0.5855357495,10,1.5132000248000002,0.5768152151,2.1141258474,-0.8791720853,0.0833333333,0.5,,0.0833333333,59.0,0.5,0.5,0.4,0.4,2.261688409,0.4759949208,1.629599483,-1.7237624294,0.4751243781,0.0466881163,4.0758719994,0.354341,1.3731640831,0.32265583410000004,323.0,6.7,5.6,283.8333333333,3.2499192727999997,0.4016305425,1.3824143854,252.8333333333,275.5,2.9036735841000003,0.3708011978,1.4773228562,22.6666666667,9.6892702771,2.3821128962,0.4201244377,1.6304652796,-1.4496616158000002,3.5,1.0,1.5,1.0,6.5,58,-1.1490670356000001,-0.9811233973,1.1340503115,0.3769613682,1.872220505,0.6695642887000001,0.4169577194,4.6,3.1111111111,4.1111111111000005,3.7333333332999996,1698.89,14,9,2736.4166666667,1.363537374,-0.6359887667,3.3,2.2727272727,3.4166666667000003,3.0714285714,2.3333333333,0.16891186489999999,0.1470948391
s464,0.4099443271,0.008294592,1.3810272669,1.15,32.6923076923,0.1333333333,800,40.625,0.4666666667,600,-0.6630416518000001,-1.4517797486000001,2.8213026682,0.43541527939999997,1.7064830488,-0.7800979148999999,0.0005852322,0.0016902160999999998,0.0191894531,3.6,3.1785714286,3.2666666667000004,2.5,2.5,2.8,3.1428571429,59,0.9000775368,0.0261917093,1.8161522583,0.0,0.6666666667000001,18.125,0.1208333333,0,0.0021666667,0.7083333333,15.375,0.05,1.0,-0.0004117647,-1.8676470588,1.1666666667,1.1818181818,-0.0259759967,0.7878190095000001,6.5,5.7,0.5092622596999999,0.4627846441,1.6428869874,-1.3869009055,0.8888888889000001,1.5,2.5,1.3333333333,2.8333333332999997,3.1666666667000003,5.3333333333,5.666666666699999,6.166666666699999,5.5,3.6666666667,1.1666666667,2.8333333332999997,1.6666666666999999,2.3333333333,4.1666666667,-2.3998954367,-2.1881923686,-1.1498474865,1.2948905264,1.1673313015,0.0229026766,1.6107236441,27.7777777778,22.2222222222,22.2222222222,5.1666666667,4.0,3.25,2.25,4.0,2.2857142857,2.875,50,-0.7514882369,3.1862189410000004,29,,9,1.125,1.0,0.8642578125,0.0017518944,0.706350708,0.0015427573000000002,0.6111111111,0.0006324555,0.0004,0.0002011893,2,,,,,,5.666666666699999,355.6666666667,1.0616705211,0.333542661,1.2076312064,-42.0,-19.0,46,,,0.6214688403,3,1.0272771118000001,0.5188240739000001,1.6932890663999998,-0.1747850059,0.5,0.6666666667000001,0.5833333333,0.9166666667,115.0,0.1,0.0,0.1,0.0,2.4617111248,0.4777881819,1.6365421584000002,-0.8843282949,0.3521126761,0.010682016200000002,1.741542704,0.3416335842,1.329014474,-0.8144846250000001,403.0,6.6,4.6,346.1666666667,2.0372518672999997,0.3838773158,1.4690198124,493.5,536.0,1.7100703281999998,0.33093783920000003,1.5374355306,42.5,-7.529976303300001,1.5815463629000002,0.4054892149,1.4854411722,-1.1224902868000002,5.5,5.5,4.0,3.0,4.5,31,,,,,,,,3.5,3.8888888889,2.6666666667000003,2.8666666667,2422.7740740741,14,7,2689.4166666667,-0.2799623489,0.6390799593000001,1.9,1.5454545455000002,2.25,1.0714285714,1.5833333333,0.30243387600000005,0.3719508652
s465,0.8762051202000001,0.316831427,2.0290284912,2.2,48.181818181800004,0.2666666667,1000,18.888888888900002,0.4,320,-0.7411037454,-0.8780252904000001,3.4877569335,0.4839094518,2.7527451226,-0.8476307899000001,0.00024367509999999998,0.0027232056,0.02896875,3.9333333333,3.2857142857,3.5,3.0,3.0,3.8,2.5714285714000003,56,1.8858568678999998,0.2486792152,2.5791537173,0.33333333330000003,0.5,16.9166666667,0.05833333330000001,2,-0.0043333333000000005,-4.3333333333,17.2916666667,0.1009656652,2.0,-0.0025373391,-5.0656652361,1.0,1.4545454544999998,0.5387979596,0.1273364382,7.7,5.8,1.9371394319,0.823356344,2.7180994277,-0.31540614489999996,0.5555555556,1.0,2.3333333333,1.0,5.3333333333,4.1666666667,4.6666666667,2.5,5.3333333333,3.3333333332999997,1.3333333333,1.1666666667,3.3333333332999997,1.0,5.1666666667,5.666666666699999,-0.4112024713,0.2240057527,-0.5724086694,3.3663605720999996,1.7920518003,0.28016761630000003,1.9738277106,66.6666666667,66.6666666667,44.4444444444,5.833333333300001,4.25,4.5,4.0,2.75,4.7142857143,4.125,53,-1.2494826612,3.4664424285,33,122.0,6,1.125,1.6,0.8465061187999999,0.0008668525,0.7994915962000001,0.0008072553999999999,0.3611111111,0.0038729833,0.0038729833,0.009797959,5,-0.30645793120000003,1.9132612767,0.4672961951,2.0621091258,-0.3712390696,5.0,358.0,2.5751498704,0.3471600244,1.9302494793,-7.0,184.5,46,15.165558393900001,-10.8854783059,0.6293952577,15,1.0893847304000002,0.7314891683,2.2313190766999997,-0.7727621165,,0.8333333333,0.8333333333,0.8333333333,119.0,,,,0.9,2.3365733722999997,0.497195902,2.0964713361,-0.2807475324,0.3643410853,0.042550830899999996,3.7663596257,0.2322190199,2.0640848093,-0.8953554622000001,333.5,6.8,5.6,278.3333333333,3.9150643301,0.4200626701,3.0728140845999996,328.1666666667,319.8333333333,3.0226535285000002,0.460933305,2.297719543,-8.3333333333,102.3658210233,1.7186689196,0.4238805642,1.9056703975,-1.19111169,7.0,6.5,3.5,6.5,5.0,43,-0.216282251,-0.872408527,1.4934353933000002,0.35539390200000004,2.0297575712,0.05780065190000001,0.8716648760000001,2.4,4.5555555556,2.3333333333,3.4666666667,3852.0,-21,1,8754.25,0.44183275229999996,0.2513144283,1.4,1.1818181818,1.75,1.5,3.5833333332999997,0.7957090673999999,0.30740870870000003
s466,0.531302076,0.11020505679999999,1.9828059143999999,1.85,13.7142857143,0.0666666667,368,9.7916666667,0.2,227,-0.5000361811999999,-0.8850581546999999,4.1839450176,0.29004507360000004,3.4986239202,0.1147144006,0.0044881784999999995,0.0479899902,0.14129492189999998,2.9333333333,3.1785714286,4.6,3.5,2.0,3.6,2.8571428571,48,3.8717569283999995,0.27431634109999997,1.3243512322,0.6666666667000001,0.1666666667,6.708333333300001,0.0791666667,0,-0.0035,0.0416666667,4.9166666667,0.2594047619,2.0,-0.0012904761999999999,-2.144047619,1.0,1.9090909091,0.1279994147,0.4554964885,8.9,7.9,1.7930164902,0.5074076794,2.4483158562000003,-1.6581631962,0.0,1.8333333333,2.8333333332999997,1.6666666666999999,1.5,2.5,6.0,5.3333333333,5.833333333300001,6.0,4.3333333333,1.5,2.1666666667,2.1666666667,1.1666666667,3.6666666667,-0.7177921324000001,-0.4283904111,0.0,5.320134937200001,5.2869402466,0.1958825377,7.753261391900001,38.8888888889,33.3333333333,25.925925925900003,6.0,4.0,4.75,4.25,4.125,3.5714285714000003,3.75,43,-0.9575666758,4.0502743994,38,187.0,10,1.0,1.2,0.7083417892,0.0010019975,0.9890625,0.0009966661999999999,0.6111111111,0.06403124240000001,0.06403124240000001,0.158113883,3,-0.3427429198,1.2792209873,0.45463764479999996,2.1296709884,-0.7421647326999999,5.466666666699999,309.1666666667,3.8599305794,0.2762205632,2.524362602,-14.5,90.0,48,32.5177317881,-26.6922765779,0.7020750746000001,11,2.2546806382,0.5730840986,1.9985965237,-0.5749902264,0.8333333333,1.0,1.0,0.8333333333,134.5,0.30000000000000004,0.30000000000000004,0.5,0.2,2.72666676,0.43259129259999995,1.6634882893,-2.096816956,0.382133995,0.0376904056,3.3938001529000004,0.29378138719999997,1.7029093475,-1.3527695575999998,315.5,5.1,4.0,272.8333333333,3.6386771908999997,0.3640701817,2.2928252458,276.3333333333,268.3333333333,3.4466832126,0.3653343607,1.5840897231,-8.0,47.17588652479999,2.8100758218,0.3810968485,2.6576974528,-0.7133943860999999,6.0,6.0,6.0,3.5,6.0,62,-0.566936325,-0.4838970246,1.4769147792,0.1368937287,2.4793385897999998,0.2061697679,-0.19352077059999997,3.5,3.2222222222,2.2222222222,2.7333333332999996,5848.25,-12,2,8381.2083333333,0.9400072584999999,-0.1823215568,1.6,1.3636363636000002,2.0,2.0714285714,2.3333333333,0.6714391576000001,0.2790955482
s470,1.3804632380000001,0.21790857859999999,1.5798990345,2.55,32.5,0.4,550,10.0,0.33333333330000003,190,-0.7697561337000001,-0.5556747404,4.4249039433999995,0.27798911940000004,2.3947599265,-0.26555842539999996,0.0101576962,0.0182125244,0.034832031299999996,3.3333333332999997,5.3928571429,5.833333333300001,2.0,3.5,3.6,3.5714285714000003,32,6.0643188337,0.2442031929,2.1507754346,0.8333333333,0.1666666667,9.5416666667,0.3125,2,-0.0035,-2.4583333333,11.083333333299999,0.1569117647,2.0,-0.00040756300000000006,-4.5304621849,1.5833333333,1.5454545455000002,-0.1107614555,0.6307412399,8.7,8.1,3.1249780657,0.5177995397999999,2.8311435924,0.7553957557000001,0.25,2.5,3.6666666667,2.8333333332999997,3.3333333332999997,3.5,5.3333333333,5.666666666699999,4.8333333333,4.0,3.0,1.6666666666999999,4.5,4.3333333333,2.5,5.5,-2.6693449852,1.8268117157,0.0,5.320134937200001,2.3359147194,0.0025751262,2.250788352,44.4444444444,11.1111111111,25.925925925900003,5.3333333333,1.5,5.0,4.875,4.75,2.7142857143,2.875,36,-0.7017421781000001,4.5619233948,20,152.0,5,1.375,1.4666666667,0.8016897202000001,0.0008600621,0.9938232422,0.0013159543,0.6666666667000001,0.0256124969,0.0256124969,0.0256124969,6,-0.34248297510000003,1.9482772815,0.35840951860000003,2.5124298611,-0.3206718851,5.466666666699999,310.6666666667,3.8378861858,0.32046168010000003,1.9651717866,74.0,46.0,38,,,0.5663985341000001,15,1.8546386363,0.4798183397,2.1926354369,0.0288088361,0.0,0.6666666667000001,,,73.0,0.0,0.4,0.5,0.4,3.0212318344,0.4134234837,2.4590867488,-1.1421845871,0.4264705882,0.0458298933,5.1198085076,0.31932164100000004,2.0862968219,-0.7643303456,244.0,6.9,6.6,294.6666666667,3.2321082281,0.3304651255,2.6043055688,209.8333333333,218.6666666667,3.807364821,0.30083990310000003,1.9912020049,8.8333333333,49.5426617874,3.1685210827,0.3422410717,2.0070400218,-1.2349801928,4.0,1.5,1.5,5.5,3.0,44,-1.3766843429,-0.3582499589,1.6494910627,0.3450794639,1.9636975068,0.9506926804000001,-0.0686682069,3.2,4.1111111111000005,3.3333333332999997,3.8666666667,2203.5833333333,5,10,3501.9166666666997,1.9199773822,-1.3516088031,2.9,2.0909090909,2.6666666667000003,2.0714285714,2.75,0.8455318787,0.7425756593
s472,0.9005247793000001,0.0799402317,1.4674226822999998,1.4,32.8125,0.4666666667,500,45.1176470588,0.43333333329999996,740,-0.5613192743000001,-1.4294710811000002,2.3792073662999997,0.40475971270000005,1.2702363422,-0.08255081310000001,0.0117159724,0.029017334,0.2244599609,2.8,2.9285714286,3.7,1.0,1.25,2.4,2.5714285714000003,48,4.9376412449,0.3010512613,1.5605872567,0.0,0.8333333333,8.875,-0.0125,1,-0.0021666667,-3.875,9.6666666667,0.023667551600000003,1.0,-0.0010843373,-2.9836634674,1.0,1.2727272726999999,-0.051184400899999996,0.7464391804,6.7,4.2,0.438885002,0.4491949032,1.1479372456999999,-1.6555549386000001,0.0,1.0,1.0,1.3333333333,1.1666666667,2.8333333332999997,5.0,7.0,4.8333333333,5.0,2.1666666667,1.3333333333,1.0,2.5,1.0,5.3333333333,-3.0399246905,-1.1284968990000002,-0.2074957263,3.4832325413,3.0947054757999997,0.3259261278,1.1826799686,44.4444444444,33.3333333333,18.5185185185,4.1666666667,2.25,4.625,3.375,4.0,3.1428571429,3.5,35,-1.2890129855,3.38738178,25,117.0,10,1.0625,1.0,0.6570756674,0.001066822,0.7081039429000001,0.0011506331,0.44444444439999997,0.25,0.25,0.25,1,-1.8021022194,1.7806781177000002,0.4090398196,1.1914105188,-0.44370011789999997,5.4,382.0,1.5037305203,0.028214739000000006,2.0082266371,38.5,0.5,46,,,0.4824668846,8,1.0550831201000002,0.4174746938,1.3797279211000002,-0.5287262802,0.5833333333,0.5,1.0,0.5833333333,121.0,0.0,0.2,0.6000000000000001,0.0,2.9858495225999997,0.4116593209,1.2324143241,-1.7235347774,0.27318295740000004,0.0191353688,2.7318469622,0.3113045578,1.3256520901,-1.6058636615000002,397.0,5.8,4.5,372.5,2.6685983956,0.3658254517,1.3551136552,,,,,,,,2.2380843547,0.4000803576,1.64243763,-2.0149960657,6.0,6.0,6.0,2.0,4.5,47,-0.7028279354000001,-0.0345504219,0.7309549748,0.054204160599999995,1.8554277298,-0.0333914858,-0.6499225356,1.8,3.6666666667,2.4444444444,2.2,1900.0744047619,28,6,3804.1666666666997,0.22001365829999997,-0.6061358036,1.7000000000000002,1.1818181818,1.3333333333,1.0,1.0,0.8695873854,0.21140494399999998
s474,1.4188850326,0.3471285811,1.9840555017,2.3,40.476190476199996,0.30000000000000004,810,40.0,0.33333333330000003,760,-0.18717714359999998,-0.3737909108,3.817332874,0.3686899845,1.7740178401,-0.6022169854,0.0014708937,0.0174545898,0.06879296879999999,3.4666666667,3.4642857143,4.0666666667,3.0,3.5,3.2,2.8571428571,50,4.470936779700001,0.2870525762,1.5417700427,1.0,0.0,10.0416666667,0.0041666667,1,0.0001666667,-6.041666666699999,9.375,0.2610349127,3.0,-0.012364921,-3.4921030756,1.1666666667,1.9090909091,-0.0454486458,0.6903175565,8.9,7.0,1.7324551703000002,0.4592272219,1.8714134281,-1.0509801754,0.027777777799999997,2.5,2.5,2.6666666667000003,2.8333333332999997,3.3333333332999997,5.666666666699999,5.833333333300001,5.5,4.3333333333,4.5,2.1666666667,2.0,2.0,2.0,2.1666666667,-1.1019319983,-0.4416205859,-0.7548590440999999,3.8104168489999997,2.6100566932,0.0309325846,3.7949813793,44.4444444444,22.2222222222,40.740740740700005,4.5,3.0,3.75,3.25,4.125,2.4285714286,2.5,42,-1.0170844173,3.9312389163,25,164.0,7,1.0,1.1333333333,0.6641467333000001,0.0010550596,0.9854003906,0.0023881964,0.5555555556,0.009797959,0.0256124969,0.06403124240000001,2,-0.8512062762999999,2.0284917122,0.4279761321,1.957654706,0.1084078743,3.6,227.8333333333,3.9521682210000004,0.33028836629999997,1.9571620147,8.5,59.5,47,,,0.5608484821999999,18,1.1761728795,0.6904461248999999,1.7878905483,-0.6890541001,0.5,0.4166666667,0.5833333333,0.33333333330000003,117.0,0.4,0.1,0.30000000000000004,0.0,3.1289523747000003,0.422400991,1.841370908,-1.0618563184,0.4938574939,0.0829597968,2.7833875888999997,0.3351294373,1.5976892093000001,-0.34790311869999996,273.5,8.3,6.5,261.6666666667,3.8365252911,0.3727172666,1.2860978642,225.0,259.6666666667,4.0979321061,0.2988615216,2.2008965811000003,34.6666666667,33.1065987431,2.814771822,0.4535567313,1.6513689566999998,-1.4601629068000002,6.0,6.0,5.0,5.5,6.5,46,-0.0641084355,0.1964863818,1.160844282,0.04442718019999999,2.2156895943,-0.1134758364,-0.259168024,2.8,4.0,2.8888888889,3.2666666667000004,2298.0316666667,5,9,5864.333333333299,1.8118002200999999,-0.8472978604000001,2.0,1.9090909091,2.0833333333,2.0,2.0,0.8337617930000001,0.4987129157
s476,1.2752714495,0.3328876894,1.1519305531,2.65,29.1666666667,0.2,667,21.3,0.33333333330000003,400,-0.7606707723,-1.5362103650999999,3.5196312995,0.3718218315,1.7832278944,-0.8942440868000001,0.00021596849999999998,0.0037851409999999997,0.0212226563,3.8,3.3214285714000003,4.3333333333,2.0,1.5,3.4,3.0,44,5.2880679131,0.26239790560000004,1.8532543890000002,0.8333333333,0.1666666667,11.833333333299999,-0.0666666667,2,-0.0016666667,-3.3333333332999997,13.458333333299999,-0.00125,1.0,0.00025,-4.6125,1.0,1.4545454544999998,-0.1279602649,0.7934701987,6.7,6.6,3.1678043807,0.447648746,2.1120182497,2.0602961713999997,0.30555555560000003,1.6666666666999999,3.0,1.0,2.0,2.6666666667000003,4.1666666667,3.8333333332999997,4.0,4.1666666667,3.1666666667000003,2.1666666667,1.3333333333,2.6666666667000003,1.6666666666999999,3.5,0.001832238,0.16943789450000002,0.0,5.320134937200001,3.765745892,0.1136747908,4.0255287591,5.5555555556,11.1111111111,11.1111111111,4.0,5.25,4.625,4.25,4.75,3.5714285714000003,2.125,38,-0.9575666758,4.0502743994,25,259.0,6,1.0,1.0,0.6417560577,0.0008920786,0.9628295898,0.0013957345000000002,0.5277777778,0.0015650846,0.009797959,0.0256124969,2,-0.5911035666000001,2.0697264083,0.3762596793,1.8352674561000002,-0.8584750637999999,4.6666666667,240.1666666667,3.6643565001,0.3752376044,1.7103612016999998,-1.0,72.0,48,-9.258558731499999,24.689261084899996,0.4803337564,16,1.7500444772,0.4977251167,2.1657554116,-0.0917096247,0.1666666667,0.6666666667000001,0.9166666667,0.1666666667,122.0,0.30000000000000004,0.30000000000000004,0.2,0.0,4.2099176944,0.4212593736,1.9966934758000001,-2.0194864559,0.4044117647,0.0040858356000000005,5.2538953072000005,0.2757776165,1.9759640086,-0.918395168,331.5,5.7,5.3,282.0,5.2806702322,0.35928166899999997,2.0145611563,239.0,260.0,3.7724333436,0.34919016750000004,1.4677548135,21.0,27.2647776044,3.3027938037,0.2981600222,3.4128825771,-0.9166184739,5.0,6.0,6.5,2.5,4.5,41,-0.9998185902,0.4047483075,3.014808153,0.32561049940000003,2.0644549715,-0.1188906241,-0.8598562765000001,2.0,4.3333333333,2.5555555556,1.6666666666999999,2230.81,5,7,3933.6666666666997,2.2424388256,1.0881409888,2.0,1.2727272726999999,1.6666666666999999,1.0714285714,1.1666666667,0.8807649258,0.31605507850000003
s478,0.6153798161999999,0.0095086556,1.67458879,1.35,25.925925925900003,0.1,675,23.75,0.33333333330000003,460,-0.0010933948,-1.4854916557,2.8898768139,0.34827221210000003,1.7927044380000001,-0.9160816536,23.748474609400002,3.5467216797,0.1256416016,3.2666666667000004,3.0714285714,2.7666666667000004,1.75,1.75,3.2,3.1428571429,59,4.117547716,0.2726559562,1.6765659756,0.1666666667,0.5,13.416666666700001,2.359223927e-16,0,-0.002,-0.8333333333,11.75,0.0660200123,1.0,0.0025542169,-4.6771492751,1.0,1.2727272726999999,0.27919864910000003,0.9312864598999999,7.5,5.8,1.2298700188,0.4270419781,1.3776052415,-1.3652827249,0.1388888889,2.6666666667000003,1.0,1.0,1.0,3.6666666667,4.6666666667,5.666666666699999,6.333333333300001,4.0,2.1666666667,1.5,1.1666666667,1.3333333333,1.0,5.1666666667,-1.1091674034999999,-0.0995784783,0.0,5.320134937200001,3.2485919483999997,0.2650275031,1.9473740278,16.6666666667,44.4444444444,25.925925925900003,4.6666666667,2.25,4.75,3.0,4.125,2.8571428571,3.0,47,-1.0170844173,3.9312389163,37,158.0,7,1.0,1.0,0.6401567459,0.0012486062,0.7495637417000001,0.0012758748,0.5833333333,0.158113883,0.25,0.25,2,-2.0714648858,0.5128614485,0.4040598533,1.4443543573,0.0827311132,4.4,293.3333333333,4.1430775711,0.2715405873,1.9716464302,24.5,-28.5,48,-7.1250294789,7.645740698099999,0.3527624629,10,2.1673165728,0.37788486270000005,1.5565407809,-0.248775335,0.75,0.5833333333,0.4166666667,0.9166666667,140.0,0.1,0.0,0.4,0.0,2.6753222859,0.35449980490000005,1.6978300501,-3.5138809525,0.4547738693,0.0491413534,4.1077917158999995,0.2566386523,1.3602451144,-1.4924474309,328.0,5.0,4.9,,,,,287.5,318.6666666667,3.4560960091000004,0.28634844579999996,1.9224508105000002,31.1666666667,-42.8860728225,1.9630255228,0.351475417,1.9051013012,-1.8669774206,7.0,7.0,5.0,4.0,4.0,42,-1.0649660531,-0.36946165259999997,1.1397693601999999,0.3062509751,1.4577409385,-0.031266829600000004,-0.3007399469,2.4,3.3333333332999997,2.1111111111,2.1333333333,4577.2222222222,-10,6,4962.0,0.7812649429999999,1.0296194172,1.0,1.1818181818,1.25,1.0714285714,1.4166666666999999,0.8768263901000001,0.5690737204
s479,1.0198655086,0.1031045962,1.7419923509,2.05,38.368421052600006,0.3666666667,681,19.8823529412,0.43333333329999996,321,-0.1663558599,-0.5617811454,4.4622315283,0.36326617479999995,3.2202324964,-1.6839211791,0.0004039905,0.000747551,0.0148222656,2.0,2.5714285714000003,2.2,3.0,2.75,3.6,2.5714285714000003,62,5.6771149705,0.2798542227,2.4990461572,0.5,0.5,26.125,0.0125,1,-0.0081666667,-0.7916666667000001,22.625,-0.09198833029999999,1.0,-0.0019991023,-1.5116696588999998,1.0833333333,1.6363636363999998,-0.1428531907,1.0488795647,8.2,6.4,2.3991412013,0.4831145401,1.7699351898,-1.316910641,0.1388888889,1.0,1.5,1.0,2.5,3.8333333332999997,6.333333333300001,6.5,7.0,5.3333333333,3.6666666667,1.0,1.3333333333,1.0,2.3333333333,4.5,-0.7581870878,-5.3382096636,,,1.2959756658,0.3950402053,1.4848560572999998,33.3333333333,0.0,14.8148148148,6.166666666699999,4.5,5.0,4.25,4.5,3.7142857143,3.75,54,-1.1195720593,3.7262636324,40,229.0,6,1.125,1.4,0.7603970051000001,0.0009800402,1.0,0.0008894508,0.5277777778,0.0015811388,0.009797959,0.0256124969,3,-0.8686717423999999,2.2914556306000002,0.4655033186,2.2513852591999997,-0.7173115741,5.8666666667000005,298.5,3.6200836788,0.3544288734,1.7945212728,-5.0,92.5,45,-5.0446157323000005,11.1573884329,0.4688243626,8,1.466680465,0.4791151736,2.0730065136,-0.4451991878,0.8333333333,0.5833333333,0.75,0.8333333333,144.0,,0.1,,,3.1900382144,0.5452898832,1.6927451402,-1.1885577106,0.5392156863,0.0831293062,4.8267653163,0.31690492789999997,2.2271257097999997,-0.4584130258,304.5,5.6,6.1,283.1666666667,4.8728324963,0.30660961010000004,4.2643248261,282.6666666667,307.0,4.5160482862,0.3390645986,2.3998398094,24.3333333333,96.972897372,3.8496834576,0.4045594172,2.4017163084,-1.2416859901000001,7.0,7.0,6.5,6.0,7.0,36,-0.7120134988,-0.9711521051,1.9576165845,0.36441844240000004,1.9082638655000002,-0.5811058103,0.6833549981,1.4,4.4444444444,1.6666666666999999,3.0666666667,2481.6866666667,1,9,4922.25,-1.0780906529,2.5156783085,1.0,1.3636363636000002,1.0,1.3571428571000002,2.4166666667,0.8628239184000001,0.3552881207
s480,1.3080124405,0.25372848870000003,1.4249328188,2.15,28.263157894699997,0.3666666667,500,17.0,0.2,378,-0.5164097663,-0.5291404276,4.0150974417,0.3604446105,2.4079007518,-1.457926294,0.0026694821999999996,0.0070578003,0.0071962891,3.2666666667000004,2.8928571429,5.1333333332999995,2.25,2.0,3.4,3.7142857143,47,5.3677985389,0.2405209475,1.7425817858,0.8333333333,0.1666666667,4.3333333333,0.05,2,-0.0036666666999999997,-2.2204460489999999e-16,3.6666666667,0.05833333330000001,3.0,-0.0043333333000000005,-0.5833333333,1.0,1.0909090909,0.1652170527,1.0609227334,9.3,8.5,3.2010785408999998,0.4835234727,1.8178112745,0.5736566332,0.9166666667,1.3333333333,2.1666666667,1.0,1.3333333333,3.5,5.1666666667,4.3333333333,4.0,5.3333333333,4.0,1.0,1.6666666666999999,2.6666666667000003,1.3333333333,5.833333333300001,-5.214440036,-1.8229503291999998,-0.23315151239999998,3.5345441135000004,2.9179248331,0.1575017575,1.7593709066,5.5555555556,0.0,0.0,4.0,4.75,4.5,3.125,3.0,2.4285714286,3.0,33,-0.9575666758,4.0502743994,31,178.0,9,1.0,1.0666666667,0.957421875,0.0010899559,0.9947265625,0.0013512465,0.8055555556,0.0006324555,0.0015811388,0.0038729833,2,-1.4090685563999998,1.6295807795,0.42204519189999995,1.4950821018,0.0412326137,4.5333333333,300.5,2.4490276328,0.30979021290000003,1.2246405692,50.0,7.5,44,6.5806550203,-4.0055036473,0.33578778229999995,6,2.0636562113,0.5871914574,1.71075308,-0.9229028932,0.6666666667000001,0.5,0.5833333333,0.75,113.0,0.0,0.4,0.8,0.1,4.0496565403,0.45067487520000005,1.8092895504,-2.2780138798,0.5990220049,0.0828686503,3.6098067645,0.2740090093,1.9185212788,0.2614949371,283.0,5.8,4.8,277.5,4.8171191061,0.3457312086,1.4820020412000001,258.0,241.1666666667,3.5335150595999996,0.30150308130000003,1.9260275748,-16.8333333333,-27.6185281385,2.78776219,0.4478722674,1.9511352609,-1.7364457859,6.5,5.5,2.5,1.5,5.0,39,0.2821652671,-0.0273419213,1.486509972,0.3068715381,1.5847586880000002,-1.21603931,-0.8582754639,3.5,1.6666666666999999,2.1111111111,2.2666666667,2798.6203703704,-5,8,4999.1666666667,-0.2436905032,0.4700036292,1.5,1.2727272726999999,1.4166666666999999,1.0,1.4166666666999999,0.8587423953000001,0.3433470422
s482,0.7528497762,0.2087642057,1.6583513386000002,1.85,19.1666666667,0.2,450,7.916666666699999,0.2,183,-0.093039927,-0.5922217949,3.2232066403,0.1295092491,3.1345486361000003,-0.16179033550000002,0.0019805276,0.025251342799999996,0.032443359399999996,3.6,3.7857142857,4.6666666667,2.25,3.5,3.6,2.1428571429,32,3.8444139386000002,0.26046752030000003,1.458846654,0.8333333333,0.1666666667,8.375,0.1458333333,1,-0.0041666667,-3.125,13.458333333299999,0.020212766,1.0,-0.0064326241,-3.975177305,1.0833333333,1.0,-0.0177523711,0.6674471681,8.0,7.1,1.844904862,0.3914135817,2.0868272767,0.12569083109999998,0.30555555560000003,2.0,2.3333333333,1.0,4.1666666667,4.3333333333,5.0,6.166666666699999,4.8333333333,5.5,3.1666666667000003,2.1666666667,1.5,2.6666666667000003,3.6666666667,5.833333333300001,-1.8392657869,-0.1828350089,0.0,5.320134937200001,3.3632904950999998,0.1323721197,2.8315451011,61.111111111099994,44.4444444444,29.6296296296,4.8333333333,5.25,2.5,2.375,2.375,3.8571428571,3.25,48,-0.8075379761,4.3503317988,29,121.0,6,1.1875,1.4666666667,0.5974589943999999,0.0009369441,0.8902950644000001,0.0012862491,0.6111111111,0.06403124240000001,0.0256124969,0.06403124240000001,4,-1.053740002,1.5377017276,0.417321865,1.8004988529,-0.34603293770000004,3.7333333332999996,259.3333333333,3.270558199,0.27592269,1.3512251349000002,2.5,40.5,46,-31.5948961363,36.2176753911,0.6407170567,11,1.3828136468,0.402451092,2.1540423892,0.15310074869999998,0.0833333333,0.1666666667,0.25,0.4166666667,99.0,0.2,0.30000000000000004,0.6000000000000001,0.7000000000000001,2.3921973246,0.3933852964,1.7011674021,-2.2504429391,0.4962779156,0.052270718099999995,2.7127515554,0.2382052834,1.6436795472999999,-0.4192332267,276.5,6.3,6.3,236.3333333333,4.1033949705,0.315473783,1.8727649028,217.3333333333,241.5,4.3064676477,0.2962881282,2.4325709538,24.1666666667,86.2463276836,3.3672642123000003,0.38405401659999994,1.8979228019,-1.9146558853,6.0,6.5,6.5,1.0,7.0,44,-0.6451334266000001,-0.481728342,2.0014832523,0.2817006388,1.9104893868,0.28002090420000003,0.2425331661,3.9,3.7777777778,3.6666666667,2.6,1866.9515151515,6,9,2344.1666666667,-0.2597634828,0.2468600779,1.3,1.2727272726999999,2.3333333333,1.0714285714,3.0,0.8145426786000001,0.28322599530000003
s485,1.0214278132999999,0.020610986,2.1052053422,2.25,12.833333333299999,0.0,373,12.2592592593,0.1,319,0.30487468230000003,-0.7051907034,2.7648426302999995,0.40227493840000006,1.8092397297999998,0.0383179355,0.0092106289,0.0005070782000000001,6.7394296875,5.466666666699999,3.7142857143,4.6666666667,3.0,3.25,3.8,3.2857142857,29,2.8667497674,0.2313799354,1.9080494898,0.1666666667,0.6666666667000001,11.666666666700001,-0.0666666667,0,0.001,0.25,15.166666666700001,-0.0007092199000000001,1.0,0.0023049645,-3.5904255319,1.4166666666999999,1.2727272726999999,-0.1600426932,0.4680885885,7.6,7.8,1.1937534895,0.4234851896,1.9109659896,-1.5050087353,0.19444444440000003,3.1666666667000003,3.1666666667000003,1.3333333333,3.8333333332999997,4.5,4.8333333333,6.333333333300001,4.8333333333,4.1666666667,2.0,2.5,2.0,3.0,5.1666666667,5.833333333300001,-2.0747689988999998,-1.3652532758000002,-0.5769915314999999,2.8372255301,1.8726204851,0.2532417206,1.6517776659,27.7777777778,33.3333333333,48.148148148100006,1.1666666667,5.0,2.5,2.25,2.5,3.1428571429,3.375,53,0.12676200640000002,5.711883738200001,18,168.0,8,1.25,1.8666666666999998,0.7656909942,0.0014622158999999999,0.880078125,0.0017481509,0.7222222222,0.0256124969,0.0250474647,0.0256124969,3,-0.6493065148,1.2746625837,0.4444509375,2.0047094379,-0.4861885719,2.9333333333,,,,,,,45,4.7187181976999995,-5.031656522,0.6941134398000001,9,1.330522443,0.5251455864,1.9516291255000002,-0.0489205633,0.5833333333,0.0833333333,0.6666666667000001,0.6666666667000001,101.0,0.5,0.6000000000000001,0.6000000000000001,0.9,2.3454251389,0.4437245292,1.5469779516000002,-1.5663660376,0.4732824427,0.0144392829,2.136239406,0.27354960920000004,1.2918594462000001,-1.127966507,404.0,5.8,5.5,268.3333333333,2.468255401,0.29387134600000003,2.1340920645,213.0,260.8333333333,2.6671497062,0.3153083832,2.2274248344,47.8333333333,53.903290246800005,2.1837502965,0.3082489775,2.3370859044,-0.49088264859999997,2.5,3.0,2.0,1.5,5.5,35,-0.36020237969999996,0.1703160131,1.4890361661000002,0.0684138391,2.6849216756,-0.33868358979999996,-0.2614700287,3.7,2.0,1.3333333333,3.4,1851.5511904762,23,4,2962.8333333333003,0.32686470030000003,-0.5508309584000001,2.8,2.0,2.5,2.9285714286,3.3333333332999997,0.5335571387,0.4040221020000001
s486,1.2372137613,0.4353813709,1.3765941394999999,2.5,44.1052631579,0.3666666667,808,24.1428571429,0.30000000000000004,492,-0.3011446331,-0.9008819711,4.0821507589,0.40172740520000005,3.1102784217000004,-1.0550326631,0.0018513974,0.0208620605,0.0590087891,3.9333333333,4.7142857143,4.8333333333,3.0,3.75,3.6,1.5714285713999998,55,3.47468039,0.29748794640000004,1.6428101333,1.0,0.0,10.6666666667,-0.0666666667,1,-0.0006666667,-2.8333333332999997,10.0416666667,0.0842467139,2.0,-0.014969868600000002,-2.9504550051,1.1666666667,1.8181818182,0.0584095707,0.4676284307,8.8,6.7,2.2486305449,0.5942967954,2.1782460844,0.016255349199999998,0.055555555599999994,3.1666666667000003,5.0,3.1666666667000003,6.0,4.6666666667,5.0,4.3333333333,5.0,4.1666666667,4.1666666667,2.0,5.3333333333,3.5,5.833333333300001,5.666666666699999,-0.9090764190999999,-0.1201682892,-0.3719338943,3.8121088774,2.3078015981,0.2757794756,2.624493888,50.0,11.1111111111,18.5185185185,6.666666666699999,4.75,3.5,4.625,4.625,3.7142857143,3.625,55,-0.9575666758,4.0502743994,29,247.0,3,1.375,2.0,0.6945617676000001,0.0006909899,0.9968261719,0.001013318,0.6388888889000001,0.0256124969,0.06403124240000001,0.0256124969,5,-0.5148994845,1.4447707665,0.5631892333,2.4094928294,-0.3717253906,4.2,413.6666666667,3.3597076058999997,0.3112044283,2.1192977664,53.0,74.0,37,3.5003278536,0.5744240136000001,0.6715414085,16,1.6505457497,0.8280762967,2.2560930131,-0.4125186916,0.5833333333,0.5,0.9166666667,0.8333333333,135.0,0.7000000000000001,0.7000000000000001,0.8,1.0,2.5070073496000003,0.120626765,4.6205858239,-0.8231335481000001,0.4353233831,0.0435683617,3.9259899404,0.3064265216,1.4948278005000002,-0.0193902971,279.0,6.5,5.9,274.1666666667,4.6676575043,0.2762689501,2.9245301516000004,281.5,332.5,3.0138425076999997,0.34676115160000004,1.6673972589,51.0,24.424914509,2.9088194383999997,0.3314562479,2.6343620625999997,-0.4354645176,6.0,5.0,7.0,5.5,7.0,35,-1.0554368181,-0.9123914267,1.6673420474,0.3385821392,2.4535844375,0.1316352711,-0.4395052056,2.0,3.7777777778,2.4444444444,4.2666666667,2857.9481481481,5,8,4408.75,2.5982353351,-0.8912170943000001,1.7000000000000002,2.5454545455,1.5,1.0714285714,3.9166666667,0.8417794818000001,0.3639927815
s493,0.7551532109,0.18617747269999999,1.3722558409,1.1,29.565217391300003,0.23333333329999997,642,27.894736842100002,0.3666666667,500,0.1692143168,-0.6347516464,3.5473185307,0.42230634409999995,2.7063056888999997,-0.7228100987,0.0001254878,0.0016857032999999999,0.025686523399999998,3.5333333333,3.2857142857,3.6333333333,2.0,2.25,3.2,3.2857142857,52,3.177921516,0.3128200816,2.2523569409,0.8333333333,0.1666666667,12.833333333299999,1.249000903e-16,1,0.0003333333,-2.5833333333,11.541666666700001,-0.0502463054,1.0,0.000954023,-3.5718390805,1.0,1.7272727273,0.2409421767,0.8737553136,7.5,5.5,1.831796526,0.44459257729999996,2.1594361848,-0.9601247274,0.1388888889,1.1666666667,2.0,1.3333333333,2.8333333332999997,5.3333333333,6.333333333300001,5.0,6.333333333300001,3.8333333332999997,3.1666666667000003,1.0,2.6666666667000003,1.6666666666999999,2.0,5.833333333300001,-0.14448964849999998,0.0737067579,-0.26185826370000004,2.8244152882,1.5802509318,0.2399796335,2.0659915028,61.111111111099994,11.1111111111,22.2222222222,4.5,4.0,3.875,4.375,3.375,3.4285714286,4.75,37,-1.0170844173,3.9312389163,33,173.0,9,1.0,1.2666666667,0.807939148,0.0008985939,0.9922607421999999,0.0015697374,0.6111111111,0.0099597577,0.06403124240000001,0.06403124240000001,2,-0.6474185764,1.1730158176999999,0.42658077,2.057661919,-0.4944207686,4.6,398.3333333333,2.1719783816,0.3428160559,1.4033836478,6.0,16.0,46,,,0.5864145299,5,1.3248230725,0.5383176922999999,2.0388354058,-0.6459690494,0.75,0.75,0.9166666667,0.9166666667,132.0,0.0,0.4,0.6000000000000001,0.30000000000000004,2.039300623,0.5148314043000001,2.274699647,-1.1745930939,0.29675810469999997,0.0127948877,2.7166515797,0.3013568625,2.3049437486,-0.718358774,316.0,6.1,5.2,272.0,3.0511966788,0.39610916549999997,2.2848021581,267.8333333333,303.3333333333,1.9354783274,0.3305976539,1.4124765497999998,35.5,105.0737784228,2.3210962476,0.3361504642,2.650565695,-1.0951442942,5.5,6.0,3.5,4.5,5.0,28,-0.4581405473,-0.1079953199,1.6251906319,0.0142617363,2.8613348809,0.0385411267,-0.099834521,3.7,3.8888888889,2.4444444444,2.6666666667000003,3087.0466666667,1,9,4467.75,-21.471369276300003,22.825228361700002,1.7000000000000002,1.8181818182,1.8333333333,1.0714285714,2.0,0.8529312918999999,0.4384512057
s494,1.1562259956999998,0.2076016253,1.6385569069,2.15,40.1111111111,0.4,677,24.55,0.33333333330000003,475,-0.14591870699999998,-0.5577763064,3.511667441,0.42639685759999996,2.0716872249000002,-1.7074722533000002,0.0006112986,0.0012593231,0.0334326172,2.0,2.8214285714000003,2.9333333333,3.5,3.0,3.8,2.7142857143,62,5.3428479417000005,0.2943516734,1.6888779906,0.33333333330000003,0.6666666667000001,15.375,-0.0041666667,2,-0.0045000000000000005,-1.2083333333,22.1666666667,-0.0294047619,0.0,0.0004904762000000001,-0.680952381,1.0833333333,1.3636363636000002,-0.16009589770000002,0.9461729711,8.5,6.3,2.94581376,0.4257700485,2.2371855313999998,0.9189351605,0.027777777799999997,1.1666666667,1.5,1.0,2.0,4.3333333333,6.166666666699999,6.166666666699999,7.0,5.5,3.1666666667000003,1.0,1.3333333333,1.0,2.0,4.0,-2.9065849974,0.1576002993,0.0,5.320134937200001,3.3813459112,0.0118000547,4.0182943436,27.7777777778,0.0,18.5185185185,6.333333333300001,5.0,5.0,4.375,4.625,4.1428571429000005,4.375,52,-1.0705413209999999,3.8243251091,39,235.0,6,1.125,1.1333333333,0.7939270019,0.0012151714999999999,1.0,0.0011903436,0.6111111111,0.0015811388,0.003935979300000001,0.0256124969,4,-0.6436326604,2.5819411678999997,0.4933766715,1.8996005467,-0.4156787868,5.8,300.6666666667,4.7651832207,0.3531814395,2.1526855967,44.0,4.5,45,0.9527421001999999,6.1591918413,0.5675561607999999,7,1.6624928512,0.5407771161,2.0925159238999997,-0.0048758903,0.9166666667,0.5833333333,0.75,,148.0,0.4,0.1,0.5,0.2,3.5663324166000003,0.4540673825,1.8254566844,-1.5618255167,0.4466501241,0.0158952046,3.7915498042,0.3284887937,1.8516910714,-0.6170156021000001,332.0,6.0,6.0,305.8333333333,4.0046221347,0.34854098270000006,1.8504745637,298.1666666667,307.6666666667,6.269807655599999,0.2858645657,4.2376566933,9.5,62.4958333333,4.0220053834,0.4172103231,2.6449050977,-1.1371195336,7.0,7.0,7.0,6.0,7.0,28,0.6640586432000001,0.37296011520000005,2.0898282218,0.3563915018,1.9554876780000001,-0.9560063728,-0.42568511439999995,1.1,4.5555555556,1.5555555556,3.1333333333,2120.0833333333,-1,9,5537.75,-0.7799258425000001,1.6993861491,1.0,1.1818181818,1.0833333333,1.0,2.0,0.8812996015000001,0.211538988
s495,0.7923990062,0.016514171499999997,2.2071950895,1.8,30.217391304299998,0.23333333329999997,675,28.5714285714,0.30000000000000004,585,-0.1195537587,-1.5812617899,3.976903146,0.3873542624,2.2238473537,-0.5686421864,4.865100000000001e-05,0.0014350281,0.0013232422,3.6666666667,4.0357142857,4.9666666667,2.0,2.0,2.8,3.0,48,3.7732228479,0.2615170378,2.073752921,0.6666666667000001,0.33333333330000003,8.25,0.0916666667,3,-0.0046666667000000005,-2.6666666667000003,22.25,-0.0473296888,0.0,0.0022102607,-1.0218671152,1.0,1.0,-0.0135538607,0.5283936384000001,8.6,7.2,1.4628391517,0.3388934051,2.5072278542,-1.3363358846,0.25,2.6666666667000003,3.5,1.8333333333,2.5,4.5,6.166666666699999,5.666666666699999,5.0,5.5,4.0,1.3333333333,1.8333333333,2.6666666667000003,1.6666666666999999,4.3333333333,-0.5048471518000001,0.3750688478,-0.3840599251,3.7702917423,2.3097295153,0.0170085219,3.3327260991000003,66.6666666667,55.5555555556,29.6296296296,5.666666666699999,2.75,4.0,3.875,3.375,3.7142857143,3.875,44,-0.9575666758,4.0502743994,32,150.0,6,1.0,1.0666666667,0.9014892578,0.0015891229,0.84140625,0.0016269857,0.5833333333,0.003935979300000001,0.009797959,0.009797959,2,-0.142759083,1.3845010366,0.470761631,2.1828921547999998,-0.034846106,4.7333333333,234.6666666667,3.6531906173000004,0.3383113031,2.1931437199,-10.5,110.0,46,2.6368250944,-2.2047560902,0.5444854609,8,1.6082180869999998,0.5626744190999999,2.4754375028999998,0.1183042538,0.6666666667000001,0.75,,0.8333333333,117.0,0.2,0.1,0.7000000000000001,0.1,2.7382503892,0.4135439514,1.8930351648,-1.7991245272999998,0.4430379747,0.0533451578,3.0853975925,0.3654400539,1.9483647724,-0.4021418269,315.5,6.1,6.0,430.3333333333,3.1397067323,0.3894566619,1.4836163886000002,325.0,381.6666666667,4.0635596325,0.3658127914,1.7445825106,56.6666666667,-18.1196078431,2.0102681391,0.34364692290000004,2.1889609754,-1.2633122153,5.5,5.5,5.0,1.5,3.0,45,-0.1613211363,0.0683057181,1.8188466117,0.332662086,2.0856871653,-0.3178192834,-0.6499867483,3.0,3.5555555556,2.2222222222,2.6,4208.7380952381,-3,7,5910.75,-1.0565710377,1.4245155739,2.1,2.0909090909,2.0,1.8571428571000002,1.9166666666999999,0.8493878673999999,0.4021572049
s496,0.9933945239,0.0904828331,1.6994295562,2.05,10.222222222200001,0.1,266,11.7407407407,0.1,306,0.0284658181,-0.9186769986,4.0971855941,0.37556047950000004,1.9225721444,-0.6580485729000001,0.0013011318,0.0013171004999999998,0.2316191406,6.466666666699999,4.6785714286,4.3,2.75,3.25,3.4,2.5714285714000003,38,5.4026723038,0.2795520299,1.3778633829,0.33333333330000003,0.33333333330000003,12.208333333299999,0.0958333333,2,-0.0105,-3.2083333332999997,7.708333333300001,-0.0014705882000000002,1.0,-0.0041764706,0.625,1.3333333333,1.9090909091,0.2213537864,0.9221010927,7.8,6.6,2.9561054625,0.4956943070000001,2.2717863741,-0.28801115990000004,0.5833333333,2.1666666667,4.3333333333,1.3333333333,3.6666666667,4.3333333333,4.6666666667,3.5,4.8333333333,4.5,3.1666666667000003,2.3333333333,3.6666666667,3.6666666667,2.5,6.666666666699999,-2.2597167389,-1.4286935158,0.1910395678,4.9380558016,2.7659859896,0.2183482295,1.6480397855000002,27.7777777778,0.0,22.2222222222,5.0,2.75,3.375,3.5,2.25,3.0,4.0,43,-0.8075379761,4.3503317988,23,200.0,3,1.625,1.7333333333,0.5,,0.5981097221,0.0012038734,0.6388888889000001,0.0038729833,0.009797959,0.009797959,2,-0.6644368079,2.3807282752,0.4725407744,1.7535859384999999,-0.6212484502000001,3.4666666667,298.1666666667,4.0560028174000005,0.31772803780000003,1.2632775951000002,31.0,71.5,36,,,0.4748288653,13,2.0914931862,0.5985525345,1.8284242451,-0.7013163726,0.5833333333,0.0833333333,0.75,0.33333333330000003,110.0,0.4,0.6000000000000001,0.7000000000000001,0.7000000000000001,4.1398597361,0.3720130712,1.3103401628,-2.6177441566,0.5146341463,0.0753750612,3.8893851285000003,0.2948454722,1.9314786236,-0.0179920508,264.0,5.9,5.2,202.5,3.623366355,0.3716176824,1.9836165171,240.0,238.0,5.903757361699999,0.31268810410000003,2.5197292031,-2.0,31.4707397004,3.490740123,0.35076114700000005,1.8984863287,-1.4722278334,2.5,6.5,4.0,5.0,6.5,39,-0.4874945549,-0.1857028827,2.1097507075,0.3501424764,1.6330413384,-0.8235766034,-0.1110750914,3.9,3.6666666667,3.0,3.3333333332999997,1705.975,4,10,5165.25,-0.8818122113,0.5877866649,1.8,2.7272727273000004,3.1666666667000003,3.5,3.0,0.8534710848999999,0.1703934764
s497,1.3825383532,0.2557592613,1.1875051629,3.15,54.111111111099994,0.7000000000000001,433,55.0,0.6666666667000001,495,-0.5280780901000001,-0.6981675248999999,3.1302076552,0.4090705192,1.2930990633,-1.4611070494999998,0.0002393478,0.0003055782,0.0001668701,4.2,3.2857142857,3.8,2.0,2.75,2.2,2.2857142857,36,4.8027501335,0.2710873003,1.8616417988999998,1.0,0.0,1.9166666666999999,0.1416666667,3,-0.0056666667000000006,-1.0833333333,2.75,0.1135048232,3.0,-0.0045401929,-1.1093247588,1.0,1.0909090909,0.4562670703,0.7591891803,8.1,7.0,2.6461556733,0.4192437474,2.2828505367,-0.38926017939999996,1.0,2.6666666667000003,3.8333333332999997,1.6666666666999999,4.6666666667,4.3333333333,4.1666666667,3.3333333332999997,4.1666666667,2.5,2.3333333333,2.0,4.5,2.8333333332999997,5.5,5.666666666699999,-2.0139192816,2.7906217357000003,0.0,5.320134937200001,3.6312452551,0.19991235829999998,1.9600839419,27.7777777778,11.1111111111,11.1111111111,4.6666666667,5.5,2.75,2.875,3.5,3.1428571429,2.875,40,-1.0170844173,3.9312389163,24,231.0,4,1.0,1.7333333333,0.5805901289000001,0.0006824308,1.0,0.0011733923,0.75,0.0002011893,0.0002011893,0.0002011893,6,-1.0162921819,2.1641886036,0.4275921343,2.2913279861,-0.3162678047,3.5333333333,286.5,2.8305245443,0.2695601197,1.5265413444,41.5,85.5,41,35.5925859442,-28.776776828000003,0.455633215,18,2.3732884581,0.4020122676,2.0907081113999997,-1.2719586828,0.5833333333,0.33333333330000003,0.8333333333,0.75,101.0,0.5,0.2,0.8,1.0,3.3884505777,0.39975157549999996,1.4321470056999999,-2.2368848218,0.6641975309,0.0832863425,4.9139266913999995,0.2761276341,1.5981474379,-1.2603093542000001,287.0,6.0,5.6,286.0,5.4389134139,0.3018816153,2.2724373278,264.3333333333,255.5,2.992994936,0.2810163965,1.6071039241,-8.8333333333,77.9091228952,2.5415113503,0.2499047089,1.9208876625,-1.6476178906,3.5,5.0,6.0,1.0,6.0,40,-0.3772467681,-0.1783756832,1.8905027484,0.3385230997,1.7957163427,-0.3852214705,-0.0293041423,3.3,3.3333333332999997,2.1111111111,2.6666666667000003,2619.003030303,0,9,4804.8333333333,5.2349409606,-1.8813716279,2.7,2.0,2.1666666667,2.0,2.8333333332999997,0.1911057729,0.3194807514
s498,0.7105759812000001,0.08942286519999999,1.9538894345,1.65,29.3636363636,0.2666666667,616,32.823529411799996,0.43333333329999996,524,-0.9118759297,-1.9734980587,2.6838395226,0.3185117273,1.3157810531,-0.6458575969,0.0032093568000000003,0.0753642578,0.0481367188,3.4,3.75,2.7,3.75,3.5,3.4,1.1428571429,48,3.0232175533,0.27889452200000003,1.2592676031999999,0.5,0.33333333330000003,17.125,-0.0125,2,-0.0111666667,-4.375,13.708333333299999,0.0294887781,2.0,-0.008891105600000001,-1.860556941,1.0833333333,1.8181818182,-0.07620059500000001,0.8951338717,8.3,7.7,2.2443633362999997,0.5909731295,1.7992956508000002,-0.0014147711999999998,0.055555555599999994,1.3333333333,4.8333333333,3.1666666667000003,4.1666666667,4.8333333333,4.1666666667,4.5,4.5,3.0,2.6666666667000003,2.1666666667,5.3333333333,4.8333333333,4.8333333333,6.333333333300001,-1.7922791244999998,-0.5308299636,-0.15381375120000002,3.0736157567,2.2496120607,0.2096055173,1.6204448350999998,88.8888888889,0.0,25.925925925900003,6.0,4.75,4.5,4.25,3.0,3.1428571429,4.0,52,-1.4375347416,3.0903382679000004,34,238.0,5,1.125,1.6666666666999999,0.7022261620000001,0.0012358522,0.6641836165999999,0.0013764044,0.6111111111,0.0256124969,0.0256124969,0.06403124240000001,3,-1.3199005515,1.5494011898,0.3548546477,1.5020603657,-0.3716762814,5.0666666667,,,,,,,42,-0.6793930770000001,8.2355080217,0.3553118272,8,1.8529353175,0.4652505486,2.2182712304,-0.2916279636,0.5833333333,0.4166666667,0.4166666667,0.8333333333,142.0,0.5,0.9,0.7000000000000001,0.7000000000000001,2.4523140806,0.40057881289999997,1.6590096853,-2.3738853913,0.4775,0.059612565199999995,3.1035633889999996,0.325520743,1.2936356115,-1.5800112233,321.0,5.3,6.1,331.6666666667,1.9182198004,0.3078822339,0.9652431441,276.0,222.8333333333,2.3917039473,0.2702306946,1.2398184069,-53.1666666667,-86.3433333333,2.0078625241999997,0.4285011226,1.4666714136,-1.5076826236,3.5,7.0,7.0,6.0,5.5,23,-1.081101523,0.22101287809999998,1.2971978818,0.33265788490000003,1.4579096034,0.5477359321999999,-0.30395257940000003,2.6,3.2222222222,1.5555555556,3.8666666667,1640.3733333332998,12,6,3409.75,-0.2593812494,0.6826758807000001,1.2,1.8181818182,1.4166666666999999,1.8571428571000002,3.5,0.1746612468,0.4044699074
s499,0.9646571904,0.3015504471,1.6076654959,1.7000000000000002,36.1111111111,0.4,600,27.1428571429,0.30000000000000004,540,-0.2204776504,-1.0289933275,2.5741064008000003,0.3797223212,1.5785412072,-1.2655565692,0.0063620312,0.0997275391,0.0693974609,3.4,3.7142857143,3.2666666667000004,2.75,2.75,3.0,2.5714285714000003,55,2.673490975,0.2808609616,1.3523965527,0.6666666667000001,0.1666666667,17.7916666667,0.08750000000000001,2,-0.0051666667,-2.7083333332999997,21.375,-0.1700277718,0.0,-0.0008472549000000001,-1.5576799829,1.0,1.4545454544999998,-0.0946356589,0.4609612403,7.0,6.2,1.1264886627,0.6379506106,2.2068999093,-1.300300194,0.055555555599999994,2.1666666667,3.8333333332999997,2.3333333333,4.0,4.3333333333,4.6666666667,5.833333333300001,5.0,4.6666666667,2.5,3.0,2.3333333333,3.3333333332999997,3.8333333332999997,5.833333333300001,-2.4536239778,0.1775228546,0.14676739730000002,1.9280084387,1.1933686798999998,0.2357714366,0.9708571534,61.111111111099994,33.3333333333,40.740740740700005,5.1666666667,4.25,4.25,4.125,3.625,3.5714285714000003,3.75,46,-1.1195720593,3.7262636324,30,172.0,7,1.125,1.6666666666999999,0.7003261566,0.0008263467000000001,0.93125,0.0012123989999999999,0.6388888889000001,0.06403124240000001,0.158113883,0.0256124969,3,-1.1486043376000001,1.2828995109,0.39863628869999995,1.6453849409,-0.45238735329999996,4.4666666667,375.5,1.9076805623,0.3297217532,1.4002205308000002,36.0,126.0,44,,,0.6523632628,8,1.6316837132000002,0.5728888642000001,2.2438728008,-0.5926887439999999,0.5,0.5833333333,0.6666666667000001,,118.0,0.5,0.7000000000000001,0.8,0.7000000000000001,2.2430455404,0.48020450509999996,1.681536484,-0.8306597162999999,0.4366576819,0.0402036579,3.1650169505,0.3229977717,1.403282369,-0.0034673425,361.0,4.8,4.2,321.5,3.4151337252999996,0.3994198924,1.2673558367,339.5,368.8333333333,2.1286902469999998,0.0689315191,2.4215114769999997,29.3333333333,1.9095915312,1.8341560139,0.43599228380000005,1.2483326332,-1.4117172086,5.0,5.0,5.5,5.5,5.5,39,-0.5123108365,-0.19890547170000003,0.8275952441000001,0.08631974,1.9820594316999998,-0.16331078640000002,-0.0390359313,3.6,3.0,2.6666666667000003,2.8666666667,2127.6666666667,17,5,3581.75,0.8789292634999999,-0.5573456393999999,1.8,2.3636363636,2.1666666667,2.0714285714,2.8333333332999997,0.5517237390999999,0.8296445855
s512,1.3572799633000001,0.13101863360000002,1.6127121075000002,2.25,37.619047619,0.30000000000000004,750,19.5454545455,0.2666666667,400,0.0508894192,-0.904001556,3.7024352695,0.3706335462,1.7768632341,-3.0446286438,3.50198e-05,0.0018177948,0.0191630859,3.4666666667,3.6428571429,3.6333333333,2.75,3.0,3.4,3.1428571429,47,6.889153875800001,0.2671609632,2.1972914585,0.33333333330000003,0.33333333330000003,7.291666666699999,0.054166666700000005,1,-0.0001666667,-2.625,6.125,-0.004507512500000001,2.0,-0.0031986644,-1.6206176962,1.0833333333,1.6363636363999998,-0.17959000500000002,0.7384742847,6.4,5.2,2.1306785682,0.4114481036,2.0157743275,-0.0586798378,0.1388888889,2.5,3.1666666667000003,1.3333333333,2.0,4.8333333333,4.0,5.0,4.3333333333,4.8333333333,2.5,2.3333333333,3.1666666667000003,3.8333333332999997,1.8333333333,5.1666666667,-2.6533680045,-0.27612331019999997,-0.5629734621,4.194188013,2.8711594156,0.18290233469999997,1.8736003999000002,55.5555555556,22.2222222222,25.925925925900003,5.0,2.75,3.875,3.625,3.875,3.1428571429,3.5,42,-1.0705413209999999,3.8243251091,34,233.0,6,1.0625,1.5333333333,0.7452194214000001,0.0008413829,0.7706089020000001,0.0008144933999999999,0.6666666667000001,0.0256124969,0.06403124240000001,0.06403124240000001,2,-1.6712622959,1.3463261247,0.3959660779,1.1805905268999999,-0.2979191934,4.8,417.6666666667,3.3824265677999996,0.33578465500000004,1.4905555312,29.5,70.0,45,14.5394990229,-10.6254096234,0.4447111076,11,2.1749461501,0.4944383978,1.3975400572999999,-1.0338211546,0.6666666667000001,0.5,0.5833333333,0.8333333333,130.5,0.1,0.9,0.9,0.4,2.9649441949,0.4765938624,1.5794098673,-2.0700543889,0.5330073350000001,0.0718861924,3.3331074276,0.2697854651,1.4942209102,-1.2289291972,255.5,5.3,6.1,378.0,3.7572391523000004,0.35389034890000004,1.4900550424,275.6666666667,311.0,3.3629904145,0.32622526399999996,1.3440811681,35.3333333333,42.6034482759,3.8533201362000002,0.34597631090000003,2.1421837028,-1.4218980125,6.5,6.5,5.0,6.0,5.5,35,-0.5905275715999999,-0.7617818948999999,1.894931855,0.3610396878,1.6250973761,0.6449554074,0.4770623103,3.1,4.6666666667,2.3333333333,3.2,3386.6814814815,3,5,3941.4166666666997,0.6015168577000001,1.4415570398,1.5,2.0909090909,1.9166666666999999,1.5714285713999998,2.3333333333,0.35087290880000005,0.283089498
s513,0.4501198533,0.0262546819,1.5428098650000002,1.35,28.75,0.2,646,24.052631578899998,0.3666666667,429,0.1497442104,-0.7917386865,2.7182624676,0.34449839549999994,1.9513274263999998,-0.38465835159999995,5.00174e-05,0.0005859680000000001,0.0059804688,5.7333333333,3.5,5.8666666667000005,3.0,2.5,3.2,2.4285714286,39,3.2496102554000004,0.28206957800000004,2.0316032848,0.5,0.1666666667,14.958333333299999,0.1958333333,1,-0.0288333333,-1.9583333333,10.3333333333,0.0465130024,2.0,-0.0094728132,-2.5815602837,1.3333333333,1.6363636363999998,0.0222869239,0.5712036521,6.7,6.2,0.6641905839000001,0.2421304712,1.8320054287,-1.6392273722,0.8055555556,1.0,2.8333333332999997,1.0,2.6666666667000003,2.1666666667,4.3333333333,3.6666666667,4.1666666667,5.0,2.8333333332999997,1.5,1.0,2.6666666667000003,1.1666666667,5.0,-2.2288124035,-1.2890773494,-1.0185708727,3.2829931918,1.6791048782,0.0068947052,2.0168464144,44.4444444444,44.4444444444,29.6296296296,2.5,2.5,3.125,2.5,4.5,1.0,2.5,49,-1.0082628,2.672669815,20,205.0,9,1.125,1.2666666667,0.6641836165999999,0.0031364389,0.6481657028000001,0.0027700154,0.3888888889,0.0002011893,0.0002011893,0.0002011893,2,-0.8994078394,1.4123116724,0.3552332124,2.1920445706,-0.3302499705,2.5333333333000003,334.0,2.7265091204000003,0.35292199049999995,1.3508026908,-15.5,-3.5,33,-3.9156679643,6.5247192875,0.8339632726999999,2,0.9898011003,0.38054410549999995,1.8549841477,-0.0596400725,0.33333333330000003,0.0,,,89.5,0.30000000000000004,,0.4,0.0,2.3577389151,0.2686384646,2.7568014649,-1.0292210935,0.49257425740000005,0.08813743410000001,2.0962081928,0.28259687149999996,1.9091652663999998,-0.2992986684,406.0,6.7,6.5,,,,,401.3333333333,405.8333333333,2.9888502143999998,0.2754239463,2.0618363396,4.5,8.4451679587,2.1635238425,0.41384769340000005,3.1404775224,-0.7964896515000001,3.0,3.0,3.0,5.0,5.0,35,,,,,,,,2.7,2.3333333333,2.7777777778,2.7333333332999996,2102.9270833333,7,5,5107.5833333333,,,3.0,3.2727272726999996,1.8333333333,1.6428571428999998,1.6666666666999999,0.4926198428,0.19745874940000002
s514,1.9182323316,0.24298699899999998,2.0877803893,2.85,28.5,0.33333333330000003,550,17.84,0.1666666667,430,-0.4247756824,-0.6477683827,2.1292841215,0.3112459151,1.0213729679999999,-0.8882256381999999,0.0011435217999999998,0.011688018799999998,0.0118125,2.6666666667000003,3.8571428571,4.0,2.0,3.0,2.2,1.0,51,3.4013488483999996,0.22099256260000003,1.7190967408000002,1.0,0.0,9.9166666667,-0.0666666667,1,-0.004,-3.25,4.4583333333,0.0163793103,2.0,-0.0038965516999999996,-1.6637931034,1.0,1.0909090909,-0.049893344299999996,0.5724476017,9.1,9.1,1.9634662562,0.38734021,1.8076290659999998,-0.4467358563,0.7777777778,4.8333333333,4.3333333333,2.8333333332999997,3.0,4.0,2.8333333332999997,4.1666666667,2.3333333333,3.5,3.0,3.3333333332999997,2.5,5.0,2.1666666667,5.666666666699999,-0.575083741,-1.1387085055,-0.46832835939999995,2.7109498368,2.185204204,0.2324725336,2.0315515681,5.5555555556,33.3333333333,22.2222222222,6.833333333300001,4.5,3.875,3.875,4.375,4.1428571429000005,3.5,43,-1.4013457528,3.1627162452999995,31,175.0,7,1.125,1.4666666667,0.7082200527,0.0008729631000000001,0.8225618362,0.0013849734,0.6111111111,0.009797959,0.009797959,0.009797959,3,-1.5655374791,1.6489296144,0.3407025547,1.3499132872,-0.46189144479999994,4.2,350.6666666667,2.621892414,0.2998195231,1.0576263742,44.5,10.5,46,22.3212065072,-18.601914523599998,0.4936343485,16,1.0172329783,0.3857928735,1.6600642906999998,-0.3855516719,0.8333333333,0.0,0.1666666667,1.0,140.0,0.6000000000000001,0.7000000000000001,1.0,0.30000000000000004,2.0316533544,0.34850871110000003,1.568819484,-2.1952140534,0.4278728606,0.044322109299999995,3.6238425788999997,0.2212539602,1.2437842044,-1.2167153749,255.0,6.4,6.3,382.0,2.0126887761,0.2953955721,0.8187117868000001,285.5,317.3333333333,2.5282606546,0.3075047182,0.9674552781999999,31.8333333333,17.679245283,2.6060003322,0.2610502436,1.4622669419,-0.8211657943999999,3.5,7.0,7.0,6.0,6.0,45,-0.697499654,-0.2478215744,1.4133050872,0.3184227121,1.4282354691999999,0.3325907147,-1.3149903427,4.2,3.1111111111,3.5555555556,3.1333333333,2564.7619047619,-10,7,8934.5,-0.3532982085,0.9070170951,1.8,1.1818181818,1.6666666666999999,1.1428571429,2.0833333333,0.16426041360000002,0.22219387
s515,1.0614620568000002,0.3288543567,1.7115983194000002,2.4,36.2,0.33333333330000003,704,17.8571428571,0.30000000000000004,365,-0.4107614884,-1.038497026,3.830542627,0.3403205515,2.0325010177,0.4407294807,0.00023124669999999997,0.0061376953,0.0305820313,2.4,3.1785714286,3.6,2.25,1.75,3.6,2.5714285714000003,44,6.2614421964,0.3019574745,2.1941016209999997,0.8333333333,0.0,12.833333333299999,0.0833333333,1,0.002,-3.1666666667000003,9.625,0.0790697674,1.0,-0.0030232558,-2.2093023256,1.0833333333,1.2727272726999999,0.3121535619,0.7077602135000001,7.9,7.4,2.6165510037,0.3985018121,2.4002621781999998,-0.2497244663,0.027777777799999997,2.0,2.5,1.0,3.1666666667000003,3.8333333332999997,3.6666666667,3.8333333332999997,4.5,3.8333333332999997,2.1666666667,1.3333333333,2.6666666667000003,1.5,1.8333333333,4.6666666667,-5.2671329512,-0.8996988145999999,0.0,5.320134937200001,4.641260834100001,0.14953923360000002,2.7353381475000003,33.3333333333,11.1111111111,33.3333333333,5.833333333300001,5.25,3.875,3.5,3.25,3.4285714286,3.0,55,-0.8075379761,4.3503317988,24,121.0,4,1.125,1.3333333333,0.7650614738,0.0012708132,0.8956207275,0.0021038566,0.4722222222,0.06403124240000001,0.158113883,0.158113883,2,-0.7163141773,2.1430545664,0.3701624289,2.1389337718,-0.4523473322,3.6,253.5,2.9080949087,0.29883502019999997,1.8752822941999998,21.0,228.5,43,,,0.5641886181,8,2.3897760055,0.5269864320000001,2.218928934,-0.0248539077,0.5833333333,0.33333333330000003,0.9166666667,0.8333333333,114.0,0.1,0.2,0.6000000000000001,0.2,3.5788892166000004,0.42000887859999997,1.7572180331,-1.902741402,0.4621212121,0.0174879929,4.1702119545,0.3145882954,2.0246373608000003,-0.9491423184,333.0,7.4,5.6,288.8333333333,1.7434036651,0.0790012083,2.6515050380000003,208.8333333333,238.0,4.2741854880000005,0.3141605793,3.7151265117,29.1666666667,61.9745762712,3.4248131037,0.4186432173,2.0333546675,-1.2768466957,5.5,4.5,7.0,1.0,4.0,51,-0.6579854835000001,-0.5813361587,1.4211471338,0.35217183020000004,1.709361886,-0.0994945299,0.0723276759,3.1,4.2222222222,2.2222222222,2.8666666667,1967.5107142857,20,4,2966.75,0.1813402712,0.5280674302,1.7000000000000002,1.2727272726999999,1.75,1.2142857143,2.0,0.8189868029,0.38958666049999996
s516,0.8980544103,0.2615091076,1.2264457128,1.7000000000000002,21.25,0.33333333330000003,425,20.0,0.30000000000000004,400,-0.5240774995,-0.5210507295,4.7851054585,0.3419936682,2.6655816731,-1.318585155,0.0014395398000000002,0.0026369171000000004,0.0102216797,5.0,4.1428571429000005,3.6,3.25,2.5,4.0,2.7142857143,34,3.4193875030000003,0.2965499059,2.2119024732,0.1666666667,0.6666666667000001,8.75,0.125,1,-0.006999999999999999,0.5833333333,19.8333333333,-0.0214634146,0.0,-0.0015414634,-0.34756097560000004,1.0,1.4545454544999998,-0.0396089358,1.0621527324,7.4,6.1,1.8316588543999999,0.5895754029,1.6348168744,-0.4314817025,0.44444444439999997,2.5,3.1666666667000003,3.3333333332999997,4.0,3.0,4.6666666667,4.3333333333,3.8333333332999997,3.5,2.6666666667000003,2.8333333332999997,2.3333333333,4.1666666667,4.0,5.0,-1.6966355854,0.0106436248,0.1932209246,4.933693088,3.0250698666000004,0.1934219123,2.202885476,55.5555555556,0.0,44.4444444444,6.0,4.5,3.25,3.25,2.125,3.8571428571,3.875,57,-0.8893284576999999,4.1867508355,29,126.0,4,1.125,1.5333333333,0.8593612670999999,0.0012540199,1.0,0.0018253032,0.3888888889,0.009797959,0.0256124969,0.0256124969,3,-1.5325145605,0.8628747109,0.33157479830000003,1.6016507369,-0.2090550848,4.0,474.1666666667,2.3893876729,0.3680191159,1.1221390656999999,22.0,42.0,45,24.6906919797,-22.4775177258,0.6755425662000001,11,1.722817333,0.45474501799999995,1.8079727434,-0.8763426883000001,0.5833333333,0.33333333330000003,,0.5833333333,121.0,0.2,0.8,0.5,0.6000000000000001,3.0715289633,0.4320428768,1.7246105201000002,-0.9796358706999999,0.387254902,0.04561786599999999,4.2123854299,0.2671405667,1.8555366701,-0.9009799209999999,347.0,6.1,7.0,354.5,3.558693196,0.33934633020000005,1.3931056311,268.1666666667,308.0,2.3095520066999997,0.2728556794,2.509372821,39.8333333333,-224.66611846080002,2.6186778982,0.5365579707,1.7513252832,-1.0299394458,4.0,4.5,5.0,3.0,5.5,44,-0.7656194807000001,-0.5791697579,1.1992314597,0.3516901417,1.6798954738999998,0.0434832266,0.1501241841,3.5,4.3333333333,2.8888888889,3.2,2314.4166666667,-7,6,7449.916666666701,-0.0288759235,0.5996211225,1.5,1.3636363636000002,2.6666666667000003,2.2857142857,2.9166666667000003,0.8653610051999999,0.2040239418
s517,1.1249901356,0.1131420335,1.15850949,1.5,28.4545454545,0.2666666667,626,23.0952380952,0.30000000000000004,450,-0.1141285795,-2.9686265996000003,1.08107829,0.4082978611,1.1595703217,-0.1196322856,0.0035896004,0.0243925781,0.06039453130000001,2.0,2.5714285714000003,2.4,4.0,3.25,4.0,2.1428571429,37,2.7044696413,0.3663474839,1.8799478304,0.5,0.33333333330000003,13.125,-0.0625,1,0.0025,-4.7916666667,14.5,-0.0066784869999999994,1.0,-0.0047943262,-2.8498817967,1.3333333333,1.3636363636000002,-0.2203065134,0.055555555599999994,4.1,4.8,1.4797752634999999,0.41665566950000005,1.5448664394999998,-1.1063029342,0.0,3.5,3.1666666667000003,1.5,2.5,2.0,4.5,7.0,6.5,5.0,2.0,2.0,3.0,1.0,2.0,7.0,-2.158719676,1.2185379496,0.0926369818,1.5890191544,1.2187824323999998,0.27507124920000003,0.8656369893000001,11.1111111111,100.0,62.962962963,2.0,2.5,5.0,4.0,4.5,2.1428571429,2.0,55,-0.4134816835,4.6313963585,40,134.0,5,1.25,1.3333333333,0.5269740462,0.0009299998,0.6670155764,0.0009419972,0.25,0.1265219767,0.06403124240000001,0.06403124240000001,6,-2.0279715931999998,1.2215482905,0.5019965912000001,1.2493939864,-0.2394486673,4.3333333333,239.5,2.0915868493,0.35206102229999997,1.2083047994,-83.5,11.0,46,,,0.5203559436999999,3,0.6758845709,0.6370070604,1.8683611633000001,-1.1591309343,0.33333333330000003,0.75,0.33333333330000003,0.9166666667,150.0,0.6000000000000001,0.2,0.6000000000000001,0.30000000000000004,3.0619581016,0.4804771879,1.7228524837,-1.6263680224000001,0.3697270471,0.0225224081,2.4071632275,0.3149097986,1.3124591014,-1.8703947843,394.5,4.9,4.6,,,,,300.3333333333,284.8333333333,2.4712663561,0.2617283953,1.7667660652,-15.5,5.4775595272,2.1219154853999997,0.4445560156,1.8920981447999998,-0.9765096648,7.0,7.0,7.0,7.0,7.0,52,-0.3146348371,-0.6748214528,0.8883209817000001,0.29011032670000003,1.4639623465,-0.44951419159999995,0.2968772662,4.6,3.6666666667,3.6666666667,4.2666666667,4407.1547619048,-6,7,6891.166666666701,,,1.0,1.0,1.5,1.6428571428999998,2.4166666667,0.8153831504000001,0.6574987751
s520,1.0809235384,0.040821127000000006,1.5641557785,2.0,36.5714285714,0.5333333333,477,23.434782608699997,0.23333333329999997,514,-0.1807430648,-0.9541898098999999,3.4917205475,0.33005355750000004,2.1334105271,-0.2762234001,0.00037620309999999996,0.0006358299000000001,0.0271767578,3.0,3.2142857143,2.7666666667000004,3.75,2.75,3.8,2.2857142857,57,4.272666277,0.2819375309,1.6718921458000002,0.1666666667,0.1666666667,10.375,0.0791666667,2,-0.005833333299999999,-5.958333333300001,10.75,0.0815602837,1.0,0.0006052009000000001,-3.6820330969,1.0833333333,1.6363636363999998,0.6344945074,-2.9372000000000006e-05,6.1,4.5,2.1515341671,0.4461698082,1.5631216475,-0.8293477894,0.25,1.8333333333,3.1666666667000003,1.1666666667,3.1666666667000003,3.5,4.1666666667,5.0,4.6666666667,3.3333333332999997,4.5,1.5,1.0,1.0,2.3333333333,5.0,-3.8470246585,-2.7357059311,-0.7746479260000001,3.7708390852999996,2.9816033018,0.0686051676,2.5107716048,66.6666666667,22.2222222222,3.7037037037,3.5,4.75,3.75,4.625,4.0,3.0,3.625,40,-0.8742787237,3.2356769612000003,28,122.0,10,1.125,1.3333333333,0.6883281708,0.0014952502,0.7344650268999999,0.0012205619,0.5,0.009797959,0.0038729833,0.0256124969,2,-1.1615646763,1.8699889573,0.4354975222,1.4580508527,-0.2723582091,4.8666666667000005,268.1666666667,2.3940780216,0.28781635489999996,1.9472321690999999,-4.0,265.5,47,-7.4051162405,13.672721671300001,0.3008305251,6,1.5379021826,0.4731609949,1.7661537394,-0.6902019372,0.5833333333,1.0,0.9166666667,0.9166666667,148.0,0.5,0.4,0.2,0.4,3.3222361513,0.4400314219,1.7546554044,-1.8550308156,0.39259259259999996,0.030738784100000003,4.0476876203,0.31596130380000004,0.9688732315,-1.516953865,346.0,5.8,6.3,292.0,3.5430624313999997,0.346630875,1.1868896408,283.6666666667,270.3333333333,3.4637006848,0.3739190979,1.4484223756999999,-13.333333333299999,50.5161972859,3.3092981625,0.3439674334,1.4283205976,-1.2700416931,2.5,6.0,3.5,1.0,6.0,31,,,,,,,,2.5,3.7777777778,3.0,3.2666666667000004,2033.0416666667002,3,8,4532.0833333333,1.1527216143,0.3905764956,1.7000000000000002,1.3636363636000002,2.0,1.5,2.8333333332999997,0.8480216309,0.16966441840000002
s521,0.9015756609,0.044811796300000005,2.6183230033,2.15,22.9615384615,0.1333333333,581,14.458333333299999,0.2,336,-0.3214729987,-1.8292608072999998,2.6864416311,0.42409008159999995,1.3358185017,-0.15579363640000002,0.0010034866,0.0005160141,0.00024963380000000003,2.0,3.6071428571,3.4,3.75,3.25,2.8,1.5714285713999998,56,2.6560051028,0.29109924930000003,1.3813527100999998,0.6666666667000001,0.33333333330000003,4.5,0.18333333329999998,3,-0.0073333333000000014,-1.8333333333,2.5,0.059939302000000014,2.0,-0.005514415799999999,-1.535660091,1.0,1.0909090909,0.5792347708000001,0.24273083969999998,7.3,6.4,1.2207494506,0.6031903006,1.4638722662,-1.7742133272,0.9166666667,2.0,4.1666666667,4.0,5.1666666667,3.3333333332999997,2.5,2.5,2.1666666667,2.8333333332999997,1.6666666666999999,2.6666666667000003,3.3333333332999997,6.166666666699999,3.6666666667,6.0,-1.3769366046,-0.7674107553,-0.4910910221,2.6654245114,1.6222416224,0.0066505503,2.4333559002,5.5555555556,0.0,22.2222222222,6.166666666699999,2.0,4.625,4.375,4.875,4.5714285714,3.25,57,-1.0170844173,3.9312389163,39,138.0,9,1.125,1.7333333333,0.5709424973,0.0011884236999999999,0.7442235947,0.0013736043,0.6388888889000001,0.0002011893,0.0002011893,0.0006324555,4,-0.9889382969,1.2559478659,0.4637788267,1.7098534766999998,-0.3076374899,5.3333333333,366.0,2.7874606065,0.35868573189999997,1.520976721,39.0,91.5,45,17.371812224,-13.8399502984,0.6683559217,4,1.2547670742,0.5939352417,1.8148292165,-0.7261686891,0.75,0.9166666667,0.9166666667,0.9166666667,148.0,0.2,0.9,0.9,0.6000000000000001,3.0094986449000003,0.46348091630000005,1.3957123181,-1.2332131470999999,0.4564102564,0.0462293432,2.5288884116,0.34551177790000004,1.5173626052000002,-1.0393814684,335.5,5.1,4.6,453.1666666667,2.3816651759,0.4229833786,1.9213795297999998,254.1666666667,384.3333333333,2.6675405057,0.21674344399999998,2.4687307364,130.1666666667,14.460076996199998,1.9448870342,0.4215450874,1.6357275696,-1.4615897575,7.0,7.0,7.0,4.0,7.0,33,0.16962493609999998,-0.29838354840000003,1.0877993106000001,0.179079796,2.4734487866,-0.5621613630000001,-0.4408957535,1.8,4.6666666667,1.5555555556,3.4,2961.2285714286,0,4,3951.75,0.9567731102,-1.1907275776000001,1.1,1.5454545455000002,1.0833333333,1.2142857143,2.9166666667000003,0.8017916772,0.2101746002
s522,1.6381956275999998,0.2588152648,1.0595354657,3.3,23.9130434783,0.23333333329999997,520,23.5,0.33333333330000003,455,-0.6071838881,-0.8554571387000001,2.6007975665000003,0.32019074140000003,1.0802357532,-2.2529550231999997,0.0011831037,0.0040637054,0.0626962891,4.1333333332999995,2.7857142857,2.9,3.5,2.5,3.0,2.5714285714000003,46,4.7257484482,0.23267362579999998,1.2405164937,0.33333333330000003,0.5,6.708333333300001,-0.0041666667,2,-0.0055000000000000005,-1.875,22.4166666667,-0.0892857143,1.0,-0.0054285714,-2.6547619048,1.0,1.1818181818,-0.11822268,0.1112931922,8.2,8.2,3.0609531401,0.39839981630000004,1.4589059725,0.2322739898,0.75,1.6666666666999999,2.5,3.0,2.0,5.3333333333,4.0,4.3333333333,3.6666666667,4.0,2.0,1.6666666666999999,2.1666666667,2.8333333332999997,2.1666666667,6.666666666699999,-1.5128354172999998,-0.7794764287999999,0.1910395678,4.9380558016,2.7705885182000003,0.2020997666,1.4550446563,50.0,44.4444444444,37.037037037,5.0,4.75,3.125,3.0,3.375,3.2857142857,3.75,47,-0.9575666758,4.0502743994,24,181.0,7,1.125,1.3333333333,0.692030859,0.001174163,0.7328033447000001,0.0015963823,0.6111111111,0.003935979300000001,0.009797959,0.0099597577,3,-1.5570505273,2.2664722068,0.415461366,1.2922778411,-0.48201637,3.4666666667,305.1666666667,2.9769718759,0.3078260593,0.9743528074,25.5,18.0,44,7.7347874053,-5.2532746454,0.5924832588000001,13,2.1102452631,0.32900116420000003,1.4126568087,-0.1588595573,0.5,0.25,0.9166666667,0.6666666667000001,133.0,0.6000000000000001,0.30000000000000004,0.6000000000000001,0.4,3.2987466563,0.2429554423,1.911206697,-1.6699961508,0.5756097561,0.08885445530000001,2.3619270337000002,0.23172423,0.8634892276,-2.634783483,295.0,7.1,5.6,193.3333333333,4.4841719957,0.2365294468,3.1346254236,240.6666666667,250.1666666667,4.5954438298,0.3003071127,2.1942721276,9.5,48.456880821999995,2.5676757147,0.24393705699999998,1.6084482098,-1.1234767909999999,4.0,5.0,4.5,1.0,6.0,34,-0.0186852455,0.07078191760000001,2.3038216586,0.3144614174,1.1116085223999999,-0.4055244345,-0.0632860106,2.4,1.7777777778,1.2222222222,2.5333333333000003,2121.1458333333,10,6,2776.5,1.5861810503,-0.1590646946,2.1,1.2727272726999999,1.75,1.5714285713999998,2.1666666667,0.9122909945,0.4094968345
s523,1.2689512664,0.3573217818,1.903016552,2.45,31.8260869565,0.23333333329999997,693,17.4782608696,0.23333333329999997,395,-0.34544639390000004,-0.2469086325,3.363581358,0.378703432,3.6301342129000003,-0.312113387,0.0042096433,0.0234197998,0.040356445299999995,3.8,3.2142857143,3.5,3.0,2.5,3.2,2.4285714286,61,2.1554653598,0.3213140767,1.8747080968,0.33333333330000003,0.5,12.875,0.1625,2,-0.0245,-3.2083333332999997,4.875,0.07920521450000001,2.0,-0.00668545,-2.0674936922,1.0,1.5454545455000002,0.1553892936,0.8026951937000001,8.1,9.1,1.9694818356000001,0.4521211853,2.3547240668,0.6236939595000001,0.1666666667,1.1666666667,1.8333333333,1.6666666666999999,5.1666666667,5.833333333300001,5.666666666699999,6.0,6.0,5.666666666699999,4.6666666667,1.5,1.6666666666999999,2.1666666667,5.5,6.833333333300001,-1.286676889,-1.3671888718,-0.6237343734,2.3793663906,1.6796245253,0.3004410872,1.8491779908000001,22.2222222222,33.3333333333,44.4444444444,5.0,5.5,3.25,4.125,2.875,2.8571428571,3.875,49,-0.534689493,2.5564984999,33,212.0,9,1.0,1.4666666667,0.8797805786,0.0008623341999999999,0.9,0.0011730771,0.6666666667000001,0.0099731538,0.003935979300000001,0.0256124969,6,-0.6312062082000001,1.4878931939,0.528899295,2.1414775523,-0.3747077987,3.2,399.0,2.6939245408,0.3888814686,2.1691275233000002,33.5,81.5,47,1.9874534405000002,2.1008449214,0.8373198307999999,9,1.1838812533,0.5415248846,2.6518530298,0.4042135428,0.5833333333,0.5833333333,0.8333333333,0.6666666667000001,138.0,0.30000000000000004,0.2,0.6000000000000001,0.5,1.8219452827,0.4744673627,2.7266282414000003,-0.4183407247,0.41,0.05703084770000001,2.8793614926999997,0.3690427665,2.3581591363,-0.6110030532999999,470.5,6.1,6.0,348.0,3.1169198007,0.3693383559,2.2215880699,400.0,413.3333333333,2.4403590349,0.4146149191,1.8661985271000001,13.333333333299999,22.3848023674,2.1342278808,0.47597989520000006,2.0070769435,-1.6859351466,4.5,6.5,6.0,2.0,5.0,33,-0.29218262700000003,0.32673060660000003,1.5736380791,0.39872072909999995,2.6145854682,-0.0916816649,-0.6013502076,3.6,1.8888888889,2.5555555556,2.5333333333000003,2147.4416666667003,4,10,3596.25,,,1.2,1.1818181818,1.8333333333,1.1428571429,2.6666666667000003,0.1866276234,0.3631989668
s524,0.8468792387999999,0.32338046260000003,1.3020378971,1.05,20.2727272727,0.2666666667,423,15.5238095238,0.30000000000000004,305,0.1172542807,-1.2643760678,3.2611284645999996,0.3775935138,1.7316506040000001,-0.0114268249,0.0007168927,0.0026739502,0.0155605469,4.8666666667000005,3.5714285714000003,5.6333333333,1.75,2.25,3.4,3.7142857143,37,2.2009675735,0.2245507753,2.076326922,0.6666666667000001,0.1666666667,11.791666666700001,0.1875,1,-0.0138333333,-2.125,29.6666666667,-0.012291666699999999,1.0,-0.001075,-1.3354166667,1.0,1.0,0.0781032146,0.8435676704999999,6.0,5.4,1.0360788827,0.3744746515,1.9978069535,-0.9523426969,0.4722222222,2.0,2.8333333332999997,1.6666666666999999,4.0,4.3333333333,4.8333333333,5.1666666667,5.3333333333,5.0,2.6666666667000003,1.3333333333,2.6666666667000003,2.1666666667,2.8333333332999997,5.833333333300001,-2.7308097276999996,0.9410662016,0.42332495,4.473485037300001,1.7088460276,0.1051908244,1.5534190459,33.3333333333,0.0,25.925925925900003,3.8333333332999997,4.0,2.625,2.625,2.5,2.5714285714000003,2.875,45,-0.5793283695,2.6457762527,21,120.0,10,1.125,1.2666666667,0.9439620972,0.0017943854999999999,0.8372375487999999,0.0015462736,0.5277777778,0.0099597577,0.009797959,0.0256124969,3,-1.4592135248,0.816321367,0.37507142979999997,1.7224120409,0.0404457249,4.0666666667,,,,,,,39,,,0.6847232089,10,1.0285370717,0.4821909577,1.5340566461000003,-0.3781186169,0.6666666667000001,,0.8333333333,0.5,90.5,0.1,0.5,0.30000000000000004,0.30000000000000004,2.5924931042,0.3972913007,1.7871499758000002,-1.5291720972,0.4181360202,0.0360614493,2.0311423966,0.30591203380000004,1.6821183197999998,-1.122508168,328.0,5.1,4.2,,,,,,,,,,,,1.0901504683,0.34353958290000003,1.8037739209,-0.9156352389,5.5,3.5,3.5,2.5,4.5,49,-0.0886254696,-0.3872385956,0.6163193182000001,0.0472030772,2.1950650112,-0.3526287932,-0.0638598049,3.9,4.0,2.8888888889,2.8666666667,3778.2592592593,5,7,3385.9166666666997,-0.0481324858,0.3104967502,2.6,1.3636363636000002,2.25,1.5714285713999998,2.0,0.8682955554,0.6009608247
s526,1.0050986011,0.018419461499999998,1.5568530997999999,1.75,36.7,0.33333333330000003,698,27.3333333333,0.30000000000000004,533,-0.5513847336000001,-1.0399443185,3.3077210796,0.3862668198,1.4548014463999999,-0.4613790795,0.0022620719,0.0675039063,0.6806171875,6.0666666667,5.75,6.1333333333,3.0,3.75,3.6,2.5714285714000003,27,3.1595486262,0.2813636748,1.2641031868000001,0.6666666667000001,0.33333333330000003,16.25,0.0416666667,0,2.6020852140000003e-18,0.0,13.083333333299999,0.0231041456,1.0,-0.0009221436,-1.7724974722,1.5,2.0,-0.0960506243,0.1410249167,8.4,6.9,1.0318757031999999,0.3978549563,1.8084066582,-1.1428675049,0.0,1.5,1.6666666666999999,1.6666666666999999,1.6666666666999999,4.1666666667,3.5,3.1666666667000003,3.1666666667000003,3.8333333332999997,1.0,3.1666666667000003,3.1666666667000003,6.0,3.3333333332999997,5.833333333300001,-0.9133524852,-0.3679736899,0.0,5.320134937200001,3.2303020514,0.0683419878,3.2634615004,27.7777777778,33.3333333333,48.148148148100006,4.6666666667,3.25,2.5,4.625,3.0,3.0,4.25,36,-1.0705413209999999,3.8243251091,22,212.0,9,1.625,1.6666666666999999,0.7188639641,0.0021988925,0.9928268432999999,0.0022185198,0.6111111111,0.25,0.25,0.25,3,-2.9157711851,1.2473630917,0.34170802,1.0976092375,-0.7027983640000001,3.5333333333,284.6666666667,1.7548667829,0.2832039128,1.4536494233000001,24.0,75.0,31,15.742113116199999,-9.0497397749,0.38182128270000004,5,1.5000810622999998,0.4352072442,2.0851740602,0.3152717305,0.4166666667,0.33333333330000003,0.4166666667,0.6666666667000001,97.5,0.6000000000000001,0.6000000000000001,1.0,0.4,2.3778600733,0.4542452821,1.7189297825999998,-1.905731148,0.4864864865,0.0207282845,3.4462972163999996,0.2835403435,1.4033288984,-0.7343980256999999,291.5,6.3,5.9,308.8333333333,1.5102347095000002,0.2737491675,1.5949831696,235.6666666667,257.6666666667,2.3097045774000002,0.11228100279999999,2.3217402796,22.0,21.3845524809,2.5154008158,0.33248580520000004,1.7380456199,-0.7043947781000001,4.0,3.5,5.5,6.5,4.0,51,-0.7341745167,-0.0965206939,1.2240376701,0.2794114359,1.7758680261000002,0.2105662136,-0.25177266060000003,3.3,3.7777777778,3.7777777778,4.1333333332999995,1825.2766666667,0,8,5371.25,-1.2310747341,1.1239300967,2.3,2.8181818182,2.6666666667000003,2.8571428571,2.5833333333,0.1565367312,0.1434506291
s527,0.9449840361,0.1311674897,2.0236278418,2.1,43.571428571400006,0.30000000000000004,865,25.7222222222,0.4,438,-0.7081665652,-1.0555479489,3.6623980091000004,0.3360667129,1.7819898219,-0.0362069994,0.006638602800000001,0.0090007935,0.1001591797,4.5333333333,3.6428571429,4.8,2.25,2.25,4.0,4.0,43,4.2311707559,0.2206779271,1.6379951564000002,0.5,0.1666666667,8.875,0.0625,3,-0.0041666667,-0.625,12.166666666700001,0.06261904759999999,2.0,-0.0034714285999999997,-1.9595238094999998,1.0,1.3636363636000002,0.5143554557,0.1487936654,7.1,6.4,2.6345049619000003,0.30737821,2.0360148581,-0.6881330828000001,0.027777777799999997,1.5,1.8333333333,1.1666666667,3.6666666667,4.8333333333,5.3333333333,6.333333333300001,6.0,4.8333333333,3.8333333332999997,2.0,1.6666666666999999,2.5,3.5,6.333333333300001,-0.4796679241,-0.2487622354,-0.7548590440999999,3.8104168489999997,2.4793280576,0.2210729044,1.5142789609,83.3333333333,33.3333333333,29.6296296296,4.3333333333,3.5,3.375,4.25,2.75,2.7142857143,2.875,57,-0.6440351222,3.6961641644,24,162.0,9,1.0,1.2666666667,0.6589939117,0.0008736212000000001,0.9484375,0.0016239687,0.6666666667000001,0.158113883,0.06403124240000001,0.06403124240000001,2,-0.6221650524,1.722140745,0.6278110846,2.3032299855000002,-0.1151294991,3.9333333333,217.3333333333,3.7094716944,0.2665361008,2.0729179276,-15.0,120.5,46,-7.3619469298,14.289874564200002,0.6764644539,12,1.9057871348,0.3991676908,1.6848958616999998,-0.5481723876,0.6666666667000001,0.1666666667,,0.8333333333,108.0,0.2,0.5,0.9,0.4,2.8417297045999996,0.4062876915,1.9053919503,-1.0335060614,0.5841584157999999,0.0901761965,3.4675293008,0.2807421826,1.3629427509,-1.1957976414,277.0,6.2,5.5,258.3333333333,4.929770887,0.2846096332,2.4755065344,222.0,242.3333333333,4.452349738500001,0.2641879118,2.2388200438999997,20.3333333333,42.2934277337,2.9729552555,0.34837873610000003,1.4290796908,-1.3986845212,6.0,5.0,4.0,3.0,5.5,54,-0.00612207,0.0062828553,0.5565765031000001,0.0801403475,1.7680847181000001,-0.3230480814,0.0514497012,4.6,3.1111111111,1.8888888889,2.7333333332999996,2501.3595238095,17,4,2923.1666666666997,1.7969705284000002,0.7884573604,2.1,2.0,2.4166666667,2.0714285714,2.25,0.8460087936,0.1719285553
s528,1.6585037762000001,0.3583375733,1.340768548,3.05,28.3333333333,0.2,650,24.681818181799997,0.2666666667,508,-0.3004170835,-0.84386911,3.7798324282,0.41180895079999996,2.1989929395,-2.217594044,0.00014418120000000002,0.0023641357,0.0384873047,4.0,3.75,4.2,2.75,2.75,3.0,3.1428571429,40,4.6269919285,0.31442497480000003,1.9714019367,0.8333333333,0.0,5.875,0.24583333329999998,3,-0.006833333299999999,-2.625,16.0,-0.0816901408,0.0,-0.0065352113000000005,-1.2112676056,1.0,1.0,-0.015210152099999999,1.0284852849,8.1,7.1,2.8442006024,0.43854930119999996,1.8553343328999998,0.9325927451,0.1666666667,2.0,3.5,1.0,2.1666666667,3.0,5.1666666667,3.1666666667000003,4.5,4.3333333333,3.3333333332999997,2.1666666667,4.6666666667,2.3333333333,2.0,4.6666666667,-5.3064909609,-1.2946426634000001,0.0,5.320134937200001,3.3613185785,0.2409720123,2.175268249,33.3333333333,66.6666666667,66.6666666667,4.8333333333,4.5,4.0,3.625,4.5,3.1428571429,3.375,44,-0.5749801717,4.308399382,20,161.0,6,1.0625,1.0666666667,0.7846556664000001,0.0006875184000000001,1.0,0.0010055536,0.5555555556,0.0256124969,0.06403124240000001,0.0256124969,2,-0.6430682154999999,1.5394409840999999,0.5149674542,2.3461127823,-0.4716109899,4.2666666667,,,,,,,47,0.2289783506,0.8281067756,0.7339416298999999,13,1.790217205,0.5523482747999999,2.1234455771,-0.0253514109,0.75,0.0,0.5833333333,0.8333333333,115.0,0.2,0.4,0.8,0.5,2.4524871867,0.4609267663,2.132193486,-3.4618581437000002,0.4666666667,0.0546026687,2.5449489197,0.3243214994,1.8484934972999998,-0.8303015831999999,365.5,5.8,6.0,,,,,293.0,344.1666666667,3.1568786823000003,0.33898690130000003,2.1938638958000003,51.1666666667,109.1644659046,1.9965209234,0.4574588546,1.6887113031,-1.0700212265,6.0,4.0,5.5,3.0,5.5,36,-0.4271332282,-1.0019620544,0.963554428,0.2827339667,1.7437899163,-0.0832602927,0.62560405,2.6,4.0,2.7777777778,3.2,3606.7777777778,-1,8,4683.8333333333,0.9577764517,-0.5306282511,2.0,2.1818181818,2.1666666667,2.0714285714,2.6666666667000003,0.8496686379,0.3101393012
s529,1.3066075889,0.024817605000000003,2.3537125941999997,2.55,40.157894736799996,0.3666666667,712,27.1764705882,0.43333333329999996,445,0.0406262445,-1.0838182754999999,2.5209098281,0.3187859444,1.8122952648,-1.0574033921,0.00011052329999999999,0.0005840263000000001,0.014984375,4.4666666667,3.5714285714000003,3.4666666667,2.25,3.0,3.0,2.2857142857,50,3.3807483875,0.2404452391,1.2940656373,0.8333333333,0.0,14.333333333299999,0.6000000000000001,1,-0.005,-1.6666666666999999,16.5,0.2617354196,3.0,-0.0109530583,-3.8847795164,1.0,1.4545454544999998,0.120954486,0.963768665,7.2,7.5,1.7121430538999998,0.361618454,2.0097402884999997,-0.5592392003000001,0.8611111111,1.0,2.1666666667,1.3333333333,3.1666666667000003,3.6666666667,4.6666666667,4.5,5.1666666667,4.5,2.0,1.0,1.8333333333,1.3333333333,3.3333333332999997,6.166666666699999,-4.2245495831,-1.3601370813999998,0.3298219498,4.6604910377,2.6674096088,0.16914045100000002,1.7611032714,55.5555555556,44.4444444444,25.925925925900003,5.666666666699999,4.5,3.375,3.5,4.875,4.2857142857,3.875,51,-1.0705413209999999,3.8243251091,33,212.0,3,1.125,1.4666666667,0.5,,0.9588098526,0.0007998261,0.5833333333,0.0015811388,0.0002011893,0.0015811388,4,-0.8650663983,1.5622345477,0.2883871239,2.0185533245,-0.2500024381,4.4666666667,368.5,2.5154053448,0.2676674308,1.2516055528,47.0,132.5,44,-12.119046772699999,17.016594934,0.5758704472999999,13,1.7338464215,0.5146106232000001,1.8262172396,-0.6470551582999999,0.75,0.5833333333,0.75,0.8333333333,121.0,0.1,0.4,0.9,0.5,1.9799994143000001,0.3719000466,1.7482412958000002,-1.8465654377,0.4615384615,0.052653157199999995,3.0084286366,0.2520317104,1.5419668221,-0.08945955,287.0,5.6,5.0,324.3333333333,2.5311763259,0.21488301969999998,1.8172714204,292.8333333333,329.6666666667,2.3549781900999998,0.259529556,1.6508742977000002,36.8333333333,62.791450216499996,2.3210613008000003,0.28177543,1.97562255,-1.0333378779,5.5,6.0,6.0,2.5,6.0,32,0.044999621399999995,-0.0924474778,1.2438511926,0.1493911677,2.3187282249,-0.2854000537,-0.0463957149,2.9,3.7777777778,2.3333333333,3.0,1772.5916666667001,11,6,2785.5,-1.7967448486000002,2.2246235515,1.6,1.7272727273,1.5,1.0714285714,2.3333333333,0.81945484,0.2109548002
s531,0.9606445862999999,0.1151247074,1.6714194367,1.9,18.652173913,0.23333333329999997,415,10.3157894737,0.3666666667,185,-0.2849188,-0.30482253940000004,2.8494441581,0.4100090398,1.6410646907,-0.0593162132,0.0001176634,0.0045526733,0.0134082031,3.6,2.5357142857,3.2,2.0,1.5,3.6,3.0,61,4.0984502265,0.2721316963,1.7021760654,0.1666666667,0.6666666667000001,8.6666666667,0.075,2,-0.0116666667,-3.0,13.041666666700001,0.0544679967,1.0,-0.0025120532000000003,-2.6190773067,1.0,1.1818181818,0.5010912035,0.8441163012,8.1,6.2,1.7530590242,0.5609046882000001,2.5928558204,0.0409604821,0.22222222219999999,1.3333333333,2.0,1.0,2.3333333333,4.1666666667,4.3333333333,5.0,5.5,5.5,3.1666666667000003,1.1666666667,1.0,1.5,2.1666666667,5.833333333300001,-3.3413874831,-2.5327144827000003,0.1910395678,4.9380558016,2.6552070418000002,0.25022738910000003,1.3725972252,66.6666666667,33.3333333333,25.925925925900003,5.5,5.0,3.5,4.0,3.5,3.4285714286,4.25,48,-0.8075379761,4.3503317988,33,104.0,8,1.0,1.2,0.7968348503,0.0014051660999999998,0.7146347045999999,0.0016985975,0.5833333333,0.009797959,0.009797959,0.0256124969,4,-1.7864168371,1.8153142367,0.4506614079,1.6941141922,-0.4984416657,4.0666666667,,,,,,,46,11.2953549176,-7.9507822341,0.6385046359000001,8,1.7040240474000001,0.9354583623999999,2.7279016595999996,0.13628411699999998,0.6666666667000001,0.9166666667,0.9166666667,0.9166666667,142.0,0.0,0.1,0.6000000000000001,0.4,2.9225747832,0.4708097317,1.5823782166,-3.1829623858,0.4187192118,0.08847915210000001,2.9294491313999997,0.3100225908,1.2922768551000001,-1.8149421459000001,353.0,5.4,5.7,326.3333333333,2.3954532157,0.4484259742,1.3186838223,236.6666666667,244.5,2.708397989,0.3804262328,1.4308668821,7.833333333300001,-34.5575250836,2.9732748801,0.2274772139,3.7579678856,-0.48326367929999997,5.5,6.5,4.5,4.0,6.0,26,-0.2882366812,-0.8730629202,1.7754106991,0.30201122880000003,1.8828129256,-0.3794826074,0.3817600166,3.6,4.1111111111000005,2.3333333333,2.4666666666999997,2262.6574074074,4,8,4282.5,1.1323309247,-0.44183275229999996,1.4,1.1818181818,1.5833333333,1.2142857143,1.9166666666999999,0.6761282154000001,0.3745785493
s533,1.0119099362000001,0.020015811799999998,2.6199276261,2.3,55.1764705882,0.43333333329999996,879,18.9545454545,0.2666666667,397,0.3979273543,-0.9222673862999999,3.7346595396,0.3763596693,2.0348426651,-0.08993973039999999,0.000450118,0.0012862625,0.0616064453,3.4,3.4642857143,4.5333333333,3.0,3.0,2.4,1.8571428571000002,55,2.8899584228,0.31524232739999997,1.4570632330000002,0.8333333333,0.1666666667,14.458333333299999,0.3875,2,-0.0015,-1.375,12.625,0.19697674420000003,1.0,-0.006093023299999999,-4.9186046512,1.0,2.0,0.30253334530000003,0.72700743,9.6,6.6,1.5839639156,0.4722114131,1.8647011965,-0.7568843099,1.0,3.8333333332999997,2.5,2.3333333333,2.5,3.5,3.1666666667000003,3.5,3.0,2.8333333332999997,3.3333333332999997,2.0,1.6666666666999999,3.1666666667000003,2.3333333333,6.166666666699999,-1.381231647,0.635090751,0.22447011379999998,4.8711947097,2.2522619078,0.0048177788,2.3843818875,0.0,0.0,7.4074074074,4.0,3.5,4.375,5.0,3.75,3.4285714286,2.625,42,-0.7625664513,3.9332268227,32,164.0,7,1.1875,1.5333333333,0.8510818481,0.0020740881,0.979296875,0.0025232111,0.6388888889000001,0.0006324555,0.0038729833,0.0015811388,2,-1.311706817,1.6379544942000002,0.3811927788,1.8918701102,-0.6847782529,5.1333333332999995,283.1666666667,3.215837215,0.3206130343,1.9189475957,9.0,42.0,46,13.324950989400001,-9.717939883,0.3629528484,16,1.4905926145,0.42532343689999996,2.4380571196000003,0.0207779993,0.5,0.0833333333,0.4166666667,0.75,141.0,1.0,0.7000000000000001,0.9,0.2,3.1685434831,0.3946313185,1.9375175041,-2.0657895215,0.3778337531,0.0745856718,3.0922451586,0.3403296525,1.067873742,-1.8985938194,380.0,6.5,6.0,319.5,2.8423840911,0.35723759159999996,1.527126688,219.0,226.6666666667,3.9416196823000003,0.34872062740000004,2.1407268813,7.666666666699999,-12.1088600161,2.8479078505,0.3103421843,1.7980476332,-1.7271407534,4.5,6.0,6.5,2.0,6.5,27,-0.6719987562999999,-0.7388082467,1.6288670814,0.3710577611,1.5826924406,-0.1262566818,0.1732643411,2.6,2.2222222222,1.7777777778,3.2666666667000004,2007.2037037037,-5,9,8182.75,1.9437388244,-0.23556607129999999,1.2,1.2727272726999999,1.25,1.0714285714,2.8333333332999997,0.1979521892,0.2129114584
s534,1.2661469032,0.2297913123,1.2251901133,1.9,26.9583333333,0.2,618,13.590909090899999,0.2666666667,286,-0.4418416282,-1.3475111774000001,2.9554095286,0.4054761328,1.5984862777000002,-0.6671110194000001,0.0005467718,0.0050545349,0.059600585899999996,6.4,4.1428571429000005,4.7,2.25,3.25,3.2,3.7142857143,38,2.7930161362,0.2307977944,1.6729394394,0.33333333330000003,0.5,7.416666666699999,-0.0166666667,2,-0.0056666667000000006,-1.1666666667,6.75,0.0932142857,1.0,-0.0032714286,-2.5738095238,1.25,1.4545454544999998,0.09150680929999999,0.7252344647000001,6.1,5.3,1.7833459313999998,0.4256220675,1.6802517041999998,-0.5109360155,0.0,2.0,3.8333333332999997,1.1666666667,4.1666666667,5.5,3.8333333332999997,4.3333333333,4.3333333333,2.3333333333,2.0,2.0,4.0,3.5,5.0,6.166666666699999,-1.5364828484,-0.5773746959,-0.1448413667,3.3579238220999996,2.7983416632,0.24831948239999999,1.2035584819,33.3333333333,66.6666666667,62.962962963,6.666666666699999,4.25,2.5,2.0,3.125,2.4285714286,3.5,48,-1.0705413209999999,3.8243251091,19,198.0,7,1.3125,1.6,0.7982537150000001,0.001190448,1.0,0.0017024751999999998,0.4722222222,0.06403124240000001,0.06403124240000001,0.158113883,2,-0.2322275183,1.3785599705,0.4767192878,1.7123526600999999,-0.5651905059000001,4.2666666667,,,,,,,44,1.3168202116,2.300217661,0.5709133277,7,1.4138685667,0.46576132729999997,1.9229032928999998,0.6408706371,0.1666666667,0.0,,,97.0,0.1,0.4,0.8,0.8,3.1100079737,0.346134025,1.665740455,-1.8875893690999999,0.5661764706,0.13940373620000002,2.7372115103,0.2782257697,1.2680910481,-0.5088805366,307.0,6.0,5.8,,,,,,,,,,,,2.9812207488999998,0.3356468204,3.4605734729,-1.2495655429,6.0,5.5,5.0,2.5,7.0,63,-0.7135423924000001,-0.6529697379,1.55740447,0.3522168564,1.4791576453,0.5436673095000001,0.5330446402000001,3.8,2.5555555556,2.8888888889,3.5333333333,2259.7416666667,2,8,4808.4166666667,0.7504781123,-0.1466034742,2.8,1.9090909091,2.5,1.6428571428999998,2.5833333333,0.8793616289,0.31545630950000003
s535,1.2590375842,0.2097236371,1.8643415263,2.45,33.7083333333,0.2,765,33.7333333333,0.5,476,-0.0581728524,-0.5874906314,2.1067348865,0.3817588685,1.6085657291,-0.1870560091,0.000220203,0.0013850098,0.0004833984,4.0666666667,3.6071428571,5.3666666667000005,2.75,2.25,3.4,3.5714285714000003,34,1.9680235402000001,0.2474656793,1.6916306291,0.33333333330000003,0.33333333330000003,10.125,0.1458333333,2,-0.023166666699999998,-2.375,13.75,0.0787057634,1.0,-0.0224752275,-1.5515672396,1.0,1.2727272726999999,0.1460631706,0.7045866706999999,7.4,7.0,1.450808588,0.4589601148,1.9543962573,-0.4480549311,0.22222222219999999,3.6666666667,4.8333333333,2.0,3.6666666667,4.5,5.1666666667,4.8333333333,5.1666666667,4.5,3.1666666667000003,2.0,1.1666666667,2.5,2.6666666667000003,4.1666666667,-0.6379869799,0.5336093971,0.1932209246,4.933693088,2.5156950619,0.0144947889,3.3715714805,33.3333333333,55.5555555556,59.2592592593,4.5,3.5,3.25,3.375,4.0,2.7142857143,3.375,38,-0.919969109,3.1442961907,18,123.0,6,1.125,1.4,0.5196380615,0.0017277125,1.0,0.0044394052000000005,0.7222222222,0.0038729833,0.0015811388,0.0256124969,5,-0.7400461540000001,1.5020384272,0.4546146067,2.0702126341,-0.6532654461999999,4.2,418.3333333333,1.6176757989,0.2614893452,1.7659724178,30.0,218.0,44,10.7368174281,-10.4602420293,0.6353554268,14,1.4964120316,0.4186563936,2.342570602,-0.33615224320000003,0.6666666667000001,0.5,0.75,0.5,93.0,0.2,0.7000000000000001,0.30000000000000004,0.5,1.9148991556,0.30460340140000003,2.1486491997,-0.47547335869999996,0.5050505050999999,0.0651576502,1.6551492668,0.25527124090000003,1.7082694288999998,-0.25705079140000003,363.0,6.8,5.6,252.3333333333,3.0757207420999997,0.3625152288,1.5470078251,225.5,204.8333333333,2.5874307609,0.3432251548,1.6997508483000001,-20.6666666667,28.436199095,1.5102105046,0.4165780713,1.7554012295,-0.9324508834999999,5.5,5.0,3.0,1.5,3.5,55,-0.2558007149,0.2157112378,1.099233904,0.3966887482,1.7007910857,-0.42501097509999997,-0.12073147349999999,3.4,3.3333333332999997,2.5555555556,2.4666666666999997,1519.55,7,8,4523.0833333333,-0.3407376046,0.8039615469,2.3,1.8181818182,2.3333333333,2.0714285714,2.5,0.8491657126000001,0.4267601349
s538,1.1150899043,0.2579788958,1.0558519956,1.05,19.4166666667,0.2,436,23.619047619,0.30000000000000004,481,-0.17374833920000002,-1.4000909718999999,2.7118121561,0.3626823865,2.1248523481,-1.4166602075999999,0.0017226785,0.0014584999,0.0058203125,4.7333333333,2.9642857143,4.2,3.0,2.5,3.2,3.8571428571,49,3.1288100092,0.2855281923,1.5924463559,0.5,0.0,5.625,0.0291666667,0,-0.0005,0.20833333329999998,11.375,0.0004728132,0.0,0.0030189125,-1.4213947991,1.1666666667,1.7272727273,0.079557719,0.6893790886000001,8.9,6.3,1.5082663311000002,0.39337550439999996,1.7145624441,-0.9199352103,0.30555555560000003,1.6666666666999999,1.0,1.6666666666999999,2.1666666667,3.1666666667000003,5.5,5.3333333333,5.0,3.6666666667,2.3333333333,2.5,1.1666666667,2.1666666667,2.6666666667000003,4.8333333333,,,,,,,,50.0,0.0,7.4074074074,4.6666666667,3.5,3.25,3.375,3.5,3.0,2.875,37,-0.7017421781000001,4.5619233948,26,123.0,5,1.0625,1.6,0.6997104645000001,0.0011304678999999999,1.0,0.0016535866,0.5555555556,0.0015811388,0.0015811388,0.009797959,3,-1.1172496639,1.515722966,0.47317042369999995,1.9427967356,-0.4842947741,4.2,307.6666666667,2.3896193584,0.3056963475,1.6897473153,6.0,139.5,43,-2.9373765575,3.5162184538999997,,8,2.0524587918,1.0002571987,2.0861600343,-0.15521034890000002,0.5833333333,0.5,,0.75,114.0,0.2,0.4,0.8,0.5,2.4780773078,0.45267034409999996,1.7893298507000002,-1.7570669441,0.5318627451,0.06723181519999999,3.4416504495,0.28686497629999996,1.8449874066,-1.5073516982,298.0,4.8,4.8,232.0,3.9840472315,0.27757334300000003,3.1140404502999997,,,,,,,,2.3888522959,0.3280603255,2.4152495075,-0.4983419975,4.5,4.5,4.5,4.5,5.5,42,0.0729135422,-0.5116668146,1.7004971424000002,0.2899145825,1.789242045,-0.5642621028,0.1592527456,2.7,2.5555555556,2.0,2.2,5326.5,-20,2,7201.833333333299,-0.082564949,0.9588503463,1.9,2.1818181818,2.5,1.2857142857,2.75,0.8607258515999999,0.39039511549999995
s539,1.2541387934,0.1433396224,1.1799579426,1.45,27.0,0.3666666667,487,35.157894736799996,0.3666666667,618,-0.35865419119999997,-0.07739977070000001,2.1921617106,0.3406613806,1.2024747934,-1.2037810743000001,0.0150371423,0.0217265625,0.048631835899999996,4.2,3.75,5.1,2.75,3.0,3.4,3.7142857143,28,3.0525085695,0.25399607020000003,1.3088919251,0.33333333330000003,0.33333333330000003,12.375,0.0791666667,1,-0.0021666667,-1.625,12.208333333299999,0.2110520095,2.0,-0.0046950355,-2.1938534278999997,1.0833333333,1.0,-0.1126767113,0.5345052083,8.5,6.5,1.8473324751,0.6302150302,1.5535231121000002,-0.1633873417,0.0,2.0,3.8333333332999997,1.5,1.8333333333,3.3333333332999997,2.6666666667000003,3.5,3.6666666667,4.3333333333,2.5,2.0,5.3333333333,3.6666666667,1.1666666667,6.333333333300001,-3.5905879051,-1.7736226874,-0.5638194763000001,3.4283377134,2.526709511,0.0496916582,2.0606217819,16.6666666667,100.0,77.7777777778,5.833333333300001,2.0,3.75,4.0,4.25,3.0,2.625,30,-1.2005538776,3.0572519702,15,182.0,8,1.0,1.1333333333,0.7275070667,0.0013907151,0.9213012695,0.0022921817,0.6111111111,0.0256124969,0.0256124969,0.06403124240000001,2,-1.4604672062,1.7805876548,0.3786013052,1.7593472791,-0.6952689540000001,5.1333333332999995,295.6666666667,2.8220625667,0.2126362632,1.8931776702,45.0,77.0,43,,,0.5493579386999999,8,1.316001643,0.4240702871,1.5061904738,-0.44698573090000004,0.0,0.25,0.5,0.1666666667,83.0,0.1,0.4,0.6000000000000001,0.1,2.1764916583000002,0.4027872613,1.4340660659,-2.4553333978,0.32107843140000003,0.0394692662,2.5709174204,0.2309416521,0.9594550366,-1.4460591227000001,285.5,6.2,5.8,268.6666666667,3.3836598232,0.3078777628,1.4097369081,265.1666666667,271.0,3.2480362583,0.2934605536,1.349480394,5.833333333300001,37.8077473372,2.3609884362,0.3602445395,1.427280555,-0.9164887151,4.5,3.0,3.5,1.5,4.0,64,0.3315772126,-0.0476641768,1.1751676253,0.0329818254,1.9091671709,-0.7984984405000001,-0.170673396,3.8,3.6666666667,3.5555555556,2.4666666666999997,1406.6,10,7,2998.0833333333003,1.3814750747,-0.9506921586,2.6,1.0,2.3333333333,1.5714285713999998,1.8333333333,0.17076405530000002,0.4009546864
s541,0.6454608620000001,0.2453127189,1.5004227799,1.3,37.7272727273,0.2666666667,788,32.75,0.33333333330000003,625,-1.1316093411,-1.1925233234,2.9578139841000004,0.3809821714,1.5254648557,-1.2728974066,0.0012596541,0.0035967865000000004,0.0857197266,3.6666666667,3.7142857143,4.0,2.5,2.0,3.0,2.4285714286,57,2.9085061969,0.2912074099,1.2429943232,0.33333333330000003,0.5,12.75,-0.025,1,0.001,-2.75,15.833333333299999,0.15,1.0,-0.002,-3.6666666667,1.0,1.7272727273,0.2142348754,1.0406710727,7.1,5.4,1.3978709341,0.3846119946,1.5783225861,-0.34766984640000004,0.19444444440000003,1.0,1.6666666666999999,1.0,1.3333333333,2.8333333332999997,4.3333333333,3.6666666667,5.666666666699999,5.1666666667,2.1666666667,1.0,2.3333333333,1.6666666666999999,1.6666666666999999,4.3333333333,-1.8060790395,-0.7142703029,-0.38335487939999996,1.7442625809,1.2029423184,0.0905987628,1.5492772659,44.4444444444,33.3333333333,29.6296296296,5.833333333300001,4.25,3.75,3.5,4.0,3.4285714286,3.0,50,-1.0816155204,3.2951286846,33,133.0,7,1.0,1.3333333333,0.7488066673999999,0.0013777649,1.0,0.0019082342,0.5277777778,0.0256124969,0.0256124969,0.009797959,2,-1.1295617034999998,1.3287977595,0.4418574604,1.6919877369999998,-0.024378544199999998,4.0666666667,,,,,,,47,49.1935255166,-45.5545166264,0.4720466176,2,1.6423991528,0.40971485939999996,1.7363564491999999,0.06937091349999999,0.8333333333,0.4166666667,0.5833333333,1.0,119.0,0.0,0.0,0.6000000000000001,0.4,2.6121379009,0.4379385132,1.4117456684,-1.1471640940999999,0.4742014742,0.0570405332,2.4459906321,0.2478616225,1.4464658596000002,-0.0738978907,295.0,4.8,4.5,344.8333333333,2.5360982924,0.2897121771,1.0824628818000002,295.5,327.3333333333,2.2139452693,0.2966363916,1.0553094578,31.8333333333,35.2319327731,2.05017155,0.42379035159999995,2.0006549262999997,-0.9163892847,6.0,6.0,6.0,6.0,4.5,30,-0.7004690907000001,-0.5900172173,0.5269586929,0.3023646229,1.3998924886000002,-0.2654325869,-0.14489529939999998,2.3,3.5555555556,2.3333333333,2.5333333333000003,2396.0433333333,17,2,2330.6666666667,-0.15075509080000002,0.20294084399999998,1.8,2.0909090909,2.1666666667,1.9285714286,2.0833333333,0.9235938225,0.2345125249
s542,1.1632232155,0.0288940998,2.0590963027,2.15,41.2,0.33333333330000003,781,16.315789473699997,0.3666666667,296,-0.245169064,-1.0085213990000002,2.9690127179,0.3304612221,1.5191727763,-0.5359129921,0.0714569335,0.0232818604,0.7385019531,3.0666666667,3.5,4.7333333333,2.0,2.0,2.6,1.8571428571000002,48,3.4833388268000003,0.3102500856,1.2035793605,0.33333333330000003,0.1666666667,12.958333333299999,0.054166666700000005,0,0.0035,-0.7916666667000001,19.3333333333,0.053553616000000005,0.0,0.0027331671000000004,-1.9644638403999999,1.25,1.9090909091,0.0935627764,0.6780225794,6.5,7.6,0.7104483759,0.3618796582,1.3764327961000002,-1.8894540504,0.11111111109999999,2.3333333333,1.6666666666999999,1.8333333333,2.6666666667000003,4.0,3.5,3.5,4.6666666667,4.0,1.6666666666999999,2.0,1.5,2.1666666667,3.1666666667000003,5.5,-1.5352745394,-0.7014216190000001,-0.4250370944,3.1507729495,2.1868458545,0.23333616129999998,1.5999826338999998,33.3333333333,11.1111111111,11.1111111111,5.0,2.5,4.0,3.25,4.875,3.1428571429,1.5,33,-1.3273158840000001,3.310775983,25,193.0,7,1.125,1.3333333333,0.7218710423,0.0015377973,0.6784851073999999,0.0017459648,0.4722222222,0.053929018700000005,0.25,0.158113883,3,-0.4536477782,0.5276619945000001,0.0708166378,1.7321718897999998,-0.3182945357,4.6,236.8333333333,3.1162851086,0.274067442,1.6311299627000002,13.0,88.5,42,5.6751474036000005,-4.2864888929000005,0.2994181843,6,1.5095386705,0.4978394242,1.7754281869,-0.125546914,0.75,0.25,0.5833333333,0.6666666667000001,118.0,0.2,0.30000000000000004,0.7000000000000001,0.2,3.5301510823,0.3704921709,1.8584717474,-2.1259095785,0.3773584906,0.032422157400000005,3.147782184,0.3241530198,1.3038729734999999,-1.1472344638,369.5,5.9,5.3,272.1666666667,3.4097776099,0.3275057004,1.8240394507,,,,,,,,2.0836685929,0.3593715226,1.4733354968,-1.7659618261,5.0,5.5,6.5,5.0,4.5,38,-1.1050191626,-0.246871673,0.7536526854000001,0.3191550361,1.4882084938999998,1.1212762523,-0.1198922516,2.5,2.8888888889,2.5555555556,2.6666666667000003,2229.6944444444002,0,7,3623.1666666666997,,,2.2,2.2727272727,2.0,2.0,2.0833333333,0.8338126162,0.23407772510000002
s543,1.1733251123000001,0.020016021499999998,2.0632637088,2.15,41.0,0.2666666667,863,23.8333333333,0.2,534,0.0405351471,-6.0331289567,0.744008329,0.5172398291,1.162065835,-0.30879813710000004,0.0003216243,0.0007170353,0.0111621094,5.0,3.8928571429,5.466666666699999,2.25,2.75,3.6,3.8571428571,30,3.5771833287,0.33330047100000004,1.5626283559,0.1666666667,0.5,10.791666666700001,-0.0291666667,1,-0.0028333333,-3.125,12.291666666700001,-0.0560606061,1.0,0.0035454545,-1.7727272727,1.5,1.3636363636000002,-0.07301378929999999,0.7432862666000001,7.4,5.6,1.7835749102,0.5105326429,1.5658468913999999,0.4411693176,0.5555555556,2.6666666667000003,2.6666666667000003,1.1666666667,2.6666666667000003,4.6666666667,5.0,6.0,5.1666666667,5.0,2.0,2.0,2.0,3.1666666667000003,2.1666666667,5.5,-4.1654735231,-1.0081222584,-0.2307418761,3.5297248408999997,2.6335605207,0.23240424989999997,1.9501998826,22.2222222222,77.7777777778,66.6666666667,5.0,3.5,2.875,2.75,2.75,2.8571428571,3.625,39,-0.8075379761,4.3503317988,26,121.0,6,1.4375,1.0666666667,0.6906292915000001,0.0008811384,0.7614501953,0.00090221,0.6111111111,0.0015811388,0.0038729833,0.0038729833,2,-0.2166938215,1.5912168608000001,0.4825248127,2.4988498709,-0.29846299,3.3333333332999997,274.6666666667,3.5930441916,0.35382976180000003,2.0847239461,21.5,119.0,41,-4.9536616529,7.3087310065999995,0.8039293866,7,1.0549696893,0.571365243,1.8800711746,-0.3992572878,,0.75,0.75,0.6666666667000001,92.5,0.1,0.1,0.4,0.1,2.885591385,0.4804177172,2.3214956221,-1.9636731641999998,0.5479797980000001,0.05862711740000001,2.9535887218,0.3133570969,1.661315233,-1.4427988115000001,285.0,5.4,4.8,294.8333333333,3.6926210415,0.4065577703,1.8544709583,270.8333333333,329.1666666667,3.9788212136000003,0.35900193840000005,1.9607434402000001,58.3333333333,16.4699980518,2.9117344195999997,0.267821472,2.9641352848,-0.8002299058,3.5,3.0,3.0,4.5,3.5,52,-0.07297206519999999,-0.071476859,0.7882024579000001,0.2610311825,1.7449857306,-0.5069942153,-0.31356064149999996,3.6,3.5555555556,3.4444444444,3.2666666667000004,2526.4148148148,15,5,2716.1666666667,-1.4572359499,0.9724610033,2.1,2.0,2.75,1.8571428571000002,2.0,0.6479484750000001,0.26749825829999996
s544,0.9681709825,0.22247553579999998,1.5794081266000002,1.95,26.956521739099998,0.23333333329999997,600,24.0,0.43333333329999996,376,-0.36757863659999995,-0.6962927562000001,2.9479613743,0.3351607109,2.4429730474,0.3625063781,0.0018406307,0.0008427886999999999,0.0017128905999999999,4.6666666667,4.9642857143,4.0666666667,3.75,3.25,4.0,3.5714285714000003,56,2.5796642144,0.28307984010000004,1.7383249685000002,0.33333333330000003,0.33333333330000003,14.791666666700001,0.0625,1,-0.0008333333,-3.5416666667000003,10.375,0.0247536946,1.0,-0.004438423600000001,-1.8635057471,1.0833333333,1.0909090909,0.4591163439,0.4281817445,4.9,6.2,0.8562810698000001,0.5875713886999999,2.0580352505,-1.2035522270999999,0.2777777778,2.1666666667,2.1666666667,1.5,5.1666666667,3.6666666667,6.166666666699999,6.166666666699999,6.333333333300001,6.166666666699999,4.6666666667,1.5,1.3333333333,2.3333333333,6.0,5.5,-1.8703220048,0.4135458614,0.5076069208,4.3049210956,1.8242148206,0.2651143145,1.6252218753,11.1111111111,77.7777777778,66.6666666667,6.166666666699999,4.25,4.125,4.0,3.625,3.7142857143,3.875,54,-1.2494826612,3.4664424285,26,130.0,9,1.1875,1.6666666666999999,0.5161180258,0.0005452098999999999,0.6121646643,0.0008970839,0.3888888889,0.0636371852,0.009797959,0.0256124969,2,-0.5209270352,1.3511280952000002,0.4304404394,2.0357438444,-0.375712966,4.4666666667,397.1666666667,2.1959679578999998,0.3197392942,1.3764218833000001,31.0,-37.5,41,4.1397420531,-3.2113050538,,3,0.6500626642,0.6748616386,2.0876875781,-0.5578184911,0.4166666667,0.33333333330000003,0.5,0.6666666667000001,117.0,0.30000000000000004,0.2,0.5,1.0,1.9009776274,0.4949542814,1.8706104063999998,-0.8758786863,0.42525773200000005,0.010662587099999999,3.0932778219,0.3208438253,1.5619639691999998,-0.6492581072,334.0,5.3,5.3,464.5,1.8129619019,0.2740656822,1.6949754268,459.8333333333,326.1666666667,1.8381891552,0.1174107399,2.3086065764,-133.6666666667,40.8164270577,2.0228893984,0.399801863,2.0483966376,-0.0488380761,6.5,5.0,5.5,4.5,4.0,43,-0.6140138244000001,-0.6304455010000001,0.9734805027,0.3470807959,1.5999941158000002,0.1197325829,0.1840598664,3.5,4.7777777778,3.2222222222,4.1333333332999995,3395.8,-1,4,5608.666666666701,0.6270073781000001,-0.2956502421,1.7000000000000002,1.7272727273,2.5833333333,2.2142857143,3.0,0.8193917451,0.7532289773999999
s545,1.9381330669999999,0.2905670711,1.4587335634,2.95,42.1666666667,0.4,730,20.375,0.4666666667,290,-0.15881524800000002,-1.0004088226,2.5593363288999997,0.2802185631,1.4754610393,-1.5463240185,0.0092683035,0.0103464355,0.018640625,4.0,3.1785714286,4.3333333333,2.75,2.5,3.4,3.5714285714000003,33,2.4005484792000003,0.27455905750000004,1.7493910131000001,0.6666666667000001,0.0,7.333333333300001,0.0916666667,2,-0.008,-3.5833333332999997,20.3333333333,0.327693475,3.0,-0.019344461299999997,-3.9139388684,1.0833333333,1.0909090909,0.0612526425,0.9704038124,9.0,7.0,1.6648897682,0.34762878049999996,1.6927858204,-0.9908418294,0.30555555560000003,1.3333333333,2.0,2.0,1.6666666666999999,5.3333333333,4.5,5.1666666667,5.5,5.833333333300001,2.5,2.1666666667,1.0,2.6666666667000003,1.8333333333,4.8333333333,-1.5732826123,-1.744801366,-0.9927888592,3.3345572188,1.9814772636000002,0.1827918439,2.1405341751,50.0,0.0,18.5185185185,5.1666666667,4.5,3.375,1.75,3.875,3.4285714286,2.875,43,-1.0816155204,3.2951286846,18,134.0,6,1.125,1.0,0.6323980689,0.0013900617000000002,1.0,0.0015988364,0.6111111111,0.06403124240000001,0.0256124969,0.0256124969,2,-0.9710525967,1.69246769,0.3953047139,2.06663792,-0.2790552638,4.5333333333,283.6666666667,2.2748407184,0.25567375719999996,1.27272367,62.5,92.5,45,14.4377225325,-7.9288856869,0.6374147574,13,2.6965783432,0.4326296879,1.5457464091,-0.8321689531,0.33333333330000003,0.5833333333,0.75,0.5,98.0,0.4,0.30000000000000004,0.30000000000000004,0.0,2.9602751079000003,0.3711121644,1.6904171125999998,-0.7442201326000001,0.6129032258,0.1017368333,2.1570804408,0.2989940384,1.8277584815999999,-0.6088759004000001,297.0,6.6,6.7,279.0,2.6130951575,0.28026244629999997,1.1263033367,241.3333333333,276.3333333333,2.471924344,0.2818902596,1.2446607277,35.0,13.484997163900001,2.5824696474,0.3359958422,2.1591571499,-1.5153742584999998,5.0,5.0,4.0,1.5,4.5,41,-0.4677577913,1.4661418715999999,1.6623985253,0.3253945922,1.3783711601,-0.1662843712,-2.2913818122,3.5,3.7777777778,2.1111111111,2.6,1671.7106060606,6,5,2456.75,0.8461889608000001,-0.4567584025,2.1,2.0909090909,2.75,2.0,1.3333333333,0.8109987403000001,0.1544180054
s546,1.0140628404,0.096113143,1.3598750013999998,1.2,8.551724137899999,0.033333333300000004,247,1.0,0.033333333300000004,28,0.012126918600000001,-1.1844088098,3.4913449668000003,0.44378832450000005,1.9043628852,-0.3832737602,0.0003250559,0.00032846449999999994,0.0095693359,4.2,3.75,4.6333333333,1.5,3.5,3.8,3.4285714286,45,4.4195671551,0.29859334600000004,1.4635704912,0.6666666667000001,0.1666666667,9.75,0.0666666667,2,-0.012,-2.25,19.5416666667,0.2652018503,2.0,-0.0053254836,-2.2382253995,1.0833333333,1.0,0.0419481018,0.7608034779,8.6,6.1,2.6090118137,0.5470099679,2.8107896483999997,-0.5463656905000001,0.33333333330000003,1.0,2.1666666667,1.3333333333,3.5,4.1666666667,5.0,5.0,5.5,4.0,1.8333333333,1.0,3.0,2.1666666667,4.0,5.3333333333,-0.3792604245,1.1669748107,0.3298219498,4.6604910377,2.8620775725,0.1359967896,2.2221666075,33.3333333333,77.7777777778,40.740740740700005,5.1666666667,2.5,3.5,3.0,3.5,3.4285714286,4.0,45,-1.0705413209999999,3.8243251091,26,231.0,6,1.3125,1.6,0.6850069045999999,0.0009591563,0.6830046654,0.0011734466,0.6944444444,0.0015811388,0.009797959,0.0038729833,3,-1.22805212,1.7438681182,0.400947461,1.1900240523999999,-0.7005505801999999,5.0,362.0,2.8814266425,0.2465460848,1.8373218188999998,33.0,94.5,37,14.6814598978,-10.5916206834,0.5268360073,10,1.3133120056,0.5722705443,1.5748664205,-0.7459782259000001,0.9166666667,0.1666666667,1.0,0.9166666667,125.5,0.4,0.5,0.7000000000000001,0.5,2.7277360532999997,0.44572405579999996,1.5751901272,-1.1844328372,0.4181360202,0.0493347703,3.3755381669999998,0.31963037850000003,2.0610591037,-0.36985811520000006,364.5,6.9,6.0,392.8333333333,3.0277136642,0.3485047565,1.2486723544,246.1666666667,264.3333333333,3.1929728381,0.35952949,1.5154340471,18.1666666667,111.8267378094,2.4257007916999997,0.4119097758,1.8195815113,-1.5923582762,6.5,4.5,3.5,3.0,5.0,47,-1.2266288452,-0.4916587242,1.5396991706999998,0.3511802704,1.3512139847,0.34838289990000004,0.46281631149999997,2.8,3.1111111111,2.4444444444,3.7333333332999996,2031.7916666667002,15,7,2407.3333333333,-0.34205296259999995,0.0465200156,2.0,2.0,1.4166666666999999,1.2857142857,2.6666666667000003,0.8295909737999999,0.35598351380000004
s548,0.5800722843,0.0371578436,1.1820934496,1.45,24.8,0.1666666667,600,23.947368421100002,0.3666666667,425,-0.7225601818999999,-1.2589694248,2.0492801359,0.3526049711,1.287572961,-0.2954443918,0.0155981648,0.1051726074,0.3297158203,3.8666666667,3.0357142857,3.4666666667,1.75,2.0,2.6,3.0,51,5.9537671367,0.2482008047,2.1396138879,0.1666666667,0.6666666667000001,13.25,0.4166666667,3,-0.0093333333,-2.1666666667,20.25,0.0312967581,0.0,-0.0007182045,-0.3495428096,1.0,1.4545454544999998,-0.0228188752,1.2251503689,6.5,4.7,2.6263778531,0.4302366861,1.2995070267,0.1657869179,0.11111111109999999,1.0,2.5,1.0,1.8333333333,3.1666666667000003,5.833333333300001,5.5,6.5,6.666666666699999,3.0,1.0,1.0,1.0,2.3333333333,3.1666666667000003,-0.08438816810000001,0.028817687,0.0,5.320134937200001,5.6853728061,0.1656789618,8.083426511499999,33.3333333333,0.0,18.5185185185,4.3333333333,5.5,3.375,2.625,2.25,3.8571428571,3.75,44,-1.1652624446,3.6348828618,27,146.0,6,1.1875,1.4666666667,0.5690826774000001,0.0007670438000000001,0.7079589843999999,0.0013713535999999998,0.4722222222,0.06403124240000001,0.06403124240000001,0.0256124969,1,-1.2162941399,1.7694094897,0.4350798968,1.5100152222999998,-0.025913215200000003,4.4666666667,331.8333333333,3.3396959763,0.3338456732,1.1758090726000001,65.5,35.0,45,,,0.4809420449,9,1.6905216888999999,0.5261674101,1.7324597334,-0.2963186036,0.5833333333,0.25,0.75,0.6666666667000001,115.5,0.0,0.30000000000000004,0.8,0.4,3.2378878943,0.4051121464,1.485987951,-1.2894451608,0.3480392157,0.0105905452,3.2138855197000002,0.2767561872,0.9697784734,-1.2907604356,305.0,4.4,4.2,381.8333333333,4.0805343354,0.28060618719999997,1.7846792933000002,242.8333333333,273.5,2.8898977405,0.35400536109999997,1.2237553983,30.6666666667,32.7919448861,2.6240444879,0.3419523385,1.5176079597,-0.7337408843000001,4.0,6.5,4.5,3.0,7.0,43,-0.1514749138,0.008820900100000001,0.7330238199,0.1196127048,1.6443549493,-0.8972146676999999,0.0947847209,4.7,2.5555555556,3.1111111111,2.2666666667,2867.675,13,5,2806.25,0.4109108419,-0.31845373109999997,1.0,1.2727272726999999,2.0833333333,1.0714285714,2.5833333333,0.2045398932,0.2056493495
s549,1.6109494080000002,0.27737727560000003,0.9818484812999999,1.9,13.653846153800002,0.1333333333,351,8.0769230769,0.1333333333,201,-0.5000807675,-1.8005082576,2.7602074745999996,0.3637753955,1.173433479,-0.3722888222,2.26777e-05,0.0006972370000000001,0.15536328130000002,3.4,3.7142857143,4.0333333333,3.5,3.25,4.0,1.8571428571000002,47,3.5138898969,0.25760422720000004,1.1846176445999999,0.8333333333,0.0,23.9583333333,0.0041666667,1,-0.0011666667,-1.375,23.5,-0.0538653367,1.0,-0.001472153,-2.9389027431,1.0,1.4545454544999998,0.1803068236,1.1017030115000002,6.8,5.8,2.1835316524,0.33634672660000003,2.2892800234,-0.2189035352,0.33333333330000003,3.3333333332999997,4.0,2.5,3.0,3.8333333332999997,3.3333333332999997,3.6666666667,4.0,3.6666666667,2.0,1.6666666666999999,5.666666666699999,3.1666666667000003,4.5,5.1666666667,-1.8448814043,0.0036958447999999996,0.5390048070000001,4.2421253233,2.3203799462,0.0187809982,2.1512008662,44.4444444444,33.3333333333,51.851851851899994,6.0,3.75,4.125,4.125,3.875,4.0,3.625,48,-1.2890129855,3.38738178,30,206.0,3,1.1875,1.7333333333,0.681635952,0.0019745884,0.8805252075000001,0.0021307687,0.6388888889000001,0.0250316331,0.0256124969,0.0099597577,6,-1.4922036166,1.8501428158000002,0.3284403979,1.2059567415999999,-0.46349151369999997,4.3333333333,444.1666666667,1.8298621196,0.3429262195,1.0627508482999999,35.5,58.5,46,6.7537836829,-5.484775809099999,0.4988707184,5,2.0254005178,0.449332787,2.2280860996,-0.26167673199999997,0.6666666667000001,0.6666666667000001,0.6666666667000001,0.8333333333,137.0,0.1,0.8,0.7000000000000001,0.9,2.9175217619,0.34197933399999997,1.7934767631,-1.1734748445,0.5517241379,0.023776654900000003,3.3367069963,0.28721453329999996,0.9912973059,-1.3851439762,300.5,6.7,5.3,265.5,3.8253356283,0.32911991739999996,1.5987254270000002,263.1666666667,234.0,2.3357202006,0.3138818466,1.3500760573,-29.1666666667,122.7682344922,2.5530526036000003,0.31731870630000003,1.7597980972999998,-0.6795433660000001,6.0,6.0,6.0,6.0,6.0,53,-0.09461205339999999,-0.3138381026,1.8306810188999998,0.3584917608,1.2456425581,-0.7294735954000001,-0.221943467,2.5,3.4444444444,2.2222222222,3.4666666667,1808.6697530864,31,5,2133.8333333333,1.131412832,0.2429461786,1.3,1.4545454544999998,2.1666666667,2.2142857143,3.25,0.1519032881,0.2097647396
s550,1.3608502185,0.2831945475,1.4701338722,2.75,42.777777777800004,0.4,734,26.4375,0.4666666667,406,0.15281932380000002,-0.4403857578,3.9743618823,0.2975983022,2.7594846358,-0.2211752735,6.98187e-05,0.0003279972,0.0009228516,4.8,4.1071428570999995,4.2,2.25,2.5,2.8,2.0,37,3.1317335381,0.2952459941,1.5698972203,0.5,0.33333333330000003,8.375,0.2791666667,3,-0.0071666667,-2.375,13.291666666700001,0.31703741150000003,3.0,-0.005726996999999999,-5.4317492416999995,1.0,1.3636363636000002,0.2442413393,0.3421129415,6.6,7.0,2.1353982609,0.4137110339,1.9853557791999998,0.3590203175,0.8333333333,2.1666666667,3.5,2.0,3.1666666667000003,4.8333333333,5.666666666699999,5.3333333333,6.166666666699999,5.3333333333,3.1666666667000003,1.6666666666999999,1.3333333333,3.8333333332999997,3.0,6.0,-1.1676009156,-1.6245199974000002,-0.6263483854999999,2.3845944148,1.786066573,0.1378878111,1.9110599516999998,66.6666666667,33.3333333333,18.5185185185,4.8333333333,5.25,3.125,2.125,4.375,2.8571428571,3.125,48,-1.2379163798,2.9825269658,16,278.0,7,1.0625,1.5333333333,0.5,0.0009863392,1.0,0.0011988351,0.6111111111,0.0002011893,0.0006324555,0.0006324555,2,-0.6594155722999999,1.5672311105,0.4675970028,2.369313001,-0.4851994287,3.7333333332999996,192.6666666667,3.327640237,0.3272648319,2.2825847951,14.0,123.0,43,,,0.6461344906,17,1.9940679666,0.4104086643,2.2517497516,-0.4236388464,0.75,0.4166666667,0.9166666667,0.8333333333,105.0,0.2,0.4,0.4,0.4,2.8023692765,0.4684513039,1.9324808714,-0.8064065701,0.4371859296,0.0182397901,,,,,295.0,5.8,6.6,291.6666666667,6.3273560951,0.3560343414,2.6626688221,260.5,237.3333333333,4.5096476118,0.3397583047,2.7240479061,-23.1666666667,6.5890577508,3.1902359295,0.3355926803,2.9102090922,0.0956275359,3.5,5.0,6.0,1.0,6.0,49,-0.2112822436,-0.055587053,1.8054479165000001,0.3671584625,2.1113335027,-0.4682286138,-0.3917388625,2.5,2.6666666667000003,3.2222222222,2.8,3130.9166666666997,-2,8,5052.0,3.0012464542000004,-0.33647223660000003,2.2,1.6363636363999998,2.75,1.9285714286,2.75,0.9165097967,0.3117052972
s551,1.0901730672,0.25624558059999997,0.8656408941,1.05,44.5454545455,0.2666666667,930,32.5,0.33333333330000003,620,-0.45422982009999996,-0.5511851846,4.4416891241,0.2744686689,2.5831330433,-0.7309114120000001,0.0001689137,0.00082724,0.0086455078,2.3333333333,3.6428571429,2.5666666667,3.75,3.75,4.0,2.8571428571,62,4.0279416393,0.23230874489999997,1.2462624032,0.5,0.5,24.7916666667,0.0375,1,0.0011666667,-2.625,24.625,0.0373239437,1.0,-0.0024225352,-2.3732394366,1.0,1.7272727273,-0.3086765836,0.5550782957,5.8,4.8,2.031570807,0.4366175668,1.6696048191,-0.7705693145,0.25,2.0,3.8333333332999997,1.1666666667,5.666666666699999,7.0,7.0,3.3333333332999997,4.1666666667,3.0,1.5,1.0,3.8333333332999997,3.0,4.1666666667,6.833333333300001,-3.2361062651999997,-0.10143061880000001,0.1932209246,4.933693088,3.1783787563,0.006640797600000001,2.5969641773000003,66.6666666667,0.0,11.1111111111,5.833333333300001,1.0,5.0,5.0,4.625,2.5714285714000003,4.75,52,0.0,5.965407751,39,158.0,3,1.125,1.9333333333000002,0.6842736960000001,0.0012041722,0.7744644165000001,0.0014360079,0.6111111111,0.009797959,0.009797959,0.009797959,4,-1.5266428382,0.9435031474,0.3594184502,1.5010067575,-0.3337869148,5.4,336.0,2.4276235980000003,0.09300821199999999,2.0173348892,37.0,55.0,46,-7.2972734523,10.3174270115,0.3858145427,10,1.4455373000999998,0.5078520744,1.7973389118,-0.3201148949,0.8333333333,0.5833333333,,0.8333333333,150.0,0.2,0.6000000000000001,0.9,0.8,3.3700646568,0.4142420080000001,1.5386141207,-2.8586453762,0.4717444717,0.0696686418,3.6357486041000002,0.2820739151,1.293248594,-0.9907856352,287.0,5.1,4.7,,,,,265.1666666667,393.6666666667,3.0786539825,0.3044342111,1.3819297308,128.5,50.1614015229,2.5349196082,0.3412121319,1.7414007319,-0.7983576747000001,7.0,7.0,7.0,7.0,7.0,36,0.510386756,-0.6989289879999999,2.226985027,0.3399462989,1.2933343070999999,-0.550260513,0.1490826544,1.6,4.8888888888999995,1.3333333333,3.6,3729.5619047619,-7,6,6098.291666666701,-0.0095563867,0.5753641449,1.0,1.3636363636000002,1.25,1.0714285714,3.4166666667000003,0.42329825880000005,0.3446813928
s552,1.2787451949,0.0414627801,1.8158855229,2.6,28.6363636364,0.2666666667,600,25.4545454545,0.2666666667,530,0.010548681499999999,-0.6014532397,3.5489624711000003,0.3203019729,3.4489232707,-0.5953687454000001,0.0001398723,0.013396606399999999,0.011417968799999999,5.0,3.6428571429,4.9,2.0,2.25,3.6,2.8571428571,37,2.6026878467,0.23887830489999998,1.8501875756,0.6666666667000001,0.0,5.458333333300001,0.0125,1,-0.0075000000000000015,-0.20833333329999998,30.1,-5.551115123e-16,1.0,-3.486794187e-16,-1.0,1.0,1.0,0.0762291578,0.8107595839,9.1,8.7,1.5903532224,0.41655627729999994,2.3977127537,-1.5788671951,0.19444444440000003,3.0,3.6666666667,1.8333333333,2.1666666667,1.8333333333,3.8333333332999997,4.3333333333,4.8333333333,4.0,3.5,1.8333333333,2.3333333333,2.6666666667000003,3.1666666667000003,3.8333333332999997,-0.6401025588,-0.4977209653,-0.7548590440999999,3.8104168489999997,1.9485552450999999,0.0082808572,2.7733013937,50.0,22.2222222222,33.3333333333,2.5,5.75,1.75,1.625,4.25,2.5714285714000003,2.375,50,-1.1195720593,3.7262636324,28,178.0,9,1.0,1.3333333333,0.6641836165999999,0.0018230418,0.6802015305,0.0014477173000000002,0.6111111111,0.0256124969,0.0256124969,0.0256124969,2,-1.6432588859000001,1.8300894848,0.3908674423,2.029383358,-0.8802439359,3.4,,,,,,,46,17.0671822881,-8.0716091598,0.6450719228,17,1.7826466606,0.479254151,1.9938482526,0.27908642370000003,0.9166666667,0.5,0.6666666667000001,0.9166666667,91.0,0.30000000000000004,0.2,0.5,0.6000000000000001,3.3060958931999997,0.4319605419,2.0725053242,-1.7083112666999998,0.41191067,0.0457884254,3.3986400238999996,0.26141525050000003,2.1764590288,-0.5270827282,386.0,6.5,6.5,346.6666666667,3.2292106935000002,0.33784757130000004,1.0912439106,284.6666666667,288.0,3.4860858689,0.3482649255,1.4041124828,3.3333333332999997,26.010290675,1.3265010365,0.0280372282,2.1521642340000002,-0.6857494577000001,5.0,2.5,6.0,2.0,5.0,32,-0.1942593124,0.412936671,1.2909752452,0.3596206165,1.5307639259,-0.43490214479999995,-0.38526282079999996,3.0,2.7777777778,2.3333333333,2.0,1952.6045454545,1,8,4049.1666666666997,0.4767833162,1.1882244473999999,2.1,1.8181818182,1.75,1.5714285713999998,2.0833333333,0.7687518301,0.2480322805
s553,0.8448410110000001,0.1828216902,1.3253194778,1.75,14.2857142857,0.0666666667,385,9.75,0.0666666667,263,-0.0324679312,-0.29113961650000003,3.0991099106,0.4061862303,1.6779497193000001,0.5850292685,0.0001166017,0.0009394035,0.0147910156,3.4,2.6785714286,4.2666666667,3.25,2.25,3.8,3.1428571429,60,5.9555808116,0.2855913827,1.4997235496,0.1666666667,0.8333333333,5.0833333333,0.1083333333,2,-0.0123333333,-2.25,1.4166666666999999,0.0392857143,2.0,-0.0015714286,-0.0654761905,1.0,1.8181818182,-0.1358475264,0.6138189048,8.5,6.6,2.6353880953999997,0.531948116,1.3779972641999998,0.0611132847,0.22222222219999999,3.0,4.0,1.0,1.6666666666999999,2.8333333332999997,3.6666666667,4.6666666667,3.8333333332999997,4.1666666667,1.6666666666999999,2.5,4.0,2.6666666667000003,1.8333333333,5.666666666699999,-1.5599295468,-1.1569017251,0.0,5.320134937200001,3.7151428748,0.2936453748,1.33495016,72.2222222222,66.6666666667,37.037037037,5.5,4.5,4.625,3.0,4.125,2.4285714286,3.0,46,-1.1195720593,3.7262636324,34,157.0,3,1.1875,1.1333333333,0.8378417968999999,0.0006071291,1.0,0.0012102976,0.6944444444,0.0038729833,0.009797959,0.009797959,6,-1.5000836247,1.7365606628,0.403054022,1.1939082415,0.24720530219999998,4.9333333333,,,,,,,45,-11.048576992000001,12.328843994200001,0.5772407812,3,1.2379525008,0.5217711928000001,1.4522887365000001,-0.12563833430000002,0.6666666667000001,0.8333333333,0.5833333333,0.8333333333,132.0,0.5,0.2,0.2,0.0,4.0334843532999995,0.4640038492,1.3832239866999998,-1.8140476108,0.36341463409999997,0.034208915299999997,4.6692237395,0.3134845435,1.6882447016,-0.3478358686,275.0,4.2,4.0,367.0,3.4063056501999998,0.35264302410000004,1.5935279088,261.3333333333,251.5,6.4921881148,0.3109498955,2.8129213519,-9.8333333333,32.4428133985,2.9474466494,0.3649666773,1.6466332352000002,-1.1002770213,7.0,7.0,7.0,3.0,4.5,44,0.2668700015,0.2659698862,2.0965548445,0.406346742,1.1450110378,-0.9740307757,-0.30139822380000003,2.2,4.5555555556,2.4444444444,3.1333333333,3591.5208333333003,16,4,3218.1666666666997,-0.9884613447,0.0,1.1,1.8181818182,2.1666666667,1.7142857143,1.6666666666999999,0.5811404673,0.639234214
s554,1.0246185903,0.1922067127,1.7333996344999998,2.35,51.9444444444,0.4,879,24.8,0.5,351,-0.8495373314,-1.2966946543,2.9910197276,0.3957264261,1.6833942712,-0.3984500118,0.0001369792,5.048940000000001e-05,0.016265625000000002,4.0,3.1071428571,3.4333333333,2.0,1.75,3.4,3.1428571429,40,1.8562968384,0.0182826824,2.8104751545999997,0.5,0.1666666667,16.8333333333,0.4666666667,3,-0.012666666699999999,-3.5,15.208333333299999,0.27485294120000003,3.0,-0.0252983193,-3.3514705882,1.0833333333,1.1818181818,0.2481082155,0.7182460132999999,9.0,4.4,1.8310000337999999,0.5393220817000001,2.3022854058,0.3800412418,0.7777777778,3.3333333332999997,3.5,2.3333333333,4.1666666667,4.8333333333,5.5,4.0,5.0,4.1666666667,3.0,2.5,3.3333333332999997,3.1666666667000003,4.1666666667,4.6666666667,,,,,,,,61.111111111099994,66.6666666667,66.6666666667,5.0,3.25,1.75,3.75,3.5,3.2857142857,2.625,46,-0.6161036504999999,2.9154497681,22,219.0,7,1.0,1.3333333333,0.7370800018000001,0.0014676892000000002,0.9389633179000001,0.0014440161999999999,0.44444444439999997,0.003935979300000001,0.003935979300000001,0.009797959,4,-0.8605706312000001,1.8188269872999998,0.38792256869999997,1.9375574619,-0.3051189956,2.4,294.0,2.5914515176,0.25267140790000003,1.2131609884,62.0,23.5,48,37.7067173799,-26.5068844082,1.0114461184,5,2.0174928306,0.6103137193,2.2448695792,-0.5330967103,1.0,1.0,0.9166666667,0.75,117.0,0.1,0.5,0.9,0.4,,,,,0.4888888889,0.0663202798,1.7308425362,0.4402307513,1.6051518619,-0.23022614309999997,385.5,5.4,4.7,446.3333333333,1.5658053747,0.2466886664,1.3075866089000001,285.8333333333,339.5,3.1280805135,0.3014799544,1.1456974724,53.6666666667,4.0536548049,1.5743802002,0.09072246630000001,2.28290487,-0.9881776995999999,6.0,4.0,4.5,2.5,5.0,41,-0.7729280783,-0.2782205841,1.8400494699,0.3034545662,1.7261105781,0.7597364791,0.0758218269,2.4,3.4444444444,1.7777777778,2.7333333332999996,3006.5833333333003,1,8,3997.5,0.8266785731999999,-0.0465200156,2.2,1.4545454544999998,2.0,1.7857142857,2.5833333333,0.8418728562000001,0.4367230596
s556,0.8761807039,0.4052903689,1.630084088,1.45,43.6666666667,0.4,766,25.1666666667,0.4,433,0.20119947719999998,-0.8091002008,3.1226585723,0.37659437009999996,2.5646679734,-0.9345875255,0.000887196,0.0051559143,0.0013427734,5.533333333300001,4.75,4.4333333333,4.0,3.5,4.0,3.1428571429,38,1.9950307769,0.3247194734,1.4846443784999999,0.6666666667000001,0.33333333330000003,3.8333333332999997,-0.0416666667,1,0.0003333333,-2.0,16.4166666667,-0.0058641316,1.0,-0.0042136296,-1.8131809442,1.3333333333,2.0,0.39362437969999997,0.15455866869999998,6.5,6.1,,,,,0.2777777778,2.1666666667,2.6666666667000003,1.6666666666999999,2.1666666667,4.5,6.0,5.3333333333,6.166666666699999,6.166666666699999,5.1666666667,2.6666666667000003,1.6666666666999999,2.8333333332999997,2.6666666667000003,5.1666666667,-0.8548610870000001,-1.5559623155000002,-0.5042098577,1.0084197154999999,0.9888532118,0.3026576019,1.6633994145000002,77.7777777778,0.0,33.3333333333,6.166666666699999,5.25,4.375,4.375,3.25,3.8571428571,3.625,56,-0.8011914098,2.1090770259,23,,9,1.5625,1.2,0.5912019968000001,0.0007079677,0.5318856597,0.0008580133,0.4722222222,0.0038729833,0.0256124969,0.0099597577,4,-1.0631079596,1.2016019729,0.5101661654,1.9002213138,-0.3522904287,3.6666666667,,,,,,,39,-23.090017867399997,25.5511109087,1.0336375479000002,9,0.8437581415000001,0.776734887,1.9088904246,-0.35866494039999997,0.75,0.8333333333,0.5,,122.5,0.6000000000000001,0.5,0.2,0.30000000000000004,2.0491863544,0.47616882,1.6225733743000001,-1.1714564451,0.4954682779,0.0223348382,1.8153697075,0.3235941933,1.7188832165999999,-0.12161940289999999,381.0,5.8,4.8,511.0,2.0783336506,0.4312652014,1.5054628997,493.6666666667,556.1666666666999,1.5452988601,0.23906196899999999,1.6594256782,62.5,-28.8881569677,2.3703947798,0.444082835,2.6514163894,-1.1211072181,3.0,4.5,3.0,2.5,3.0,40,-0.3233843219,-0.5686349468999999,0.7786376516,0.0274836193,2.3676637539,-0.2615230429,0.5161782469,2.4,3.2222222222,2.3333333333,3.8,1748.2222222222001,18,9,3039.8333333333003,,,2.3,2.3636363636,3.1666666667000003,2.4285714286,2.4166666667,0.7309773423,0.4631683476
s557,0.5010693078,0.21798162699999998,1.529330371,1.05,19.76,0.1666666667,491,20.85,0.33333333330000003,405,-0.218024064,-0.27780499420000004,3.7529880443,0.3023232684,2.8221604105,-0.9735853089,0.00017542150000000002,0.0006814690000000001,0.0036533203000000004,3.6666666667,3.2142857143,4.0,3.0,2.75,3.2,2.8571428571,38,1.4072361866,0.2851097889,1.6571752314,0.33333333330000003,0.5,11.958333333299999,-0.1625,0,-0.0028333333,1.7916666666999999,23.125,-0.0271186441,0.0,-0.0023638963,0.8367367776000001,1.1666666667,1.4545454544999998,0.0733310959,0.24824566760000003,4.8,3.1,,,,,0.3888888889,2.1666666667,2.5,1.1666666667,2.8333333332999997,4.1666666667,4.6666666667,5.833333333300001,6.166666666699999,4.8333333333,4.1666666667,3.0,2.6666666667000003,1.0,2.5,4.8333333333,,,,,,,,16.6666666667,11.1111111111,40.740740740700005,5.0,5.0,2.375,2.875,2.625,3.2857142857,3.25,42,-0.8893284576999999,4.1867508355,24,107.0,5,1.125,1.1333333333,0.7405311584000001,0.0015409030000000002,1.0,0.0018751285999999998,0.1388888889,0.158113883,0.06403124240000001,0.0256124969,2,-1.6471287311000002,1.052133851,0.5357941939,1.6258034844999998,0.07408887580000001,3.4666666667,,,,,,,44,0.9957333523999999,-0.2940286144,0.5583678192,1,,,,,0.5,0.75,,0.4166666667,104.0,0.5,0.4,0.7000000000000001,0.1,1.6800874766999998,0.39016395229999995,1.8848254494999999,-1.9494664456,0.4103194103,0.035387097900000004,1.8733002749,0.35759681579999997,1.7361208063999998,0.25852933,344.0,3.6,1.6,,,,,,,,,,,,1.6545987748000002,0.35916261790000004,1.4935627040000001,-1.3141714591,4.5,6.0,5.0,4.0,6.0,46,0.4313983538,-0.07266310720000001,0.4897711938,0.0247009268,1.9320007285,-0.6566820932,-0.0753726218,4.0,3.5555555556,2.4444444444,3.0,1807.0730158729998,22,5,3114.9166666666997,,,1.8,2.0,2.4166666667,2.4285714286,2.25,0.14448448279999998,0.2754326399
s559,0.8888316533,0.3323224945,1.305919541,1.35,31.5789473684,0.3666666667,580,29.4117647059,0.43333333329999996,470,0.0557004085,-0.4147008262,2.7077961091,0.4126045331,1.6753729291,-1.1865266146,0.0057937286999999995,0.009575073199999999,0.0815917969,4.0666666667,3.2142857143,4.0666666667,2.75,2.75,3.4,2.8571428571,40,4.1630508185,0.35853060740000003,1.4988530528,0.6666666667000001,0.33333333330000003,12.041666666700001,-0.0791666667,2,-0.0048333333,-2.7083333332999997,12.083333333299999,-0.002754591,2.0,-0.0063038397,-1.5936978297,1.3333333333,1.1818181818,-0.533131755,0.7233873734999999,7.2,5.8,1.2221148645,0.5131558894,1.5101031619,-1.6146820303,0.0833333333,3.5,3.1666666667000003,1.8333333333,3.0,5.0,4.0,5.5,4.0,4.8333333333,2.3333333333,3.0,2.1666666667,3.0,2.0,5.1666666667,-2.8215021561,-0.11218979679999999,0.3346735035,4.6507879302,2.2772989374,0.2707835203,1.5628108716999998,22.2222222222,100.0,70.3703703704,5.3333333333,5.0,3.375,3.625,3.625,2.2857142857,3.0,54,-0.6161036504999999,2.9154497681,23,116.0,7,1.1875,1.6,0.6646472931,0.0005963426999999999,0.7619123459,0.0007748089000000001,0.7777777778,0.0038729833,0.0099731538,0.06403124240000001,2,-1.5121991023,1.5381720215,0.5053864713,1.5461429056,-1.0066122542,4.3333333333,422.0,2.1606938392,0.3868621967,1.466507999,68.0,92.0,45,,,0.6015868257,10,1.2921192553,0.5244576865999999,1.8565466128,-0.3244495075,,0.33333333330000003,,0.6666666667000001,100.0,0.4,0.5,0.6000000000000001,0.6000000000000001,2.1107333335,0.4748815151,1.9242726799,-1.656372865,0.4708860759,0.1721478553,2.906618864,0.3167358313,1.5812147428,-1.6122789522,409.5,5.9,6.7,451.8333333333,2.265650289,0.3954212256,1.0378264453000001,347.3333333333,434.0,2.6035883691,0.356302875,1.2580244479,86.6666666667,8.051635111900001,1.9083762409,0.4187308219,1.5299320341,-1.6408343159999998,6.5,4.5,3.0,1.0,3.5,38,-0.21876879780000003,0.202879398,1.4263959924,0.38276151630000005,1.5551186,-0.0310403485,-0.8265975841000001,3.6,3.6666666667,2.7777777778,2.4666666666999997,2278.5575757576003,-1,10,4395.5,1.0841961543,0.476234179,2.2,1.6363636363999998,2.25,2.5,2.4166666667,0.1548348139,0.45942180880000005
s560,1.2739419018,0.3246746871,1.8326712452,2.6,42.6875,0.4666666667,614,28.5,0.33333333330000003,545,-0.2266226468,-0.8900831319,3.596706437,0.38014334409999995,2.3982589881,-1.5349605698,0.0010786484,0.0100776672,0.0675800781,5.666666666699999,5.7142857143,6.6333333333,3.75,4.0,3.8,3.5714285714000003,18,1.8819235978,0.26803282240000004,2.0320652728,0.8333333333,0.0,6.208333333300001,-0.0041666667,2,-0.0095,-1.2916666667,11.958333333299999,0.0116134932,2.0,-0.0116728307,-2.6875635034,1.9166666666999999,2.0,-0.29059426899999996,0.8717984912000001,7.9,6.6,1.9190621415,0.5283010179000001,2.2087981632,,0.33333333330000003,2.6666666667000003,3.8333333332999997,2.5,4.3333333333,3.8333333332999997,3.6666666667,3.8333333332999997,3.5,3.8333333332999997,3.0,3.8333333332999997,4.6666666667,5.3333333333,4.3333333333,5.1666666667,-1.0709507459999998,0.0151663433,-0.13699841289999998,3.3422379144,2.0064213653,0.2060405401,2.7071170183999995,22.2222222222,22.2222222222,25.925925925900003,4.1666666667,2.0,2.25,3.875,2.0,2.2857142857,2.875,46,-1.0705413209999999,3.8243251091,19,245.0,3,1.9375,1.7333333333,0.8474288941,0.0009294936,1.0,0.0010469512,0.6388888889000001,0.009797959,0.0256124969,0.0256124969,4,-0.42804130119999995,1.8588809853000001,0.43559319939999996,2.9943930868,-0.5558091116,3.0666666667,316.8333333333,4.1433013752,0.3688632131,2.1167988526,20.0,34.5,27,1.5350483771,-1.2639540203,0.5075848229000001,15,1.8719235147,0.6402018478,2.2318787863,,0.33333333330000003,0.4166666667,0.33333333330000003,0.1666666667,74.5,0.4,1.0,0.8,0.9,2.0423215206,0.4038052729,2.5382287506,-1.0191384061,0.4175,0.0441952921,3.9348629817,0.2822377004,1.9106350255000002,-1.0560007899,299.0,6.5,4.9,320.8333333333,3.5615691251,0.3226076368,2.2917589444,282.8333333333,292.5,4.356296155,0.27753539899999996,3.6768791719,9.6666666667,36.4331979983,2.4199065988,0.34535709189999997,2.522665141,-0.8360332231000001,4.0,3.0,2.0,5.5,6.5,51,-1.0047805878,-0.7442798584,1.6798436388999998,0.38131617450000005,1.8142764095,-0.5386527229,-0.6337606543000001,4.1,2.7777777778,3.1111111111,3.9333333333,2467.13,6,8,4693.25,1.4801830766,0.2964157524,2.9,2.8181818182,3.4166666667000003,3.0714285714,3.4166666667000003,0.8281590038000001,0.33189126210000003
