,adaptive_n_back.hddm_drift,adaptive_n_back.hddm_non_decision,adaptive_n_back.hddm_thresh,adaptive_n_back.mean_load,angling_risk_task_always_sunny.keep_adjusted_clicks,angling_risk_task_always_sunny.keep_loss_percent,angling_risk_task_always_sunny.release_adjusted_clicks,angling_risk_task_always_sunny.release_loss_percent,attention_network_task.alerting_hddm_drift,attention_network_task.conflict_hddm_drift,attention_network_task.hddm_drift,attention_network_task.hddm_non_decision,attention_network_task.hddm_thresh,attention_network_task.orienting_hddm_drift,bickel_titrator.auc_large,bickel_titrator.auc_medium.logTr,bickel_titrator.auc_small.logTr,bickel_titrator.hyp_discount_rate_large.logTr,bickel_titrator.hyp_discount_rate_medium.logTr,bis11_survey.Attentional,bis11_survey.Motor,bis11_survey.Nonplanning,bis_bas_survey.BAS_drive,bis_bas_survey.BAS_fun_seeking,bis_bas_survey.BAS_reward_responsiveness,bis_bas_survey.BIS,brief_self_control_survey.self_control,choice_reaction_time.hddm_drift,choice_reaction_time.hddm_non_decision,choice_reaction_time.hddm_thresh,cognitive_reflection_survey.correct_proportion,cognitive_reflection_survey.intuitive_proportion,columbia_card_task_cold.avg_cards_chosen,columbia_card_task_cold.gain_sensitivity,columbia_card_task_cold.information_use,columbia_card_task_cold.loss_sensitivity,columbia_card_task_cold.probability_sensitivity,columbia_card_task_hot.avg_cards_chosen,columbia_card_task_hot.gain_sensitivity,columbia_card_task_hot.information_use,columbia_card_task_hot.loss_sensitivity,columbia_card_task_hot.probability_sensitivity,dickman_survey.functional,dietary_decision.health_sensitivity,dietary_decision.taste_sensitivity,digit_span.forward_span,digit_span.reverse_span,directed_forgetting.hddm_drift,directed_forgetting.hddm_non_decision,directed_forgetting.hddm_thresh,directed_forgetting.proactive_interference_hddm_drift,discount_titrate.percent_patient,dospert_eb_survey.ethical,dospert_eb_survey.financial,dospert_eb_survey.health_safety.logTr,dospert_eb_survey.recreational,dospert_eb_survey.social,dospert_rp_survey.ethical,dospert_rp_survey.financial,dospert_rp_survey.health_safety,dospert_rp_survey.recreational,dospert_rp_survey.social,dospert_rt_survey.ethical,dospert_rt_survey.financial,dospert_rt_survey.health_safety,dospert_rt_survey.recreational,dospert_rt_survey.social,dot_pattern_expectancy.AY-BY_hddm_drift,dot_pattern_expectancy.BX-BY_hddm_drift,dot_pattern_expectancy.bias,dot_pattern_expectancy.dprime,dot_pattern_expectancy.hddm_drift,dot_pattern_expectancy.hddm_non_decision,dot_pattern_expectancy.hddm_thresh,eating_survey.cognitive_restraint,eating_survey.emotional_eating,eating_survey.uncontrolled_eating,erq_survey.reappraisal,erq_survey.suppression,five_facet_mindfulness_survey.act_with_awareness,five_facet_mindfulness_survey.describe,five_facet_mindfulness_survey.nonjudge,five_facet_mindfulness_survey.nonreact,five_facet_mindfulness_survey.observe,future_time_perspective_survey.future_time_perspective,go_nogo.bias,go_nogo.dprime,grit_scale_survey.grit,hierarchical_rule.score,holt_laury_survey.beta,holt_laury_survey.risk_aversion,holt_laury_survey.safe_choices,impulsive_venture_survey.venturesomeness,information_sampling_task.Decreasing_Win_P_correct,information_sampling_task.Decreasing_Win_motivation,information_sampling_task.Fixed_Win_P_correct,information_sampling_task.Fixed_Win_motivation,keep_track.score,kirby.hyp_discount_rate_large.logTr,kirby.hyp_discount_rate_medium.logTr,kirby.hyp_discount_rate_small.logTr,leisure_time_activity_survey.activity_level,local_global_letter.conflict_hddm_drift,local_global_letter.hddm_drift,local_global_letter.hddm_non_decision,local_global_letter.hddm_thresh,local_global_letter.switch_cost_hddm_drift,mindful_attention_awareness_survey.mindfulness,motor_selective_stop_signal.SSRT,motor_selective_stop_signal.hddm_drift,motor_selective_stop_signal.hddm_non_decision,motor_selective_stop_signal.hddm_thresh,motor_selective_stop_signal.reactive_control,motor_selective_stop_signal.selective_proactive_control,mpq_control_survey.control.ReflogTr,probabilistic_selection.positive_learning_bias,psychological_refractory_period_two_choices.PRP_slope,ravens.score,recent_probes.hddm_drift,recent_probes.hddm_non_decision,recent_probes.hddm_thresh,recent_probes.proactive_interference_hddm_drift,selection_optimization_compensation_survey.compensation,selection_optimization_compensation_survey.elective_selection,selection_optimization_compensation_survey.loss_based_selection,selection_optimization_compensation_survey.optimization.ReflogTr,self_regulation_survey.control,sensation_seeking_survey.boredom_susceptibility,sensation_seeking_survey.disinhibition,sensation_seeking_survey.experience_seeking,sensation_seeking_survey.thrill_adventure_seeking,shape_matching.hddm_drift,shape_matching.hddm_non_decision,shape_matching.hddm_thresh,shape_matching.stimulus_interference_hddm_drift,shift_task.acc,shift_task.learning_rate,shift_task.learning_to_learn,shift_task.model_beta,shift_task.model_decay,shift_task.model_learning_rate,simon.hddm_drift,simon.hddm_non_decision,simon.hddm_thresh,simon.simon_hddm_drift,simple_reaction_time.avg_rt,spatial_span.forward_span,spatial_span.reverse_span,stim_selective_stop_signal.SSRT,stim_selective_stop_signal.hddm_drift,stim_selective_stop_signal.hddm_non_decision,stim_selective_stop_signal.hddm_thresh.logTr,stop_signal.SSRT_high,stop_signal.SSRT_low,stop_signal.hddm_drift,stop_signal.hddm_non_decision,stop_signal.hddm_thresh,stop_signal.proactive_SSRT_speeding,stop_signal.proactive_slowing,stroop.hddm_drift,stroop.hddm_non_decision,stroop.hddm_thresh,stroop.stroop_hddm_drift,ten_item_personality_survey.agreeableness,ten_item_personality_survey.conscientiousness,ten_item_personality_survey.emotional_stability,ten_item_personality_survey.extraversion,ten_item_personality_survey.openness,theories_of_willpower_survey.endorse_limited_resource,threebytwo.cue_switch_cost_hddm_drift_100.0,threebytwo.cue_switch_cost_hddm_drift_900.0,threebytwo.hddm_drift,threebytwo.hddm_non_decision,threebytwo.hddm_thresh,threebytwo.task_switch_cost_hddm_drift_100.0,threebytwo.task_switch_cost_hddm_drift_900.0,time_perspective_survey.future,time_perspective_survey.past_negative,time_perspective_survey.past_positive,time_perspective_survey.present_fatalistic,time_perspective_survey.present_hedonistic,tower_of_london.avg_move_time,tower_of_london.num_extra_moves,tower_of_london.num_optimal_solutions,tower_of_london.planning_time,two_stage_decision.model_based,two_stage_decision.model_free,two_stage_decision.perseverance,upps_impulsivity_survey.lack_of_perseverance,upps_impulsivity_survey.lack_of_premeditation,upps_impulsivity_survey.negative_urgency,upps_impulsivity_survey.positive_urgency,upps_impulsivity_survey.sensation_seeking,writing_task.neutral_probability,writing_task.positive_probability
s005,1.5142828456,0.2569391449,1.1158685656,1.9,23.2692307692,0.1333333333,22.2222222222,0.4,-0.5688061440000001,-1.4515944329,3.5210183185,0.4023489738,1.5394559099,-0.3375350914,0.1723433219,-1.8028013716727789,-2.1307636760622026,-6.8899584855557645,-6.342435901765761,3.0,3.25,3.6,3.0,3.0,3.6,2.1428571429,43.0,4.6516243194,0.2977882043,1.2802884717,1.0,0.0,16.0833333333,0.2916666667,3.0,-0.028,-2.6666666667000003,16.9583333333,0.7415789474000001,3.0,-0.0172555431,-2.8244120941,1.5454545455000002,0.33946628430000003,1.0081751988,9.1,7.1,3.4242513619,0.4603399158,1.8246081208,0.2871889106,0.33333333330000003,2.0,2.3333333333,0.4054651081081644,1.6666666667,3.6666666667000003,5.3333333333,6.1666666667,6.1666666667,6.5,4.1666666667,2.3333333333,1.8333333333000001,3.0,1.5,4.6666666667,-1.0317344031,1.2508973441,0.33223158610000003,4.6556717651,3.0632838415,0.2295600515,1.5366234518000002,22.2222222222,0.0,29.6296296296,5.8333333333,6.0,4.5,4.0,3.125,4.2857142857,4.625,49.0,-0.7717910818,3.4406522452,30.0,143.0,59.8991114415,0.8568707964000001,6.0,1.5333333332999999,0.7236789465,0.0009836497,0.9180419922,0.0013364966000000002,0.5833333333,-6.449609932071972,-6.449609932071972,-5.553730190361736,5.0,-0.9954979180000001,2.2037326652,0.5292332165,2.477882076,0.0440700512,5.4666666667,308.8333333333,3.3880346482,0.2744021378,1.4827082072,27.0,100.5,1.791759469228055,26.1234717334,0.6566922334,15.0,1.8098018178,0.41559368690000004,2.1949660449,-0.31397727210000004,0.6666666667000001,0.5833333333,0.75,0.22314355131420976,137.0,0.0,0.6000000000000001,0.7000000000000001,0.4,2.9362108866,0.41072436370000004,2.6637762537,-2.0799396649,0.5597014925,0.057892993000000004,0.0022924945,7.8786844590000005,0.8442439861000001,0.21802374030000002,4.8134925535,0.3237651091,1.6803742528,-0.7963686932,275.0,6.7,6.1,365.3333333333,4.2597753606,0.3734325358,0.30002279406790466,242.0,242.3333333333,5.7775225373,0.34788091200000004,1.8340792512,0.33333333330000003,62.0768386656,3.582559369,0.2918222693,2.3089247158,-0.9974234240000001,6.5,5.5,7.0,3.5,5.5,29.0,-0.7265400176,-1.1437047266,2.40620351,0.33580230980000003,1.9266946025,0.1094878277,-0.0156766714,3.8461538462,3.2,3.3333333333,2.1111111111,3.2666666667,1994.5166666667,4.0,10.0,3262.0833333333,-0.16567824180000001,-0.0084840798,-0.2238329067,1.4,1.4545454545,1.75,1.2857142857000001,2.75,0.2725698113,0.3393247426
s007,0.9259261439,0.2700195026,1.3906269279,1.9500000000000002,30.8636363636,0.2666666667,35.9523809524,0.30000000000000004,-0.11560243910000001,-1.005340705,3.9412606395000003,0.4003979662,2.3336831355,-1.0215647695,0.3031763699,-3.0996288679343085,-2.608468335679176,-5.128688168030713,-4.744922062913907,4.0666666667,3.3928571429,3.8666666667,2.75,2.5,4.0,3.4285714286,42.0,2.3158909162,0.3179600428,1.5445290424,0.5,0.1666666667,15.9166666667,-0.0083333333,1.0,0.0013333333,2.5,16.75,0.15,1.0,-0.0016666667,-0.4166666667,1.2727272727,0.1917215995,0.8057487034,8.1,4.3,1.5062843410609998,0.44823771180299976,1.9905639070390009,-0.44647566476700024,0.0833333333,2.6666666667000003,5.5,0.9808292530242263,4.5,5.1666666667,3.8333333333,4.6666666667,4.0,5.0,1.8333333333000001,3.3333333333,4.1666666667,4.3333333333,4.0,6.5,-1.5953605044319994,-0.5469149219530002,-0.3965568606639999,3.2820219092889995,2.0184085125410007,0.144469785378,2.154289176711001,50.0,0.0,11.1111111111,5.3333333333,5.5,3.125,3.125,3.125,3.1428571429,3.25,57.0,-1.0816155204,3.2951286846,23.0,195.0,59.8991114415,0.8568707964000001,6.0,1.6,0.6941823959,0.00130253,0.8349777222,0.0010820387,0.6111111111,-2.748384152235016,-2.067339257049917,-2.7545573065347257,2.0,-1.409770359,1.1140977136,0.4415820116,1.6100339252,-0.6697244830000001,4.0,364.1733333333361,2.4834121064099985,0.32954492761799997,1.4800794092129994,21.315,87.645,1.6094379124341003,5.581544145677999,0.538500946,11.0,1.2946303542510003,0.543032746817,1.894539497592001,-0.26981945574699995,0.4166666667,0.4324999999960001,0.5441666666599998,0.28768207242678084,113.0,0.2,0.30000000000000004,0.8,0.9,2.845802454,0.48760884390000003,2.5396417927,-1.4757910811000001,0.442408377,0.0257691031,-0.0002524327,16.4654649172,0.4277884817,0.0468729827,3.6102645647,0.32296375,2.0697144535,-0.1729597451,396.5,5.5,4.4,401.1666666667,2.0373819092,0.4104992369,0.6182749609743061,356.5,356.8333333333,1.488911994,0.4405684923,1.3101542403,0.33333333330000003,13.2490016831,1.9553623470000001,0.6297483055,1.7397245636,-0.246906216,3.5,6.0,4.0,4.0,5.0,38.0,-0.1821120302,-0.1981653586,0.6494991358000001,0.1425558827,2.0821979235,-0.5418548188,-0.8559498269,3.7692307692,4.3,2.7777777778,3.0,3.0,2120.49,3.0,8.0,5704.1666666667,-0.48831792665699963,0.06415648375499998,-0.46163739830000006,2.1,1.5454545455000002,3.1666666667,1.5714285714,3.25,0.445484729,0.4101464269
s009,1.2526526222,0.1329129155,1.57327044,2.55,48.1818181818,0.2666666667,30.5555555556,0.4,-0.5743673394000001,-0.7328141058000001,3.7182209541,0.3146281534,1.3665156136,-1.6930766997000002,0.8992166096,-0.8167146793115382,-2.622917728899187,-8.708832019487865,-7.178001968294995,4.4666666667,4.3928571429,6.0,2.25,2.75,3.2,3.1428571429,25.0,5.2754955968,0.2260402096,1.6904301313999999,0.6666666667000001,0.1666666667,7.2916666667,0.2041666667,3.0,-0.0188333333,-3.7916666667000003,7.0833333333,0.1957525084,2.0,-0.0231973244,-3.9424749164,1.0,-0.0287443268,0.40015128590000004,7.7,4.9,1.899920232,0.3670108186,1.4158751398,-1.0387953743,0.8611111111,3.8333333333,2.0,0.847297860372918,2.3333333333,3.5,3.0,4.5,3.5,3.5,2.6666666667000003,2.8333333333,1.5,3.5,2.8333333333,5.0,-1.0116575379,0.6356731638,0.0,5.3201349372,2.9002235156,0.1912791667,1.5509489654,77.7777777778,44.4444444444,48.1481481481,5.0,5.0,2.75,1.75,3.625,2.7142857143,3.375,34.0,-0.5402436899,4.8849203713,14.0,266.0,25.7627506452,0.3968411315,9.0,1.4,0.6760320663,0.0023875259,0.8853013992000001,0.0027768546000000002,0.5833333333,-5.553730190361736,-3.664674886451777,-5.553730190361736,3.0,-1.0477533679,1.9782074662,0.3136971398,2.0252897552,-0.1645152198,3.7333333333,204.1666666667,3.7548955232,0.2906491216,2.0529225394,40.0,130.5,2.772588722239781,-0.7816201197,0.4760700667,13.0,1.0092232754,0.5193517802000001,2.0450043526,-0.7584526139000001,0.1666666667,0.4166666667,0.4166666667,0.6931471805599453,78.0,0.7000000000000001,0.9,0.8,0.4,3.0093194515,0.3318571288,1.5438995181,-1.3266027104,0.6185819071,0.0942853347,0.0018678579,5.7362652875,0.6168453969000001,0.2653450865,3.2965547164,0.22605733460000002,1.4896946697,-0.0929115185,254.5,6.2,5.3,256.3333333333,4.3150242778,0.2405656649,0.358533020834208,160.3333333333,231.6666666667,3.7674241425,0.25726090890000003,2.8042229797,71.3333333333,63.8797848029,2.6906641781,0.34225206210000003,1.5237538765,-2.2509997596,2.5,3.5,2.5,2.0,4.0,60.0,-0.3749246725,-0.0009177406,1.2779264553,0.2978560568,1.81592961,-0.2954422685,-1.2686940965,3.0769230769,2.7,3.3333333333,3.2222222222,3.6666666667000003,1241.8333333333,6.0,10.0,5413.0833333333,1.3077408289,-0.5791927331,0.30202277320000004,2.4,2.0909090909,2.9166666667000003,2.9285714286,2.3333333333,0.1314693092,0.1842408366
s011,1.8216797667,0.1908333273,1.6544438760000002,3.0,24.3043478261,0.2333333333,15.7692307692,0.1333333333,0.33818771540000003,-0.7265091714,2.8779651003,0.35687664960000004,1.593500917,-0.6182895466,0.9062517123,-0.6092436530520885,-2.889214893322106,-10.3341074050011,-8.134286283710965,2.0,2.4285714286,2.2,2.5,2.5,3.2,2.8571428571,59.0,3.9685751484000003,0.2505017569,1.5968205469,0.33333333330000003,0.33333333330000003,10.4583333333,0.0208333333,1.0,-0.0038333333,-2.2916666667,10.4166666667,0.2562656642,3.0,-0.0083308271,-2.9235588972,1.1818181818,-0.2170173919,0.35044167,9.3,9.0,1.5999528867000001,0.4832965193,2.3175496418,-0.6520297124000001,0.4166666667,2.0,1.0,0.9162907318741551,1.0,5.1666666667,7.0,7.0,5.0,7.0,1.0,2.0,1.0,3.0,1.0,7.0,-1.1604835973,0.24583134110000002,0.0,5.3201349372,2.8042134749,0.1063443216,2.6100505270000003,72.2222222222,22.2222222222,7.4074074074,7.0,1.0,4.875,5.0,5.0,3.5714285714000003,1.0,52.0,-1.0170844173,3.9312389163,40.0,290.0,25.7627506452,0.3968411315,9.0,1.2,0.7266063690000001,0.0013082775,0.9,0.0019703727,0.75,-1.3862943611198906,-1.3862943611198906,-1.3862943611198906,2.0,-0.9493522106000001,2.233908391,0.39020466600000003,1.6420615908,-0.2442438469,6.0,244.1666666667,2.415643598,0.1953111224,1.4168278852,17.0,32.0,0.0,-13.7549484408,0.3168698411,10.0,1.8472783232,0.6124753385,1.8831358161,0.0040303497,1.0,1.0,1.0,0.15415067985582961,150.0,0.1,0.2,0.6666666667000001,0.0,3.2554675742,0.4356363809,1.3398072436000001,-2.4607238653,0.5147783251,0.0545601618,7.56313e-05,9.4391038746,0.5327991817000001,0.2306625733,3.7154591385,0.3095086582,1.2678422704,-1.9668590303000002,387.0,6.3,7.9,301.6666666667,2.9934951776,0.3328737342,-0.15110831069582928,255.0,237.1666666667,3.6815271291,0.3067391436,1.2076621741,-17.8333333333,-15.1229235042,2.4334858739,0.3471840438,1.591047775,-1.0805694095,7.0,7.0,7.0,7.0,6.5,72.0,0.3313436949,0.1681101693,2.6128365147,0.343121557,1.2476184893,-0.7395470082000001,-0.0436811835,4.5384615385,1.9,1.6666666667,1.0,2.1333333333,1686.3416666667,19.0,4.0,2352.0,-0.9323890442,-0.1916268687,-0.7276952255,1.0,1.3636363636,1.1666666667,1.1428571429,1.25,0.17973338400000002,0.4510978966
s012,2.1037673436,0.2760179414,1.5265094323000001,3.65,30.0769230769,0.1333333333,30.5454545455,0.2666666667,-0.17517184460000002,-0.2431306377,3.4037524221,0.3280120234,2.2193184704,-0.6939147757,0.1740916096,-2.193193330242399,-1.925087360046189,-6.888655741933243,-4.544551305364608,4.3333333333,3.3571428571,4.8,2.5,2.0,3.6,2.5714285714000003,40.0,2.5825553107,0.2491587315,1.2011119727,1.0,0.0,8.625,0.2791666667,2.0,-0.0261666667,-4.7916666667,4.4166666667,0.2052600473,1.0,-0.0134751773,-2.2192671395,1.2727272727,-0.18120101700000002,0.9406044403,9.0,6.5,2.0866955325,0.4669765858,1.8782944472,-0.48079958650000004,0.25,3.5,3.1666666667,0.1541506798558298,2.5,4.0,4.3333333333,5.3333333333,4.8333333333,5.0,3.3333333333,4.3333333333,2.0,4.0,2.1666666667,5.0,-0.0777069286,-0.5272081776,-0.9092231175000001,3.5016887022,1.8401861665,0.1600786321,1.989712418,38.8888888889,66.6666666667,62.962962963,3.5,4.75,4.0,3.625,3.25,2.5714285714000003,1.5,38.0,-1.0816155204,3.2951286846,20.0,217.0,10.925098711,0.2565783653,8.0,1.0,0.5907514930000001,0.0013580401,0.9707031250000001,0.0020802717,0.7222222222,-3.664674886451777,-3.664674886451777,-3.664674886451777,3.0,-0.2941775285,1.6258521784000002,0.2937074511,2.4428541238,-0.44315017290000003,3.5333333333,348.5,2.4831052143,0.2860772802,1.2805078917000001,6.0,112.0,1.0986122886681098,-20.5666405171,0.5749289078,12.0,1.0421407803,0.4386390678,1.7376499563999999,-0.8171350042000001,0.25,0.4166666667,0.75,0.45953232935738747,114.0,0.5,0.8,0.5,0.0,3.0911455591,0.4026313917,1.8647816461,-1.2959175231,0.3665835411,0.0689772045,0.0002891749,8.2255207299,0.6742025776,0.1496514705,2.5850903724,0.260031992,1.7114329529,0.0443908323,296.0,6.5,5.2,295.3333333333,3.8581927123,0.2864239507,0.4353472070804521,297.1666666667,306.0,2.1540908625,0.3103001302,1.3810311202,8.8333333333,9.3470426632,1.5472410579,0.34111319970000004,1.6995925761000001,-1.0625602482,3.0,5.5,4.0,2.0,2.5,36.0,0.032653077600000004,-0.1189578285,1.3569084564,0.3091898577,1.6798949258,0.0491835063,-0.3812189304,4.3076923077,3.1,2.4444444444,1.7777777778,2.2666666667,1787.9242424242,1.0,11.0,3688.25,0.8825150781000001,0.20350087900000002,1.5619455955000001,2.1,1.8181818182,2.1666666667,1.0714285714,1.3333333333000001,0.8229371665,0.3778537623
s014,0.7549122433000001,0.0357384568,1.3919384468,1.6,11.76,0.1666666667,12.75,0.0666666667,-0.2184134787,-1.2321064062,3.3961957206,0.37011476460000003,1.6747883918,-0.1284027909,0.5590325342,-1.8687255787370276,-2.5358395186103335,-7.494881841799583,-2.736799369475726,3.0,3.5714285714000003,4.8,3.0,2.25,2.8,2.8571428571,48.0,3.1314006912,0.2727737249,1.526952084,0.33333333330000003,0.6666666667000001,11.3333333333,0.09166666670000001,0.0,-0.0016666667,-1.8333333333000001,6.1666666667,0.2503735326,3.0,-0.0100149413,-2.4951974386,1.4545454545,-0.0027181657,0.6590894145,6.9,6.3,1.1474129418,0.3959858358,1.5247931414,-1.5083588476,0.338333333336,2.5,2.3333333333,0.6061358035521338,2.3333333333,3.5,5.3333333333,5.5,4.5,5.1666666667,3.6666666667000003,1.6666666667,2.0,2.5,2.0,2.8333333333,0.08553429,-1.5153912327999999,-1.4200399192,2.4800550988,1.7121733342,0.0864820642,1.860161884,44.4444444444,33.3333333333,29.6296296296,4.0,4.0,4.0,3.125,4.0,2.4285714286,2.375,36.0,-0.8005189753,3.0881574643,29.0,125.0,59.8991114415,0.8568707964000001,6.0,1.2,0.6273424149,0.00134547,0.7109272003,0.0018064547000000001,0.47222222220000004,-1.3862943611198906,-1.3862943611198906,-2.748384152235016,1.0,-0.9433666683,1.7994053475,0.4838653859,1.3701975055,0.13936568770000002,5.0666666667,353.23833333333806,2.694607204724,0.32167383343800005,1.612686238899001,19.235,66.24,1.6094379124341003,1.6203315406250005,0.2698720297,1.0,1.4305699221000001,0.3919524641,1.9362216841,-0.1397913087,0.5833333333,0.75,0.33333333330000003,0.3483066942917451,103.0,0.2,0.2,0.30000000000000004,0.0,1.5476595383,0.21091737470000002,2.2804883746,-0.4283147037,0.3656716418,-0.0030216815,-0.0015332032,1.0,0.0,0.1,2.4557702075,0.3047299959,1.6068639375,-0.5878370851,349.0,6.5,4.9,389.0,2.802348913,0.3628625032,0.266588554117673,321.3333333333,336.3333333333,1.7849415452000001,0.2179121117,1.6686877471,15.0,32.2303225806,2.8890416931000003,0.3980907301,1.6789482599999999,-1.8940458937,5.0,4.5,4.5,3.5,3.5,46.0,-0.17834695220000002,0.26720816680000004,1.3227844892,0.3844382471,1.3381217890000001,-0.22228397300000002,-0.1235013905,2.9230769231,3.0,3.1111111111,3.0,2.8666666667,2717.1904761905,16.0,5.0,4030.0833333333,-0.4571274964720004,0.09965155734000002,-0.3717297726760001,2.1,2.2727272727,2.25,2.0,2.0833333333,0.4370257158,0.34132697230000003
s015,1.5722458917000002,0.1887899391,1.3499507056,2.4,41.2352941176,0.4333333333,35.4666666667,0.5,-0.8004296858000001,-0.8207932898,3.9409223961,0.32837475320000004,1.8464549207,-2.2016508376,0.35908561640000003,-3.1833417596348754,-3.3579509326682366,-7.55314234950583,-4.209769386895026,2.5333333333,4.0357142857,3.6333333333,2.75,3.25,3.4,1.0,64.0,2.475853945,0.27511238450000003,1.3730551644,0.6666666667000001,0.33333333330000003,14.625,-0.0041666667,1.0,-0.00016666670000000001,-5.375,10.2916666667,0.2323529412,2.0,0.0006176471000000001,-6.3455882353,2.0,-0.0259313203,0.8086626636,9.8,5.8,2.6736022520000002,0.3811988905,1.7638858810000002,-0.940910321,0.26138888889300005,1.3333333333000001,1.3333333333000001,0.0,4.0,4.5,6.3333333333,7.0,6.6666666667,4.5,4.0,1.0,1.0,1.0,4.3333333333,5.3333333333,-0.1788576398,0.1915126983,0.0,5.3201349372,3.2917398139,0.17179743660000002,2.8292419417,38.8888888889,11.1111111111,3.7037037037,6.6666666667,3.75,5.0,5.0,4.25,4.7142857143,3.125,53.0,-1.327315884,3.310775983,40.0,167.0,10.925098711,0.2565783653,8.0,1.8666666667,0.7067575455,0.0015690091000000001,0.9937500000000001,0.0018166595000000002,0.8055555556,-2.748384152235016,-2.067339257049917,-2.748384152235016,4.0,-1.4508796343,1.7205306921,0.40679551350000004,1.5427386961,-0.8859210157,5.8666666667000005,320.57333333333503,2.919622284402002,0.32053206815300006,1.49402571247,21.005,66.875,1.6094379124341003,6.3976894761,0.4968135329,13.0,1.6591613679,0.5560313796,1.4106644079000001,-0.6636133827,0.75,0.75,0.5833333333,0.08004270764276712,150.0,0.1,0.2,0.6000000000000001,1.0,3.4967392734000002,0.3699571513,1.5197969041000001,-1.5578128866,0.4536585366,0.0445987056,-0.004174328000000001,7.4691279738,0.7524241659,0.22466185630000002,3.0142907943,0.2761744646,1.1812078486,-1.0785750591,299.5,6.7,5.4,309.1666666667,2.7473849862,0.32486845340000003,0.1344073398706923,261.8333333333,276.0,3.1941755880000002,0.3691814144,1.2128399258,14.1666666667,11.6861494402,2.2133783041,0.4470763961,1.5659030068000002,-1.2643151016,7.0,7.0,7.0,7.0,7.0,18.0,-0.4102877165,-0.6240805326000001,1.7360370998999999,0.3187418745,1.400460067,-0.12898786410000002,0.1599748211,3.8461538462,2.0,3.6666666667000003,1.8888888889,3.2,1923.8316666667,9.0,9.0,3099.75,-0.4523090957,-0.0489741744,-0.6552395343,1.2,2.0909090909,1.0833333333,1.0,3.25,0.8784731181000001,0.3737064444
s017,0.9026273702000001,0.1758280424,1.9487345973,2.2,23.6363636364,0.2666666667,10.0,0.2,-0.8839589916,-0.6118808111,3.5573578519,0.4153677411,2.3008138578,-0.3237967666,0.8012517123,-0.5712068926638991,-1.4401504174203914,-9.45756147506945,-8.1552620853318,5.2666666667,3.4285714286,3.6,3.5,2.5,3.6,3.8571428571,46.0,2.2272144099,0.27789349550000003,1.7231184347,0.6666666667000001,0.33333333330000003,5.0,0.075,0.0,-0.0033333333,-0.75,6.5,0.1383333333,1.0,-0.0122,-0.7833333333,1.0,-0.020950155800000002,0.8359813084000001,8.0,7.4,2.032875304,0.4448642699,2.1626694095,-0.8390363882,0.8333333333,3.1666666667,2.3333333333,0.6931471805599453,3.5,3.0,2.8333333333,4.3333333333,3.6666666667000003,3.6666666667000003,2.6666666667000003,1.6666666667,1.8333333333000001,2.0,3.3333333333,4.0,-0.35975088110000003,-0.16761351430000002,-0.5542288687,2.8827508555,1.8217599063,0.23853898240000002,1.850374288,83.3333333333,66.6666666667,66.6666666667,4.6666666667,6.0,1.875,2.375,3.5,2.5714285714000003,2.875,45.0,-0.9575666758,4.0502743994,23.0,235.0,59.8991114415,0.8568707964000001,6.0,1.5333333332999999,0.8563354492,0.0019972663000000002,1.0,0.0020916368000000003,0.47222222220000004,-8.511264302067358,-8.511264302067358,-7.365900695568905,5.0,-1.4726568944,1.848865611,0.36253858850000004,2.1742139731,-0.6225453856000001,2.8666666667,320.0,2.5762300008,0.3810433542,1.8496825542000002,-43.5,56.0,1.6094379124341003,26.4892180955,0.5339308097000001,10.0,1.7250372079,0.503934267,2.1624563694,-0.6789466739000001,0.6666666667000001,0.5,0.8333333333,0.15415067985582961,124.0,0.2,0.9,0.6000000000000001,0.8,2.0865553324,0.4011497603,1.8298360701,-1.3633023773000001,0.469816273,0.0501078383,-0.0027053245,6.7344035592000004,0.6317974221,0.2167872277,2.4819453868,0.303544723,1.7532122224000002,-0.4688989717,359.0,5.0,6.4,294.6666666667,3.3478329843,0.33535972080000004,0.6217771779521015,302.3333333333,281.0,3.140251696,0.22737215400000002,3.2989122309,-21.3333333333,-37.4745762712,2.1752233744,0.3739368638,2.123313724,-0.6532083255000001,6.5,6.5,4.5,2.0,4.5,38.0,-0.1856124129,0.4189023013,1.8065262235000001,0.3145502885,1.9018537334,-0.4253345693,-0.2002669866,4.6153846154,3.9,4.0,2.0,2.5333333333,1567.3343253968,5.0,10.0,4024.0,0.5694584114,-0.25630325600000003,0.07783284700000001,1.9,1.0,2.0833333333,1.7142857142999999,2.6666666667000003,0.1271461984,0.2921138351
s026,1.3699224524,0.23336610600000002,1.0411009778,2.1,43.0869565217,0.2333333333,23.9130434783,0.2333333333,-0.5950253578,0.0222066897,3.3244856887,0.31896621340000003,1.9524976606000002,-0.0814158174,0.8312619863,-1.8405217230869833,-3.1680899368144737,-9.789667916336668,-6.341435044729682,2.8,3.1785714286,3.9333333333000002,3.5,1.75,3.4,2.1428571429,49.0,4.1380094978,0.28416669240000003,1.194988183,1.0,0.0,10.0,1.665334537e-16,1.0,-1.474514955e-17,0.0,6.0416666667,-0.0035714286,0.0,-0.0001428571,0.0357142857,1.0,-0.4397196371,0.7318736961000001,7.5,6.8,2.6831739813,0.3425308139,2.3044382934,-0.15369818470000002,0.2777777778,2.6666666667000003,4.0,0.287682072426781,1.8333333333000001,2.3333333333,4.0,4.8333333333,4.0,3.6666666667000003,2.6666666667000003,2.0,1.5,1.6666666667,1.1666666667,4.0,-0.4940811728,-0.0742655204,0.1976700244,4.9247948884,3.6880553626,0.0532956182,5.6556309735,38.8888888889,33.3333333333,22.2222222222,6.0,4.5,4.0,3.375,4.875,3.1428571429,2.75,41.0,-1.1652624446,3.6348828618,30.0,175.0,25.7627506452,0.3968411315,9.0,1.0,0.7183802605,0.0023475321000000003,0.9771484375,0.0028280387,0.5,-4.625581180301964,-3.664674886451777,-3.664674886451777,3.0,-0.975027359,2.1134974153,0.4168104084,1.9091167462,0.1803168446,5.1333333333,232.3333333333,3.040376507,0.34892670600000003,1.1086013965000001,-10.0,21.0,1.0986122886681098,9.104450732139002,0.7593680811,14.0,1.4931763329,0.5269068169000001,1.8050598923,-0.2806414474,0.6483333333299997,0.9166666667000001,0.8333333333,0.22314355131420976,133.0,0.0,0.2,0.30000000000000004,0.0,3.1851582055,0.4116593886,1.7388281953,-3.6341487129,0.3842364532,0.0445900695,0.00030292460000000003,8.6165476985,0.5809996352,0.1427304522,2.41502216,0.3003186695,1.3352735045,-1.084882682,304.0,7.5,6.3,263.3333333333,3.393284079,0.37110950800000003,0.2183175670424971,241.5,288.1666666667,3.3526331509,0.3187336649,1.2900907936000001,46.6666666667,73.9608305446,2.301582088,0.3877030144,1.54743259,-0.6836352218,5.5,6.0,6.0,3.5,4.0,36.0,-1.0861085514,-1.4764235051,1.4401920607,0.3362083947,1.4725748338,-0.7981974144,-0.5913618338000001,3.9230769231,2.4,4.0,2.1111111111,2.4666666667,1956.6166666667,7.0,8.0,2455.1666666667,-1.5372975842,0.4173329951,-0.8250892826,1.2,1.0909090909,1.4166666667,1.2142857143,1.25,0.2006291395,0.14992088480000001
s027,1.5861007354,0.22027544000000002,1.6124725504000001,2.4,13.2,0.1666666667,33.125,0.4666666667,-1.1808476366,-0.6034593299000001,3.4339781775000002,0.37855818090000004,1.540938801,-1.2004884798,0.17235359590000002,-3.0984896359128404,-3.1939326583032446,-6.889865263876853,-3.268015933761146,4.2,3.7142857143,4.2,1.75,3.5,3.2,3.2857142857,38.0,3.7840646267,0.25121772270000003,1.6843729219,0.6666666667000001,0.1666666667,5.0833333333,0.0416666667,1.0,-0.019,0.25,8.5833333333,0.1848201136,2.0,0.00040311380000000003,-1.3611403324,1.3636363636,-0.10806032460000001,1.1609934819,8.3,6.5,2.2849398676,0.3021934322,2.0248098846,-0.30318654230000003,0.3405555555540002,1.0,3.3333333333,0.1541506798558298,3.5,3.6666666667000003,6.0,3.6666666667000003,6.5,4.8333333333,2.5,1.1666666667,3.5,1.8333333333000001,2.3333333333,5.1666666667,-0.308358931,-0.1403103826,-0.3884511935,3.7790742791,2.4511556622,0.0714655015,3.4540989655,61.1111111111,33.3333333333,33.3333333333,4.0,7.0,3.875,3.0,3.125,3.0,2.625,45.0,-1.0170844173,3.9312389163,25.0,155.0,1.2928725743,0.0438060331,4.0,1.2666666667,0.6938799858,0.0019379015,0.6649845123,0.0024244932000000003,0.7222222222,-3.664674886451777,-3.664674886451777,-2.748384152235016,3.0,-1.9359418212000001,2.3063594420999998,0.4328832528,1.4259253551,-0.28775916230000004,4.7333333333,236.1666666667,3.2095363283,0.2115262575,2.70728872,0.5,144.5,2.0794415416798357,3.90823777583,0.3102803725,9.0,1.5900765644,0.415318936,2.4612563024,-0.2502881275,0.4166666667,0.5833333333,0.9166666667000001,0.08004270764276712,89.0,0.30000000000000004,0.2,0.6000000000000001,0.1,1.9835317403000001,0.38218520580000004,2.0216762218,-1.3089984976,0.4727727979490001,0.054842019321,0.00015454402600000012,8.606694141327003,0.573435102436,0.217677332619,3.1830911226,0.2576305125,1.8419778336000001,-0.2177715919,278.5,6.2,6.6,214.3333333333,3.9821451681,0.15869262720000002,1.087235695946867,168.0,201.5,3.4908847819,0.2189195847,2.1740765546,33.5,116.3699367387,2.6042566153,0.2970615028,1.7257192472,-0.3128327323,6.5,5.0,4.5,2.0,6.0,48.0,-0.16859389360000002,-0.0899251606,1.8859344743,0.2990774913,1.6091669577,-0.8336902944,-0.8157957346,3.5384615385,4.0,1.5555555556,2.2222222222,2.9333333333000002,1350.6296296296,23.0,5.0,2417.5833333333,-0.19311202738700012,-0.114076215928,-0.03742514021299999,2.3,1.7272727273,2.1666666667,1.5,2.4166666667,0.1688114436,0.1809482422
s028,2.3192763124,0.2180274794,1.4758553623,2.6,43.7222222222,0.4,25.2857142857,0.5333333333,-0.5990189534,-0.8004879637000001,3.9381513436,0.38201630400000003,1.9285490384,-1.6054041269,0.561994863,-1.544591754559063,-2.4974715602936044,-7.789518022099963,-5.237819133894846,4.6666666667,3.2142857143,3.6333333333,3.0,2.25,3.0,3.8571428571,40.0,3.5892131348,0.2685482463,1.7878762966,0.6666666667000001,0.33333333330000003,16.2916666667,-0.0208333333,1.0,0.0008333333,-4.2916666667,27.5,0.0119077307,0.0,-0.0014763092000000002,-2.1452618454,1.1818181818,-0.3187783638,0.8574144487,8.8,8.0,2.4729617614,0.41177284480000004,1.9930521040000002,-0.7167219909,0.0833333333,2.8333333333,4.0,0.5108256237859907,2.1666666667,4.5,4.8333333333,5.1666666667,4.8333333333,4.5,3.0,2.0,2.8333333333,3.0,3.5,6.1666666667,-1.5140258548,1.8389597558,-0.09204657470000001,3.1862650416,2.0206724221,0.23751954,1.4630295512,66.6666666667,33.3333333333,33.3333333333,5.0,5.0,2.625,2.375,2.25,2.8571428571,3.625,50.0,-0.8893284577,4.1867508355,21.0,134.0,-53.7214627319,0.5453153843,2.0,1.2,0.718359375,0.0015058986,1.0,0.0017774583,0.8611111111,-4.625581180301964,-4.625581180301964,-3.664674886451777,2.0,-0.8526134297,1.743676798,0.38948905710000004,2.1245932976,-0.029926837100000003,4.0666666667,332.0,2.6735187972,0.2958323243,1.7061774266,-3.5,139.5,1.0986122886681098,13.1322092207,0.5418513672,8.0,2.0944334164,0.4581965374,1.6034750296,-0.2122565079,0.0,0.0833333333,0.1666666667,0.5596157879354227,102.5,0.1,0.9,0.7000000000000001,0.30000000000000004,2.8795597565,0.4306247758,1.795878528,-1.9271397231,0.380952381,0.046296949000000004,-0.0010230935,7.033374704,0.7095968097,0.2080392755,3.7654966499,0.32610307520000004,1.6475208016,0.0796993733,353.0,5.8,6.0,365.6666666667,3.4596840718,0.3710334222,0.2939585474832389,281.164999999996,299.41833333333,2.9692628747009997,0.31280844779999983,1.7859421116109997,15.165000000004001,30.676261739774997,2.4720955502,0.4252242268,1.6727020537000001,-0.3001557635,6.0,6.0,3.5,2.5,6.0,51.0,0.2447263638,0.026934697100000002,2.5201691875,0.3658431963,1.8121946434,-0.4107470928,0.0667422859,3.8461538462,4.1,3.2222222222,2.2222222222,3.2,2100.3703703704,13.0,7.0,4013.0,-0.1095824185,0.2028935687,0.43352548830000004,2.3,1.9090909091000001,2.4166666667,2.0,2.4166666667,0.878117361,0.3632841739
s032,1.0803897658,0.0578700195,1.3718126301,1.75,30.0416666667,0.2,11.6363636364,0.2666666667,0.17722173500000002,-0.3078722907,4.708486974,0.28852444650000003,2.9200676649,-0.18611957110000002,0.6973544521,-1.5862834016282443,-3.157465855047667,-7.296626431491478,-6.531223395496672,3.8,2.5357142857,3.8666666667,3.0,2.0,2.8,3.0,50.0,5.4997159649,0.306241877,1.0980020773999999,0.33333333330000003,0.1666666667,8.4166666667,0.05,1.0,-0.003,-4.5,4.0833333333,0.18309859150000002,3.0,-0.006,-1.5281690141,1.2727272727,-0.2329064039,0.8999507389,6.2,4.8,2.1243925833,0.3686486537,1.9419506926,-0.6457066718000001,0.6388888889000001,2.0,3.1666666667,0.287682072426781,1.5,3.0,5.1666666667,3.6666666667000003,5.1666666667,5.6666666667,3.3333333333,1.0,3.3333333333,1.8333333333000001,1.8333333333000001,4.1666666667,-2.4686317928,2.7427774552,0.0,5.3201349372,2.8946488971,0.0198664967,2.1547790314,27.7777777778,33.3333333333,33.3333333333,5.0,4.0,4.0,3.75,3.25,4.0,3.125,43.0,-0.9575666758,4.0502743994,31.0,186.0,10.925098711,0.2565783653,8.0,1.0,0.5,0.0016070615360000006,0.9500000000000001,0.0024626115,0.6111111111,-6.449609932071972,-6.449609932071972,-5.553730190361736,2.0,-1.6207356906000001,1.4415369402,0.4063316517,1.7838384931,-0.1928650537,4.7333333333,326.030000000002,3.2065173907079996,0.3212334410139999,1.5677782349579996,23.01,78.76,1.0986122886681098,-1.3024422447,0.6737623433000001,4.0,1.4620164636,0.3008471337,2.2319348932,-0.3412037463,1.0,0.6758333333289996,0.9166666667000001,0.0,144.0,0.1,0.1,0.30000000000000004,0.0,3.2099057512,0.4001955092,2.2083182204,-3.3711737449,0.40975609760000004,0.0574482937,-0.0006745619,1.0,0.0,0.1,4.9098124774,0.2713114748,1.4087564913000001,-1.748862423,242.0,4.6,4.1,232.5,7.0894945009,0.3149783389,1.3258214458485609,266.6666666667,314.5,3.8533447473,0.328470712,0.9155979489,47.8333333333,-5.9772439949,3.0830002504,0.3217867458,2.2136801061,-1.2660185018,6.0,7.0,6.5,4.0,6.0,35.0,-0.45226578813,-0.2305889922979999,1.588460266818,0.30386062552700005,1.7687711490890003,-0.4521922815940001,-0.38371560358800005,4.4615384615,2.7,3.8888888889,1.5555555556,1.9333333333,1874.7291666667,12.0,8.0,3851.4166666667,-0.1667105367,0.499121864,0.0413442035,1.0,1.2727272727,1.6666666667,1.0714285714,1.5,0.5375737653,0.6415003779
s034,2.3326392904,0.3064238177,1.5730830239,3.2,44.4444444444,0.4,13.6363636364,0.2666666667,-0.5058296074,-0.3556357604,3.4033471937,0.33171446120000003,1.8477881589,-1.5328980963999999,0.35415239730000003,-3.2127729105918177,-3.199543359551433,-5.193610600537951,-3.3384564351942894,3.3333333333,3.5,4.2333333333,2.75,2.5,3.2,2.2857142857,48.0,6.4657485501,0.2384326017,2.023769596,1.0,0.0,24.0416666667,0.0458333333,1.0,-0.0005,-3.7916666667000003,22.0,0.11005772650000001,1.0,-0.0066181172,-4.7238010657,1.8181818182,-0.0170928651,0.8935255193,7.2,6.9,3.1750184513,0.3561857194,1.8601796333,-0.4914962657,0.33000000000000007,1.6666666667,1.0,0.1541506798558298,1.0,2.5,5.0,6.1666666667,5.1666666667,3.6666666667000003,3.3333333333,1.8333333333000001,1.0,3.1666666667,3.6666666667000003,4.8333333333,-2.9744549482,1.8201265848000001,0.1910395678,4.9380558016,3.4572747473,0.20781003750000002,1.823686986,55.5555555556,88.8888888889,48.1481481481,6.0,3.75,4.125,4.125,4.75,4.1428571429,2.375,39.0,0.0,5.965407751,31.0,202.0,25.7627506452,0.3968411315,9.0,1.8,0.7963762283,0.0018475266000000001,0.8335723877000001,0.0021623757,0.5277777778,-1.8444397271102142,-1.3862943611198906,-1.8444397271102142,2.0,-0.6347235841000001,1.8734652119000001,0.4033514683,1.6666748913,-0.7664672278,4.6,424.3333333333,3.3344728556,0.3033970686,1.6326207702,70.5,106.5,0.6931471805599453,1.892745368498,0.3647836808,8.0,1.9121391268,0.4573236908,1.9035992252,-0.6469956119,0.75,0.33333333330000003,0.6666666666649997,0.0,123.5,0.30000000000000004,0.6000000000000001,0.4,0.9,3.3802047878,0.3628415374,1.3114222069,-2.5114412896,0.4975609756,0.0993308563,0.0046183133,10.6576723577,0.5418667079,0.2060162747,5.2781974191,0.22415021400000001,2.4482658406,-0.7194301711000001,330.5,7.0,5.4,452.0,2.6272152881,0.321112971,0.2389345885790322,242.5,259.3333333333,3.4505544606000003,0.2866874247,1.9918693782,16.8333333333,11.0448962102,2.5664497441,0.3022281129,1.6151366963,-0.8156122864,6.5,5.5,7.0,2.5,5.0,35.0,-0.7247640396,0.0859870429,1.2891504055,0.3303351457,1.4907883592,-0.232863223,-0.7110049342,3.7692307692,1.6,2.5555555556,1.8888888889,3.2666666667,1569.8611111111,9.0,9.0,3942.25,-0.6255572799,0.0461894874,-0.6342458085,1.8,2.0,1.8333333333000001,1.7857142857000001,2.9166666667000003,0.8095301792,0.5192613311000001
s042,1.1350406945,0.3454322112,1.5570854468,2.0,39.1818181818,0.2666666667,24.6315789474,0.36666666670000003,-0.8930824805,-0.7534961297,3.2004835384,0.4143971762,1.6021964637,-1.134540321,0.9062517123,-0.279381005441302,-1.4471792908384877,-10.70374789485229,-9.104529157898149,4.5333333333,3.1428571429,4.4333333333,2.0,2.5,3.2,3.1428571429,33.0,2.8781266711,0.3102426813,1.2138226707,0.8333333333,0.1666666667,15.0833333333,0.033333333300000004,1.0,-0.0013333333,-3.6666666667000003,21.6666666667,-0.025,2.0,-0.0056666667000000006,-2.3714285714,1.0,-0.0015145454,0.7979653655000001,7.4,6.2,1.9614498211,0.5100488447,1.7725397265,-0.9624753398,0.5819444444399998,2.0,3.0,0.0,3.0,4.3333333333,5.0,4.3333333333,5.5,4.0,3.1666666667,1.3333333333000001,2.1666666667,1.1666666667,1.3333333333000001,4.1666666667,-1.5971408766000001,-0.0178723294,-0.14226252420000002,3.3527661372,1.9376482460000002,0.017078295,2.3424403551,0.0,22.2222222222,22.2222222222,5.0,4.5,3.5,2.5,3.0,3.7142857143,3.5,46.0,-1.070541321,3.8243251091,30.0,244.0,1.2928725743,0.0438060331,4.0,1.2,0.7636707306,0.0021105786,0.9679077148,0.0019073622,0.47222222220000004,-8.511264302067358,-7.365900695568905,-7.365900695568905,1.0,-0.8605428281,1.8624045277999999,0.3853204174,2.1717419377000002,-0.3005954353,4.6,345.78833333333705,2.848861059640999,0.33338833658,1.3962507593190003,23.02,53.695,1.3862943611198906,-3.6154287001,0.7048703801,16.0,1.1392432281,0.525260805,1.8065143902,-0.6110219369000001,0.6666666667000001,0.6666666667000001,0.6558333333319999,0.08004270764276712,120.0,0.2,0.2,0.7000000000000001,0.2,3.0952720553,0.39726530520000003,1.9715417925,-1.6295445623,0.6098765432000001,0.0870670892,0.0012161664,6.9711769151,0.43506623720000004,0.2214668351,2.13067563,0.3261631917,1.4921256514,-0.7243165327000001,342.0,6.2,6.7,358.5,2.694839713,0.3619672412,0.2491865806958793,342.6666666667,351.1666666667,3.0683948824,0.3277516485,1.4656769031999999,8.5,41.530427448,2.2710698926,0.4349734954,1.8357751691000002,-1.7726671333000001,6.5,5.0,4.0,2.0,4.0,43.0,-0.7368418103000001,-0.2722453373,1.519449586,0.3682068825,1.74254809,0.0233479031,-0.162817616,3.9230769231,3.8,3.5555555556,2.2222222222,2.4,1727.6437229437,26.0,6.0,2378.3333333333,1.5248496101,-0.6921747384,0.857728323,2.1,1.4545454545,1.8333333333000001,1.3571428571,2.0,0.2040754317,0.16913876220000001
s049,1.0489915657,0.1766314057,1.2284162669,1.65,33.0952380952,0.30000000000000004,25.1333333333,0.5,-0.7036478214,-0.8184859142,3.8519823796,0.3285283909,1.9822222095000002,-1.8845722142999999,0.5763356164,-1.600904222662052,-2.323364566609273,-6.952249842468917,-6.422275648213015,3.2666666667,3.1071428571,4.8,2.5,2.75,3.2,2.7142857143,52.0,3.2193699423,0.2655265692,1.3458588181,0.33333333330000003,0.6666666667000001,17.6666666667,0.05,1.0,-0.0033333333,-4.25,25.2083333333,-0.043661971800000005,0.0,0.0004225352,-0.5140845070000001,1.5454545455000002,0.15367748350000002,0.9740379364,7.1,5.2,2.2927602912,0.3465299556,2.2429158122,-0.5388090578,0.0555555556,2.0,3.5,0.0,1.8333333333000001,2.8333333333,5.3333333333,5.3333333333,5.5,4.3333333333,2.3333333333,1.6666666667,1.8333333333000001,1.5,1.8333333333000001,3.6666666667000003,-1.7792181879000002,-0.3110300714,0.0,5.3201349372,3.5928850114,0.0826447236,3.5520219469,50.0,55.5555555556,44.4444444444,4.3333333333,3.5,4.25,3.375,3.375,3.0,2.0,42.0,-1.0385004382,3.3813588491,27.0,149.0,7.6113128603,0.3752535483,7.0,1.2,0.8391448975,0.0025828386000000003,0.9008956909,0.002726907,0.47222222220000004,-2.748384152235016,-3.664674886451777,-3.664674886451777,3.0,-0.6988269467,2.4302237449,0.3479277839,2.2796395624,0.096625361,5.0666666667,283.5,3.5433671540000002,0.3233106083,1.6716341031000002,33.0,41.5,1.6094379124341003,6.465177584256999,0.5037524114,8.0,1.5536809654,0.5854663507,1.9788500049,0.0029065166000000003,0.5,0.75,0.5833333333,0.28768207242678084,119.5,0.1,0.30000000000000004,0.5,0.1,3.1334313094,0.4224348751,1.8347847279,-2.2924115918,0.4556650246,0.0534967625,0.0027792796,7.1433390085,0.7544122812,0.2019297618,3.0381625353,0.2699662203,1.2466304949,-1.2329010146,419.5,4.1,5.1,332.8333333333,3.0404983858,0.3623210677,0.5190857350222597,222.8333333333,234.0,3.1008764799,0.37223551600000004,1.3485578456,11.1666666667,32.4666767341,1.8535701233,0.308681959,1.764441711,-0.20323458300000002,6.0,6.5,6.0,5.5,3.0,34.0,0.0756073876,-0.087301315,1.6600160259,0.2960823128,1.8749400268,-0.7131985995,-0.5803971245,4.0,2.3,3.7777777778,2.7777777778,2.7333333333,1672.8125,13.0,6.0,5014.7083333333,-0.43563181929199984,0.03464968211800001,-0.2155872735060001,1.8,1.7272727273,2.25,1.5714285714,1.9166666667,0.38232337240000003,0.6690042794000001
s060,1.7296340702,0.3000398083,1.6640448012,3.2,49.6666666667,0.5,25.7894736842,0.36666666670000003,0.2609108888,-0.5206685429,3.7838897333,0.3602621804,1.6823431035,-1.1503407773,0.048349315100000005,-1.3614213437302727,-2.1613650124800685,-4.491719481340037,-5.7550548850512975,2.7333333333,3.5714285714000003,3.5333333333,2.0,2.25,3.2,3.4285714286,48.0,5.1133897699,0.3033167959,1.2243976136999999,0.8333333333,0.1666666667,3.6666666667000003,0.0833333333,3.0,-0.005,-2.4166666667,5.0833333333,0.0535793731,2.0,-0.0075955511,-2.8417593529,1.0,0.00020826820000000002,0.6973081329,10.4,9.2,2.5169970309,0.49489539400000004,1.6499053664,-0.6370429902,0.5277777778,3.6666666667000003,3.6666666667000003,0.847297860372918,1.8333333333000001,3.5,5.0,4.5,5.3333333333,6.3333333333,3.8333333333,1.6666666667,3.6666666667000003,1.5,1.1666666667,4.6666666667,-3.6503107063,0.008772097900000001,0.1910395678,4.9380558016,3.2613645961,0.2749471717,1.4589611196,61.1111111111,22.2222222222,25.9259259259,5.1666666667,3.75,3.375,3.625,3.25,3.8571428571,3.5,44.0,-1.1195720593,3.7262636324000002,24.0,229.0,25.7627506452,0.3968411315,9.0,1.0,0.9847656250000001,0.0006895626,1.0,0.0013037095,0.75,-4.625581180301964,-4.625581180301964,-4.625581180301964,2.0,-0.4060962161,2.2617783291,0.39055080280000004,1.7789106813000002,-0.6727630248,4.4,360.5,3.4490006602,0.3750186527,1.3335734762,95.0,21.5,0.6931471805599453,9.8923120515,0.467776179,16.0,1.8570157675,0.501842393,1.4759730164,-0.4432996837,0.5833333333,0.4166666667,1.0,0.08004270764276712,124.0,0.0,0.1,0.2,0.0,3.6064849913,0.4407540231,1.5659819712,-1.4783510054,0.46095717880000003,0.10761476360000001,0.0006108117,8.28092312,0.48896813250000004,0.1952101292,4.1629254718,0.2886190008,1.3492256975,-1.9840981987,318.0,7.3,6.9,382.6666666667,2.9277893542,0.3487771967,0.22115261279074552,282.5,353.3333333333,3.7612837488,0.33323910900000003,1.5606027775,70.8333333333,42.9275844104,3.1483849406,0.3718943295,1.7032931589,-1.0487548014,6.0,7.0,6.0,2.0,4.0,54.0,-0.942670891,-0.7628279567,1.9378323143,0.36386291860000003,1.7802682756000001,-0.6421802151,-0.1713553625,4.3076923077,3.0,3.6666666667000003,2.2222222222,1.9333333333,2058.2636363636,10.0,7.0,3764.0833333333,0.9961403040000001,-0.504659614,1.1115739755,1.6,1.1818181818,1.3333333333000001,1.0714285714,1.0833333333,0.30023393870000004,0.2913274167
s062,1.0633115153,0.3008623666,1.6124791395,2.1,22.4,0.1666666667,25.5454545455,0.2666666667,-0.26729651860000003,-0.7845079468,3.5649938173,0.3770286557,2.3327265364,-0.8919924612000001,0.0779726027,-2.9409749521418136,-3.2498294354778303,-5.760049665753145,-4.695764636343307,3.1333333333,2.25,2.9,3.25,1.0,3.4,4.0,54.0,2.4280050198,0.2708837937,1.3618645383,1.0,0.0,4.4583333333,0.10416666670000001,3.0,-0.006500000000000001,-3.2083333333,13.7916666667,0.041502463100000005,0.0,-0.0006256158,-1.0201149425,1.2727272727,0.2668709757,0.5652086429000001,7.2,7.5,1.8448759674000001,0.389499957,2.0497570664,-0.8686100313,0.2777777778,1.8333333333000001,3.1666666667,0.287682072426781,1.1666666667,2.1666666667,4.1666666667,3.3333333333,5.3333333333,5.0,4.3333333333,2.5,3.3333333333,2.5,1.0,3.8333333333,-1.043666862,0.1978875094,-0.6932395302000001,3.1607721784,1.9837933276,0.2868815368,1.5353952146,66.6666666667,77.7777777778,18.5185185185,4.3333333333,6.5,4.0,4.5,3.125,2.7142857143,4.25,35.0,-0.8075379761,4.3503317988,33.0,202.0,25.7627506452,0.3968411315,9.0,1.0,0.6650108576,0.0007856365,0.8120579243,0.0009199542,0.6944444444,-4.625581180301964,-3.664674886451777,-2.748384152235016,4.0,-0.7185165019,1.9432649432,0.455690136,1.9659127042,-0.2190356772,5.0,352.5,2.1587920729,0.349930234,1.3441595595,4.5,130.0,0.6931471805599453,15.983269342,0.3731253503,13.0,1.6338665033000002,0.510132133,1.8524867221,-0.7558956738,0.5833333333,0.5833333333,0.5833333333,0.08004270764276712,123.0,0.2,0.30000000000000004,0.2,0.0,2.7908606603,0.4224303783,1.8280783827,-3.2095060322,0.5461346633,0.0289312211,0.0024022426,4.1284206125,0.522543679,0.3041431392,3.7360924936,0.2950870876,1.1244404505,-1.3323935701,340.885,6.2,5.5,295.0,3.2537724521999998,0.33593757690000003,0.3240280545416061,264.1666666667,225.8333333333,3.0966896054,0.3292034937,1.6295738998,-38.3333333333,33.956223176,2.5013024092,0.4284555356,1.6111356611,-1.2979365699,7.0,7.0,4.0,1.5,6.0,25.0,-0.6662722405,-0.785600252,1.8856061686,0.3647401538,1.5526360107000001,-0.6310475403,-0.9243713104,4.2307692308,4.4,3.8888888889,3.4444444444,2.0666666667,3011.8541666667,8.0,6.0,4517.3333333333,-0.4801874887,0.1605851013,-0.6036176387000001,1.3,1.0,1.75,1.0714285714,1.0833333333,0.1718704859,0.29299772300000004
s063,2.1971445155,0.24789359560000002,1.692210431,3.45,30.9130434783,0.2333333333,16.2307692308,0.1333333333,-0.4191800178,-0.22725727280000002,3.7780050902999998,0.4035778163,2.1581239269,-1.102053187,0.0684674658,-2.336014389303297,-2.5988656708668616,-3.437845085045951,-3.442046079663945,4.2,3.75,4.8666666667000005,2.25,2.5,3.4,3.1428571429,38.0,3.9166112146370033,0.27822461572,1.5817669151779998,0.1666666667,0.5,10.375,0.0125,0.0,-0.0011666667,0.0416666667,13.5833333333,0.0635184807,1.0,-0.0018660404000000002,-3.8192771084,1.7272727273,-0.1305052593,0.7872679897,9.2,7.6,2.895389375,0.46838140920000004,1.6800234189,0.2007017979,0.3491666666660002,2.1666666667,2.6666666667000003,0.5108256237859907,2.5,4.6666666667,5.3333333333,5.5,6.3333333333,5.0,2.5,2.3333333333,2.5,2.0,2.5,5.0,-1.6430956658,2.1469214475,-0.1448413667,3.3579238221,2.3819846784,0.2891239838,1.0611367438000001,33.3333333333,33.3333333333,29.6296296296,5.0,3.5,3.25,2.75,3.5,3.0,4.0,42.0,-1.1195720593,3.7262636324000002,26.0,87.0,25.7627506452,0.3968411315,9.0,1.4666666667000001,0.5,0.0014159454249999997,0.9419433594000001,0.0018539359,0.6388888889000001,-1.3862943611198906,-2.748384152235016,-1.8444397271102142,2.0,-2.7957943968,1.36680434,0.40038313540000003,1.3561752065000001,-0.1217831419,3.9333333333000002,328.77666666667517,2.7731342977180002,0.33231549408800004,1.3971410767500003,12.605,55.095,2.1972245773362196,4.7596639938,0.5419792213,6.0,1.5895008593000002,0.4328690066,1.8443898481,-1.5598322502,0.33333333330000003,0.25,0.5,0.4054651081081644,108.0,0.30000000000000004,0.5,0.8,0.30000000000000004,3.6350271342,0.43777191860000003,1.318888999,-2.3907219857,0.5588972431,0.1135484398,-0.0012393919000000002,6.526747793,0.5986142828000001,0.2374835528,3.6598278901,0.3586971325,1.4873074638000001,-0.7034067753000001,401.0,5.3,5.8,322.6666666667,3.6450549894,0.3838065241,0.16761108186526572,346.6666666667,236.6666666667,2.1552462736,0.33680087070000003,1.0666437447,-110.0,9.9907811559,2.6754326494000003,0.3719425576,1.9639618375999999,-0.6681824676,6.0,4.5,3.0,3.0,5.5,34.0,-0.3029232075,-0.2144036832,2.034241009,0.4090596408,1.4163641348,-1.0948050366,-0.8370363346,3.2307692308,2.6,3.1111111111,3.3333333333,3.6,1928.25,3.0,6.0,4967.1818181818,0.2347838626,0.5988229857,0.5901415482,2.0,2.2727272727,2.1666666667,2.0714285714,2.1666666667,0.8370711785,0.16629202340000002
s065,0.944737318,0.11859756660000001,1.6888005065,1.6,29.6956521739,0.2333333333,15.5238095238,0.30000000000000004,-0.5465769798,-0.8653356799,3.0795155706,0.35887921230000003,2.0228240326,-0.5546000176,0.4636643836,-0.4212108558606599,-2.5758960411774097,-7.3969745110566345,-9.23995354569583,4.4,4.2142857143,5.1,2.5,2.75,3.4,3.4285714286,28.0,2.0417073816,0.2146546681,1.5255318316,0.6666666667000001,0.1666666667,7.6666666667,0.05,1.0,-0.0046666667000000005,-3.1666666667,6.8333333333,-0.0973023839,1.0,-0.0055533250000000004,-0.7440401506000001,1.1818181818,6.938893904000001e-18,-1.595945598e-16,7.9,5.1,0.7076408161000001,0.23725921330000002,2.0894490849,-0.4406489525,0.7777777778,2.5,3.6666666667000003,0.847297860372918,2.6666666667000003,3.3333333333,5.0,6.0,5.8333333333,6.1666666667,3.8333333333,1.5,2.1666666667,1.6666666667,1.5,4.3333333333,-0.6414345734,2.0854351147,0.7002039655000001,3.9197270062,1.4399562034,0.2591550904,1.5655886274,44.4444444444,100.0,48.1481481481,6.0,3.25,2.875,3.0,3.125,2.8571428571,3.375,51.0,-1.5813581226,2.8026915057,19.0,106.0,10.925098711,0.2565783653,8.0,1.2,0.6364894867,0.0019913827,0.6673725128,0.0024085212,0.7777777778,-4.609202534990781,-3.664674886451777,-4.609202534990781,1.0,-2.0727980116999998,1.2392810164,0.4180907769,1.3050503759,-0.3150226038,3.2,333.1250000000041,2.738216114254998,0.3106526836050001,1.643280199192,14.8,85.7,2.1972245773362196,3.6510833163689993,0.32881343020000003,6.0,0.3067264879,0.0280032783,2.3480019956,-0.4077083064,0.5833333333,0.1666666667,0.5516666666629998,0.5108256237859906,92.0,0.2,0.2,0.6000000000000001,0.30000000000000004,2.0653805347,0.44429482600000003,1.5891340659000002,-1.6763520423,0.376344086,0.0339998708,-0.0009435875,4.537263491,0.839897946,0.0842369285,1.6548854868,0.08084476800000001,1.8341441786,-0.7250086415,305.0,7.2,3.9,343.833333333333,2.7063410233469996,0.308476544268,0.4894619650564185,291.0,521.1666666667,1.5784818095,0.2328243025,1.6493998116,230.1666666667,19.459800995,0.8308734581,0.11616212100000001,1.7955246949,-1.0454256381,5.5,4.0,4.0,1.0,2.5,41.0,-1.2224978092,-0.1059787388,0.35522672180000003,0.0447362454,1.8198855716,-0.2543409364,-0.1638155754,3.5384615385,4.4,3.0,3.3333333333,3.3333333333,1305.5633608815,21.0,6.0,2129.5,-0.44749894859099987,-0.038509893574,-0.2484054254260002,2.4,2.0909090909,2.9166666667000003,2.5,1.6666666667,0.8161974934,0.3283289542
s066,0.7404933199,0.2641048521,1.2398065283,1.75,29.2083333333,0.2,13.4814814815,0.1,-0.7947453204,-0.3172275538,3.8829152561,0.3420052396,1.9225095483999999,-0.3331880728,0.8037517123,-2.1823393385427408,-3.1111123758186654,-9.178662457416713,-6.210432129928556,3.2,2.4285714286,2.5666666666999998,3.0,2.5,3.8,3.0,52.0,3.4623073468,0.3100998025,1.1910627033,0.0,0.6666666667000001,8.125,-0.0125,0.0,0.0025,-0.7083333333,8.0833333333,0.225,2.0,0.0023333333,-1.5833333333000001,1.3636363636,-0.4014370897,0.6618000889,7.9,6.7,1.4931980851,0.5235700954,1.6159256571,-1.0477784245,0.47222222220000004,1.5,3.0,0.5108256237859907,1.0,4.6666666667,5.1666666667,5.1666666667,5.8333333333,7.0,3.5,2.5,2.1666666667,2.0,1.0,5.1666666667,-1.4994025158,0.5779236955,-0.7548590441,3.810416849,2.9921577146000002,0.2675252047,1.6716403389,66.6666666667,33.3333333333,48.1481481481,7.0,3.25,4.5,4.625,3.375,2.8571428571,3.375,53.0,-0.9575666758,4.0502743994,34.0,156.0,59.8991114415,0.8568707964000001,6.0,1.0666666667,0.6927155256,0.0010427193,0.6844765901000001,0.0011305443000000001,0.5277777778,-7.365900695568905,-7.824046010856292,-6.449609932071972,2.0,-1.2488808288,1.9205369085,0.4733200447,1.917336017,-0.1735042188,4.4,339.0,3.6067822720000002,0.3233576701,1.6434448380000002,38.5,-35.5,0.6931471805599453,-1.4479000037,0.6320841931,9.0,1.4289115525,0.5367361687000001,2.0501932208,-0.1240476586,0.9166666667000001,0.8333333333,0.75,0.08004270764276712,147.0,0.1,0.4,0.4,0.0,2.3047687136,0.3949518965,1.9391944402,-1.1485903171,0.37215189870000004,0.0520899105,7.52429e-05,4.8913951646000005,0.6156257317,0.24314391670000002,2.8726386398,0.2912168341,1.7435357931,-0.3017314041,353.0,5.3,5.4,327.216666666669,3.4181820359839996,0.34595970688299993,0.6312912217072911,300.6666666667,334.6666666667,4.5031783677,0.3516997773,1.9314962480000002,34.0,14.7252461322,2.3373559542,0.4362387452,1.7121625227,-1.8369754439000001,7.0,6.0,7.0,4.5,6.0,41.0,-0.3192559035,0.1321064416,1.4562809631,0.0558765707,2.1268109144,-1.0377044573,-0.6396393394000001,4.5384615385,2.9,3.8888888889,1.8888888889,2.9333333333000002,2714.7777777778,0.0,9.0,4091.25,-0.7342803426000001,0.3491282972,-0.349061406,1.1,1.0909090909,2.25,1.3571428571,1.4166666667,0.1925864579,0.2455347628
s071,1.0874947506,0.2115351155,1.5445496725,2.15,14.0909090909,0.2666666667,15.8148148148,0.1,-0.8065566233,-0.4051981007,3.113972944,0.4174691069,1.9005261078000002,-0.2881823344,0.1364143836,-3.2221130791260344,-3.078723100162752,-5.085552285725692,-3.5484680948295066,3.8,4.2857142857,3.8333333333,3.0,2.25,3.4,1.8571428571,45.0,5.9334570281,0.298819296,1.9460691548,0.33333333330000003,0.5,10.125,-0.07083333330000001,2.0,0.00016666670000000001,-2.2916666667,8.2916666667,0.016421568600000002,0.0,-0.0020098039,-0.45833333330000003,1.8181818182,0.33324067,0.1368406422,8.2,7.5,1.9491666315,0.4220924326,1.9492698174,0.25077101,0.4166666667,1.8333333333000001,3.5,0.6931471805599453,4.0,4.3333333333,5.1666666667,4.0,5.1666666667,3.8333333333,2.3333333333,1.1666666667,2.8333333333,1.1666666667,2.6666666667000003,4.5,-0.9179417359,-4.6771154316,-1.5753864747000002,0.8500741887000001,1.7301160071,0.25060143020000003,1.3167461187,66.6666666667,66.6666666667,37.037037037,6.0,2.25,4.0,4.0,4.0,4.1428571429,3.375,47.0,-0.7347402228000001,2.4369575517,34.0,162.0,7.6462537787,0.2844630669,7.0,1.2666666667,0.7197738647,0.0012448901,0.7429323197000001,0.0013413058,0.5,-4.625581180301964,-4.625581180301964,-3.664674886451777,2.0,-1.1098010896,1.7033051659,0.3911866741,2.2615886392,-0.18167452920000002,4.8,294.3333333333,2.5463120357999998,0.4297030813,1.6122839238000002,3.5,43.0,1.6094379124341003,-2.45453505,0.5845496250000001,12.0,1.4568381320000001,0.5300392456,2.0202687716,-0.0450622886,0.8333333333,0.9166666667000001,0.9166666667000001,0.28768207242678084,129.0,0.1,0.2,0.6000000000000001,0.5,3.9660945266,0.38816043250000004,2.3370193756,-2.9667859997,0.5604938272000001,0.0835101277,0.0016972961,5.8216634678,0.7573969125000001,0.2874175489,2.9409938885,0.30447403230000003,1.8559658189000001,-1.4069391437,453.0,5.1,4.1,260.8333333333,2.8353159103000003,0.45675065200000003,0.4181795522416959,327.3333333333,301.6666666667,2.5598708714000002,0.0649397406,3.3328211582,-25.6666666667,77.7316559743,2.7064938329,0.32267569220000003,2.2624684248999998,-0.8044482917,6.0,6.0,6.0,4.5,6.0,45.0,-0.5437030812,-0.4137819708,1.7296816491,0.3804873291,1.7562302820000002,-0.1562802684,0.5524570601000001,4.1538461538,2.3,4.0,2.1111111111,2.5333333333,2477.7018518519,4.0,7.0,5508.5833333333,-0.0178435071,0.21963879760000002,-0.40891241980000004,1.5,1.9090909091000001,2.0833333333,2.0,2.3333333333,0.8308472881000001,0.1405770658
s081,0.6178326030000001,0.4562321762,1.5708033305,1.05,36.25,0.33333333330000003,25.4444444444,0.4,-0.3854123008,-1.1120293925,4.6296502866,0.3029260608,3.6016066160999998,-0.8137415204,0.3858407534,-3.0071672686158446,-2.623696461755078,-6.64383576300703,-4.237698029307851,2.5333333333,2.3928571429,3.1333333333,2.25,1.5,4.0,3.7142857143,43.0,3.9129481297,0.2330755354,2.0596289195,0.33333333330000003,0.6666666667000001,11.125,-0.07083333330000001,1.0,-0.0025,-1.875,18.9583333333,-0.0314256825,1.0,0.00039838220000000004,-4.5333670374,1.2727272727,-0.3617387924,0.7476289194,7.3,6.5,1.8758398577,0.346257087,1.6912648603,0.2450930134,0.1111111111,1.8333333333000001,1.3333333333000001,0.287682072426781,2.0,5.1666666667,4.3333333333,6.3333333333,5.3333333333,4.6666666667,3.1666666667,2.0,1.6666666667,1.3333333333000001,1.3333333333000001,4.8333333333,-1.3867379107,0.9990143695,0.0,5.3201349372,3.8833316436,0.10529226300000001,3.5302838303,44.4444444444,88.8888888889,51.8518518519,5.8333333333,5.25,4.75,5.0,3.375,3.1428571429,3.625,44.0,-0.8893284577,4.1867508355,25.0,159.0,1.2928725743,0.0438060331,4.0,1.2,0.6307462215,0.0008980930000000001,0.6628083944000001,0.0009898992,0.6944444444,-4.625581180301964,-2.748384152235016,-2.748384152235016,4.0,-0.9943937162,2.0381659277,0.3660502332,1.9658110542,-0.3576185602,5.5333333333,262.0,3.7997761075,0.2250223187,2.3181308886,18.0,93.0,0.0,6.056737399596,0.5639088968,12.0,1.4915674288,0.4653287474,2.0386136151,0.179254867,0.5,0.5833333333,0.9166666667000001,0.5596157879354227,105.0,0.0,0.5,0.5,0.2,4.565662436,0.33637616800000003,2.2522457028,-2.1619773572,0.4516129032,0.0381891263,-0.0015635533,5.6850001605,0.46544955200000004,0.2704380091,3.2600679319,0.251969423,2.0334629201,-0.23483823680000002,378.5,5.7,5.1,225.3333333333,4.9866286575,0.2522886902,1.5814164487823932,221.75,256.6666666667,2.5953956960999998,0.3111376138,2.8749103132,34.9166666667,86.7369991051,2.8778998424,0.2535523232,2.4490773788,-1.1407562658,5.5,6.5,3.5,1.0,5.5,61.0,-0.4838778259,-0.6354953852,1.8429587158,0.2634003026,1.9544330680000002,-0.2146558029,0.12238998970000001,3.9230769231,3.7,4.2222222222,2.0,2.0666666667,1829.1851851852,3.0,9.0,3605.6666666667,-0.4679354664,-0.3050086074,0.0476063952,1.9,1.0,1.5,1.2142857143,1.75,0.19687823510000002,0.1365280687
s082,2.1008804979,0.1912198286,1.6210437092,2.65,36.8181818182,0.2666666667,18.8636363636,0.2666666667,-0.7005675085,-0.9698966440000001,3.9028533966000003,0.3241670846,2.0747201002,-1.0606922339,0.5437619863,-2.660214503719887,-2.7201002517198503,-8.13428730652605,-4.988512434152287,2.8666666667,2.8928571429,5.0333333333,1.25,1.0,2.8,2.2857142857,46.0,5.6824004389,0.24705966370000002,2.2283952866,0.8333333333,0.0,5.7083333333,0.0291666667,1.0,-0.0021666667,-1.875,3.25,0.0041962175,2.0,-0.0068345154,-1.2919621749,1.0909090909,0.29550928800000004,0.7944050146,8.2,5.9,2.923379734,0.43839691000000003,2.1321415295,-0.7691428756,0.1111111111,2.0,3.6666666667000003,0.287682072426781,1.1666666667,3.6666666667000003,4.6666666667,4.6666666667,4.6666666667,4.8333333333,2.5,1.8333333333000001,3.1666666667,1.6666666667,1.1666666667,5.3333333333,-0.968439519,-0.20835101860000002,0.0,5.3201349372,3.7401743651,0.011237939800000001,4.2037502355,5.5555555556,0.0,14.8148148148,4.3333333333,5.5,4.125,2.875,3.5,4.0,2.375,31.0,-0.7017421781000001,4.5619233948,30.0,209.0,25.7627506452,0.3968411315,9.0,1.0,0.8108306885000001,0.0019553837,0.9811523438,0.0022369199000000003,0.6944444444,-5.553730190361736,-4.625581180301964,-3.664674886451777,1.0,-0.6239543026000001,2.1409048371,0.3073997889,2.8262150739000003,-0.3583775389,4.8666666667000005,259.1666666667,3.8228200525,0.3109373275,1.8160741675,3.0,51.5,1.3862943611198906,12.950647121,0.6762551069,15.0,1.6277072634,0.4728458848,2.3919824852,-0.5749159874,0.0,0.5,0.5833333333,0.6061358035521337,101.0,0.1,0.2,0.7000000000000001,0.0,2.7975976516000003,0.3729792937,1.9762751955,-2.7272785305,0.48888888890000004,0.0469234034,0.0017802741000000001,6.1695985363,0.8490824717000001,0.18537842640000002,5.0795743001,0.3096663725,1.8178882552000002,-1.3185121421,251.0,6.2,5.5,290.8333333333,4.5161230164,0.3288193318,0.5344220395960761,218.3333333333,260.6666666667,3.5312845067,0.3064213863,1.6932056757,42.3333333333,58.2717476489,4.0404798794,0.3462534065,2.5457264913,-0.9320539942,5.5,5.0,4.5,1.0,2.0,57.0,-0.7501448447,0.0040812982,2.4354358076000002,0.24997998710000002,2.2359774092,0.0929305881,-0.43392063270000003,3.0769230769,2.8,1.7777777778,2.2222222222,1.6666666667,2702.787037037,-1.0,7.0,5343.25,-0.032115587,-0.1237399904,-0.7142676783,2.3,1.0,1.0833333333,1.0714285714,1.0,0.4725999708,0.31401691800000003
s083,0.9122075328,0.0212176694,2.0113860658,1.85,29.12,0.1666666667,28.75,0.4666666667,-0.44405929780000003,-0.0065205103,2.2241988794,0.4688987727,1.6189357087,-1.0251070594,0.1491746575,-1.300518907235339,-3.3703261003215412,-5.489829241238187,-5.870929213611643,3.0666666667,4.6071428571,4.7,2.5,1.5,3.2,2.7142857143,42.0,2.0635624294,0.058818289100000004,2.0183403225,0.0,0.8333333333,15.4583333333,0.0208333333,1.0,0.00016666670000000001,-2.625,19.4166666667,0.0960383909,1.0,-0.0063957525,-3.5301204819,1.0,-0.1107216911,0.6662935574000001,6.9,5.0,1.7640460386,0.4873333381,1.542943351,-0.3048424151,0.5,3.8333333333,4.6666666667,0.6931471805599453,1.0,4.8333333333,4.8333333333,3.5,4.5,6.1666666667,2.8333333333,2.3333333333,4.5,2.8333333333,1.3333333333000001,6.5,-1.3881161526,-0.8892113841,0.15744220620000002,2.6155831731,1.5280926178,0.0796727139,2.2041791692,0.0,100.0,77.7777777778,6.0,4.0,4.0,2.125,5.0,4.4285714286,3.625,53.0,-0.4884848921,3.7122256308,36.0,210.0,7.6113128603,0.3752535483,7.0,1.0666666667,0.7518432617,0.0008687640000000001,1.0,0.0010651033,0.5277777778,-3.664674886451777,-3.664674886451777,-2.748384152235016,2.0,-1.264401214,1.381505709,0.5019465019,1.6602007128,-0.39633301660000003,4.6666666667,277.8333333333,2.4362766409,0.1654329901,2.8600084626999998,-79.5,20.0,1.6094379124341003,-8.1141595966,0.488994831,6.0,1.0463682897,0.5669026399,1.5631323343,-0.6872840083,1.0,0.5833333333,0.4166666667,0.08004270764276712,109.0,0.0,0.2,0.6000000000000001,0.1,1.9460358242,0.4560933596,2.0654244271,-1.9567688107999999,0.5746835443,0.07021910940000001,-0.0030845643000000002,4.9357597616,0.6424185584000001,0.2998366442,4.5327121588,0.39672055900000003,1.3480943951,-1.0645347538,408.0,4.6,5.0,334.9850000000031,2.8850398804530015,0.36707362836600005,0.5205826661074276,335.3333333333,316.1666666667,2.5003354804,0.2876052102,1.9953173587,-19.1666666667,45.1921743697,2.37778614,0.3915784384,1.3546605502,-0.9585832565,6.0,3.5,6.0,5.0,2.5,41.0,-0.0410024749,-0.5801624421,1.4579368381,0.4721970822,1.4817955647,-0.8184622668,0.0231122607,4.5384615385,3.6,1.7777777778,1.8888888889,2.1333333333,2659.1033333333,4.0,8.0,3512.1666666667,-0.5193188591,0.2531477459,-0.4024025197,1.1,1.6363636364,1.9166666667,1.1428571429,1.1666666667,0.884768219,0.35310797190000004
s084,1.2203589388,0.2554658041,1.0541762512,1.45,29.8095238095,0.30000000000000004,23.619047619,0.30000000000000004,-0.5810656784,-1.0463425429,3.2964856103,0.4002230518,1.6415070764,-0.9977366528,0.1409041096,-2.9440922920693575,-3.037625047403867,-6.319587464504525,-4.515223262766875,4.2,4.2142857143,4.4666666667,3.0,3.25,3.6,3.2857142857,38.0,5.0727222413,0.28156954570000003,1.1945069936000001,0.5,0.5,2.9583333333,-0.0041666667,2.0,-0.0078333333,-0.5416666667,10.2916666667,-0.06547799700000001,1.0,-0.010176024300000001,0.7638196401,1.4545454545,-0.3011692918,0.3067876754,7.3,7.4,1.3121982508,0.4249181691,1.4579734241,-1.0476235006,0.3191666666710001,1.1666666667,3.0,0.4054651081081644,3.6666666667000003,3.8333333333,6.3333333333,3.6666666667000003,5.6666666667,5.0,1.5,2.3333333333,2.1666666667,2.3333333333,1.8333333333000001,4.1666666667,-4.818250571,-2.172451293,-0.8686866792,2.2440675647,1.7212128672,0.2479984064,0.9801044744,33.3333333333,77.7777777778,62.962962963,5.0,4.25,4.125,4.0,3.625,3.1428571429,2.75,52.0,-1.2998757984,2.384482812,30.0,176.0,46.0626954627,0.8291899447000001,10.0,1.4,0.7519756317,0.0019321562,0.8106766224,0.0020632659,0.5,-2.067339257049917,-2.067339257049917,-1.3862943611198906,2.0,-2.9349891254,2.0313058829,0.3649514502,1.1677121968,-0.2081220189,4.2666666667,405.3333333333,2.1800815308,0.3263288724,1.1955736465,101.5,19.0,1.9459101490553132,9.7475659927,0.45653910410000004,4.0,1.7061100056,0.46431664,1.4077022717,-0.0389739771,0.75,0.6666666667000001,0.75,0.08004270764276712,114.0,0.0,0.4,0.5,0.4379999999999999,3.2274115725,0.4301231111,1.5017449091000001,-1.8055886177,0.4617283951,-0.0026075655000000002,-0.0008306871,1.0,0.0,0.1,2.4617791045,0.22527070940000002,1.0909244536,-1.8127505654,318.0,5.0,4.8,240.3333333333,2.4627490624,0.3186805648,0.27634124108520497,281.899166666668,297.6033333333289,2.630070431977,0.31530886099599986,1.5218072452170004,32.60000000000401,23.196955372240986,2.7767037089,0.2968915212,2.1876097712,-1.7640030911,4.5,5.5,6.0,5.5,3.5,35.0,-0.493666082,0.1044581661,0.7593724469,0.2855151463,1.3490090602,-0.5753420429,-1.0217550075,4.0769230769,3.0,4.1111111111,2.4444444444,3.2666666667,3163.6904761905,-1.0,7.0,6621.3333333333,0.3134784976,0.3742791824,0.0661036894,1.8,2.0909090909,2.5833333333,2.1428571429,2.6666666667000003,0.8310590050000001,0.2003643785
s085,1.8058240596,0.32228893280000004,1.1346357046,3.75,8.24,0.1666666667,0.0,0.0,-0.5165415779,-1.1686170555,3.9285916418999998,0.3751811954,1.7603324905000002,-1.0597275092,0.1202328767,-3.098888218841588,-3.3182137958437985,-6.244857482560533,-4.3632441746302275,5.4,3.7857142857,4.4333333333,2.25,2.75,3.2,2.5714285714000003,44.0,6.8021149075,0.27673161490000003,2.0635405602,0.8333333333,0.0,6.625,0.1208333333,3.0,-0.0078333333,-1.4583333333000001,8.8333333333,0.0200365547,1.0,-0.0028293352,-1.2442312086,1.0,0.2825085651,0.9367683438000001,8.9,8.5,3.2509720175,0.3531339854,1.8873814071,-0.2168021386,0.2222222222,1.0,3.1666666667,0.287682072426781,5.0,6.1666666667,3.5,4.5,4.5,4.0,1.8333333333000001,1.0,3.1666666667,2.1666666667,5.6666666667,6.3333333333,-2.5569286792,-0.3318675099,0.0,5.3201349372,3.5180558392,0.1861910554,2.190355211,22.2222222222,0.0,22.2222222222,6.0,7.0,2.75,4.0,3.875,3.1428571429,4.375,50.0,0.0,5.965407751,30.0,230.0,7.6113128603,0.3752535483,7.0,1.8666666667,0.8130862236,0.0015408939,1.0,0.0017025608000000002,0.8333333333,-3.664674886451777,-3.664674886451777,-2.748384152235016,2.0,-1.4960286143000001,2.7019067916,0.4733702555,1.4357504436,-0.45820555770000004,4.0,247.0,3.28664603,0.2791618761,2.8181610628,-17.0,153.0,1.3862943611198906,-5.0471182158,0.261255085,10.0,1.7669144969000001,0.4214501789,2.0884049239,-0.8565074724,0.6666666667000001,0.5,0.5833333333,0.08004270764276712,131.0,0.4,0.1,0.6000000000000001,1.0,4.6389138264,0.3658499784,2.2954917137,-4.1430363085,0.4264705882,0.0375358196,0.00021867080000000002,8.3759649347,0.6127592562,0.171517314,4.6799753767,0.2778825075,1.4496519117,-1.5024181134,323.5,6.4,4.7,242.3333333333,3.8026182216,0.3482025945,0.5190354872405759,244.1666666667,245.8333333333,3.9915908346,0.3288138948,1.6490373859,1.6666666667,39.6353840125,3.8254500068,0.3340786327,1.8646809226,-1.0055867637,5.0,6.5,6.0,2.0,6.5,51.0,-0.8170889631,-0.1046697411,2.1887985604,0.33648912880000004,1.5066553222999999,0.220108883,0.2575191891,3.6153846154,3.3,3.3333333333,3.0,3.3333333333,1976.3409090909,-1.0,11.0,5890.75,1.2483841481,0.17916418,2.2264427582,1.9,1.8181818182,1.5,1.0,3.0833333333,0.25200449480000003,0.16615363260000002
s086,0.8163091935,0.040838718100000004,1.9768730241,1.85,23.35,0.33333333330000003,40.0555555556,0.4,0.1911320159,-0.9912806904,3.0606424355,0.3442811119,2.2011278749,-0.6385386905,0.2733321918,-0.6655869827420318,-2.7699210500434366,-6.8178821257830515,-8.778407317546469,2.5333333333,3.3214285714000003,4.8,2.25,2.5,3.0,2.8571428571,49.0,1.6994311573,0.2102811699,2.0184923817,0.33333333330000003,0.33333333330000003,12.5,0.1333333333,3.0,-0.006666666700000001,-3.6666666667000003,7.25,0.036038688,1.0,-0.0029243061000000002,-1.5935660219,1.3636363636,0.3599289491,0.5876658114000001,7.3,7.0,2.0451779998,0.31312660130000003,2.5142649178000003,-0.41250542760000003,0.40694444444600003,1.5,1.3333333333000001,0.6061358035521338,2.1666666667,3.0,4.5,6.0,4.6666666667,4.3333333333,3.5,1.8333333333000001,1.1666666667,2.5,3.1666666667,3.6666666667000003,-0.9697360195,0.44244052310000004,-0.3884511935,3.7790742791,2.0802998147,0.0195968498,2.6759707206,38.8888888889,22.2222222222,25.9259259259,4.0,4.0,3.5,3.75,3.625,2.8571428571,3.25,38.0,-0.8893244428,2.9105465294,31.0,278.0,0.0331595576,-0.6040336065,3.0,1.3333333333000001,0.8979492188,0.0018053860000000002,0.7641845703,0.0017070712,0.5277777778,-2.748384152235016,-2.748384152235016,-2.748384152235016,2.0,-0.7048961146,1.8677239029,0.4980534036,1.5421000688,-0.859217356,4.4666666667,445.6666666667,2.1071424769,0.2901306362,1.3697798395,52.0,63.5,1.3862943611198906,4.704114751463,0.6225587522,8.0,1.5461968137,0.589376843,1.9040351580000001,-0.1417882694,0.8333333333,0.8333333333,0.8333333333,0.08004270764276712,112.0,0.1,0.5,0.4,0.2,2.2484610032,0.4348352347,1.8778986611000001,-0.6070074326,0.4489795918,0.0478734613,0.00338159,5.4697802912,0.685589212,0.2756823539,1.6016489369,0.0444432457,2.1614167933,-0.4216427512,406.0,6.2,5.9,348.8333333333,3.7640547161,0.3364061098,0.873122155407777,305.1666666667,300.0,1.9307191714,0.312664218,1.3485397997,-5.1666666667,-26.1703137046,2.3352298288,0.3578845688,2.6177081997,-0.9147509388,4.5,5.0,5.5,2.0,4.5,49.0,0.2617437539,0.0909701791,1.2833602241,0.1412069467,2.1373481368,-0.4896625986,-0.3712730014,3.6923076923,2.9,3.6666666667000003,2.4444444444,2.9333333333000002,2049.7369047619,8.0,7.0,3645.0833333333,-0.22600106923600016,-0.03202111197299999,-0.20106749311900007,2.0,1.9090909091000001,1.6666666667,1.5714285714,2.3333333333,0.1314628672,0.15701546660000001
s089,1.0339425002,0.165672559,2.0056824889,2.4,24.5833333333,0.2,15.6,0.1666666667,-0.7135965242,-0.8428610906,3.6985615172,0.4322477691,1.893116606,-1.4714273803,0.3406986301,-1.2716211789825267,-3.2122624664105905,-6.089514296107486,-3.7387551684798352,3.8,3.6071428571,4.4666666667,3.25,2.25,3.8,3.4285714286,38.0,3.8028559884,0.3918999815,1.8670432965,0.1666666667,0.5,15.4166666667,0.0416666667,1.0,-0.0016666667,-2.9166666667000003,13.75,0.18095238100000002,2.0,-9.52381e-05,-3.3095238095,1.5454545455000002,-0.0040258792000000005,0.7730769751000001,7.7,6.3,1.8681393910000001,0.6134364597,2.0960004426,-0.1846517274,0.3677777777820001,1.8333333333000001,2.0,0.4054651081081644,2.6666666667000003,3.3333333333,5.3333333333,6.6666666667,6.3333333333,5.8333333333,3.6666666667000003,2.0,1.0,1.5,1.3333333333000001,4.1666666667,-1.4457297241,-0.7497732677000001,-0.7746479260000001,3.7708390853,2.7408058023,0.19097173480000001,2.9698525603,94.4444444444,33.3333333333,92.5925925926,7.0,4.25,3.375,4.125,3.5,3.4285714286,3.375,47.0,-0.9437793146000001,3.5708010963,24.0,136.0,46.0626954627,0.8291899447000001,10.0,1.0,0.7039333344,0.0011826795,0.8943115234000001,0.0013946001,0.47222222220000004,-3.664674886451777,-2.748384152235016,-3.664674886451777,5.0,-0.4997624346,2.1052326512,0.5551011826,2.2040798179,-1.2420469687,4.4,392.3333333333,2.9020526051,0.44782905710000004,1.4810959526,11.0,36.5,0.6931471805599453,0.7582187782,0.6394697366000001,9.0,1.875089495,0.6927172331,2.032844899,0.2035570917,0.4166666667,0.33333333330000003,0.5,0.20720475370143834,126.5,0.1,0.2,0.2,0.1,2.7940300860000002,0.4381621194,1.9898530035,-1.7473710044000001,0.5226130653000001,0.1080541448,0.0028597815,6.9315105439,0.5010063452,0.1875795508,2.6071839999,0.34491333360000004,2.0325230411,-0.172853468,457.0,5.0,5.8,395.5,2.3972498684,0.4248818952,0.6086800335615087,378.8333333333,428.5,2.8815251006000002,0.43454820250000004,1.5845136482000002,49.6666666667,-29.141252588,1.8781706432,0.49574016540000004,1.7316355396,-1.023109247,6.5,6.0,6.5,3.0,5.5,38.0,0.2076906594,-0.037655204000000005,1.396903275,0.0992909894,3.0489740441,-0.8193345917,-0.5785616142000001,4.3846153846,2.5,4.3333333333,2.7777777778,2.8,1882.0916666667,3.0,9.0,5459.0,-0.6807467409,0.20943564280000002,-0.2952099211,1.8,1.5454545455000002,1.8333333333000001,1.5,1.4166666667,0.8613878366000001,0.3646126907
s091,1.1026808309,0.206005811,1.2078948554,1.75,30.0,0.2333333333,16.1111111111,0.4,-0.0234141075,-1.9297425717,3.6911908898,0.3930978151,1.5625871998,-0.40144157,0.42875171230000003,-0.2809014599181817,-3.288449834826265,-7.72202521586231,-7.772484689891074,6.1333333333,3.7142857143,4.7333333333,2.5,1.75,3.4,4.0,51.0,6.5307555385,0.2872856507,1.3895118974,0.5,0.5,17.2916666667,0.0208333333,1.0,-0.0025,-1.875,22.125,-0.1802992519,3.0,-0.0033482959,-1.150872818,1.0,0.1909782682,0.6738977768000001,8.3,5.0,3.1426962179,0.39918543030000003,1.5152031455000001,-0.6118211872,0.3888888889,2.0,2.6666666667000003,0.287682072426781,2.3333333333,3.5,4.5,3.5,5.6666666667,5.1666666667,3.1666666667,1.8333333333000001,1.6666666667,2.0,1.1666666667,4.8333333333,-6.1748088151000005,-1.4323196948,0.0,5.3201349372,4.1900686744,0.22421953260000002,1.8144921342,38.8888888889,33.3333333333,51.8518518519,6.0,1.5,2.0,3.0,3.75,3.0,3.125,47.0,-0.8075379761,4.3503317988,23.0,215.0,10.925098711,0.2565783653,8.0,1.0,0.7233007431,0.001270222,0.996875,0.0016166175,0.75,-5.553730190361736,-4.625581180301964,-3.664674886451777,3.0,-1.8696249986,1.4028265774,0.3269462182,1.5657707253000002,-0.4400248231,3.0666666667,236.8333333333,4.3026130867,0.3610026878,1.5564539412,-10.0,59.5,1.3862943611198906,-15.039012527,0.4840365278,16.0,2.4012320503,0.41298537420000003,1.4723133028,-0.48076780950000003,0.6666666667000001,0.0833333333,0.5,0.6061358035521337,99.0,0.0,0.0,0.2,0.15799999999999997,3.9991216526,0.3704145274,1.2617168292,-2.6441415066,0.46829268290000003,0.0558121098,0.0007414797,7.3229693682,0.4831437967,0.2244641145,3.9397898285,0.3090972652,1.0540508904,-0.9599640649000001,290.0,4.9,5.2,293.6666666667,6.2089738761,0.2968483537,0.9913506077551617,241.8333333333,248.8333333333,4.2099479669,0.31676400250000003,1.7063192681000001,7.0,60.3969718646,3.1938307489,0.2559901092,1.7672749958,-1.3203872966999999,6.5,5.5,6.0,3.0,4.5,48.0,-0.1927790631,-0.141042662,2.1783250026,0.3213387105,1.4032435775,-0.7424997550000001,-0.1193574537,3.9230769231,3.5,3.4444444444,2.6666666667000003,2.5333333333,2056.1166666667,14.0,7.0,3212.8333333333,-0.4023477206,0.4876867029,0.8688840933,2.3,2.0,1.5833333333000001,1.1428571429,1.1666666667,0.16509251700000002,0.1449663884
s092,2.3730203393,0.34199932400000005,1.8992102291,3.05,43.0416666667,0.2,22.1052631579,0.36666666670000003,-0.4675965467,-1.2491424272,4.2698610716,0.4294766405,1.4772351773,-0.4036943248,0.5631181507,-1.508349780825383,-2.425720612167202,-7.966252062634941,-5.82762323634185,3.3333333333,3.1785714286,3.9,1.75,1.75,3.4,4.0,43.0,3.0741699048,0.34287897500000003,1.1994764629,0.33333333330000003,0.6666666667000001,14.5833333333,0.1083333333,1.0,-0.0033333333,-4.5833333333,14.75,0.0445035461,2.0,-0.0075531915000000005,-3.4716312057,1.0,-0.12724946010000002,0.5963768696,7.3,7.1,2.1115626941,0.4718624234,1.5488975167999999,0.2346177935,0.6666666667000001,2.3333333333,2.8333333333,0.0,1.8333333333000001,2.6666666667000003,3.6666666667000003,4.8333333333,3.8333333333,3.0,1.6666666667,2.1666666667,2.3333333333,2.0,2.1666666667,3.6666666667000003,-2.0445092041,0.6372355133000001,0.4847229195,4.3506890982,2.5968542842,0.2970029334,1.4818976963,55.5555555556,66.6666666667,44.4444444444,5.0,4.5,3.5,1.75,3.375,2.8571428571,2.5,40.0,-0.9575666758,4.0502743994,18.0,185.0,2.3916188301,0.3492235958,5.0,1.1333333333,0.8592514038,0.001904969,0.9630950928,0.0019618544,0.5277777778,-5.553730190361736,-4.625581180301964,-4.625581180301964,2.0,-1.1333918626,1.5427322352,0.4762256556,1.7660136838,0.05284322,4.5333333333,288.1666666667,3.0904696169,0.3523892564,1.2846587463999999,-4.0,84.0,1.3862943611198906,-1.0250489764,0.5877764856000001,13.0,2.1068494203,0.5240899392,1.9611339439000002,-0.4361917321,0.4166666667,0.0,0.5833333333,0.45953232935738747,122.0,0.2,0.0,0.5,0.0,2.8796062560999998,0.4175002787,1.5924864182,-2.2430492441,0.5882352941,0.0984858237,0.00048789250000000003,6.3963691063,0.6362842081,0.2679891274,3.6738697355000003,0.3419670258,1.7946866401000001,-0.9370554837,374.5,7.3,6.6,258.6666666667,6.5442956956,0.36981195240000003,1.0065500737539015,256.5,261.6666666667,5.2272488132,0.38658855680000004,2.0409224802,5.1666666667,21.7760801091,2.5140412453,0.389476539,1.8855431277,-0.9239670739,5.5,5.5,2.5,1.0,2.5,45.0,-0.1806176901,0.3322480634,1.3483265678,0.0675268412,2.441478173,-0.1644318875,-0.4181194667,4.2307692308,2.2,4.6666666667,1.7777777778,1.9333333333,2210.0722222222,2.0,8.0,4115.8333333333,-0.1407170574,0.320954102,0.212311787,2.0,1.0909090909,2.4166666667,1.2142857143,1.5,0.7039546765,0.3638711436
s093,0.8768379822,0.1082832709,1.9951560001000002,2.05,25.0,0.2666666667,25.0,0.4,-0.7231187317000001,-0.017247924600000002,2.5387588074,0.33622939830000004,3.0521145566,-0.5120519338,0.5168809932,-1.2908160758097245,-1.3365066516166695,-7.591315561059092,-6.277146647504485,3.5333333333,3.0714285714,3.5,1.75,1.75,3.6,3.4285714286,45.0,2.959254052,0.3006619044,2.0130045742,0.8333333333,0.1666666667,8.9583333333,0.1125,2.0,-0.0208333333,-4.2916666667,12.5416666667,0.0943890274,2.0,-0.019104738200000002,-3.6209476309,1.2727272727,0.9477560414,-1.0788645953,8.5,6.5,1.660061717,0.4194667164,1.6126966594,-0.3842276378,0.404166666671,2.0,1.0,0.287682072426781,2.8333333333,3.0,4.6666666667,5.8333333333,5.0,4.5,4.1666666667,2.1666666667,1.5,1.5,3.3333333333,4.6666666667,-1.1369478772,-0.8358909225000001,-0.40637727020000003,3.7432221257,2.7535396641,0.1581477786,2.3630545628,50.0,88.8888888889,74.0740740741,5.1666666667,4.75,3.875,1.625,3.0,2.2857142857,3.625,33.0,-0.8125734455,2.2812911061,28.0,163.0,7.6113128603,0.3752535483,7.0,1.4,0.8276702881,0.0021511661,0.99609375,0.0018323263000000001,0.5,-2.067339257049917,-2.067339257049917,-1.8444397271102142,3.0,-1.2262431378,2.0486811736,0.46214948380000004,1.5977417412000001,-0.5431255063,4.4666666667,446.5,2.9593106461,0.338192941,1.6024794221,22.5,22.5,1.791759469228055,3.082003467971999,0.3769994142,13.0,1.9919072169,0.5600518369,2.1252060801,-0.16419309340000002,0.8333333333,0.5,0.8333333333,0.28768207242678084,106.0,0.0,0.30000000000000004,0.5,0.30000000000000004,2.9152121367,0.4025888711,1.6584601603,-1.1753705192,0.6203473945,0.0887346992,-0.0025246114,7.3805708,0.7924066981000001,0.194209301,3.0801109007,0.3499548891,1.5599548911,-0.567192974,380.0,6.6,7.0,302.0,4.9026357613,0.3336745244,0.7923540408883714,268.1666666667,390.5,4.4921648532,0.3451677328,2.0752353276,122.3333333333,50.0773298083,3.1600155999,0.3829759854,2.0542132049,-0.9713473736,6.0,5.5,5.0,1.5,6.5,60.0,-0.5736923559,-0.3532929235,1.1001933331,0.3575909503,1.7251025612,-0.5629236446,-0.3333892451,4.0769230769,4.2,3.0,3.2222222222,2.8,1382.125,0.0,12.0,6619.5833333333,-0.8236210658,0.39456276220000003,-0.46108130210000003,1.9,1.6363636364,2.4166666667,1.7142857142999999,2.0,0.8315085483,0.19344126020000002
s094,1.0507327496,0.2561448065,1.9604606336,2.2,41.6666666667,0.4,17.9545454545,0.2666666667,-0.3362656786,-0.25663865480000003,4.1931026256,0.4196073893,1.5286640399,-1.3762706413,0.2514229452,-0.7618037583856636,-2.368924321365513,-5.79871105927723,-6.010457863584529,3.0,4.0,4.0,3.0,2.5,3.2,2.8571428571,46.0,5.3318746071,0.311148507,1.5311145064,0.33333333330000003,0.5,6.3333333333,-0.033333333300000004,1.0,-0.006666666700000001,-0.33333333330000003,7.9583333333,-0.0512132274,2.0,-0.0095413356,-1.2413570968,1.2727272727,0.1154326039,0.6904356226,8.4,7.6,2.7651528256,0.5152004209000001,1.6649797326,-0.7867771499,0.6666666667000001,2.3333333333,3.0,0.6061358035521338,3.5,5.0,4.5,5.6666666667,4.3333333333,4.1666666667,2.3333333333,1.8333333333000001,2.6666666667000003,2.0,4.6666666667,6.1666666667,-2.0457380618,0.7124726997,0.0,5.3201349372,3.2440804898,0.2888675014,2.0624978552,27.7777777778,11.1111111111,55.5555555556,5.0,5.25,3.875,4.0,4.0,3.7142857143,4.0,56.0,-1.2083775268,3.5486526974,24.0,234.0,25.7627506452,0.3968411315,9.0,1.5333333332999999,0.9,0.0010704169000000001,1.0,0.0015756915000000001,0.4444444444,-5.553730190361736,-5.553730190361736,-5.553730190361736,1.0,-0.835187914,2.2193398926,0.5490559445000001,1.7814132749,-0.4693113387,5.0666666667,296.6666666667,3.0027141118,0.3589798645,1.1514344385,66.5,-12.0,1.0986122886681098,9.5269927028,0.5923730384,11.0,2.067234402,0.6104437856,2.0505811329,-0.7236732595,0.5833333333,0.75,1.0,0.08004270764276712,131.0,0.2,0.7000000000000001,0.4,0.7000000000000001,3.7461404987,0.47022140100000004,1.5311938067000002,-2.5614662517999998,0.6157635468,0.10821810180000001,0.0016577461000000001,7.8484892415,0.6611238583,0.2272328811,3.3274320639,0.3034618375,1.8912093822,0.0985773553,332.5,6.5,6.3,249.1666666667,5.5251070298,0.3083801027,0.9566434451888078,250.1666666667,269.3333333333,3.3035108845,0.3538000591,1.2969711261,19.1666666667,7.4034067727,3.5712799968,0.35055639780000003,1.8199555065,-1.1784351447,6.5,5.5,6.5,5.0,4.5,51.0,-0.2364206146,0.1494006909,1.9885487377,0.3204070704,1.5822313949,-0.5568658942,-1.1736859264,3.9230769231,2.4,4.0,2.1111111111,3.0666666667,2745.7148148148,4.0,8.0,3494.0833333333,0.0626102281,0.33131602800000004,1.2966463881,1.9,1.5454545455000002,2.0833333333,2.0,2.5833333333,0.1269596185,0.2549240604
s097,1.3446427466,0.22150137860000002,1.3099331443,2.05,43.2380952381,0.30000000000000004,30.4210526316,0.36666666670000003,-0.3556200759,-0.4502421514,4.5580535594,0.29405620250000003,3.8316786735,0.0903783256,0.2410753425,-3.1769380155009364,-3.423253916460579,-6.48260768151302,-4.066546069581842,3.9333333333000002,2.7857142857,3.7,2.5,3.0,3.4,3.4285714286,38.0,4.6328768863,0.3036644882,1.3391417072,0.5,0.1666666667,14.8333333333,0.033333333300000004,2.0,-0.0086666667,-2.5833333333,24.4166666667,0.0727380952,1.0,0.0005761905,-3.0726190476,1.3636363636,0.1403486036,0.6988855051,8.5,7.0,3.1313656779,0.49270253690000004,1.7115681866,-0.6451866312,0.30555555555,3.5,2.6666666667000003,0.847297860372918,3.3333333333,4.1666666667,3.6666666667000003,5.3333333333,4.8333333333,4.8333333333,2.6666666667000003,5.5,2.1666666667,5.3333333333,3.0,6.1666666667,-3.5226185098,0.9566700384000001,0.1910395678,4.9380558016,3.3274219005,0.2746796948,1.5402021744,50.0,88.8888888889,59.2592592593,5.8333333333,5.75,3.5,3.75,2.625,3.2857142857,3.75,45.0,-0.9575666758,4.0502743994,24.0,221.0,1.2928725743,0.0438060331,4.0,1.4666666667000001,0.734727478,0.0021284996,0.9691406250000001,0.0020974717,0.6111111111,-1.3862943611198906,-2.748384152235016,-1.8444397271102142,3.0,-2.0048891012,1.4305218068,0.44179487040000004,1.4116976220000002,-0.0205393743,4.2,364.3333333333,2.1610504479,0.3087255325,1.1369350355,1.0,13.5,1.0986122886681098,-3.7405872785,0.41957060090000003,10.0,2.0485904223,0.5359827435,1.8282698888,-0.0292919677,0.8333333333,0.33333333330000003,0.8333333333,0.08004270764276712,126.0,0.1,1.0,0.8,0.30000000000000004,3.1233302894,0.41778666000000003,1.8391108739000002,-1.7007033328999999,0.4609756098,0.0502854037,-0.0054162137,10.1245887998,0.5413378355,0.1478725858,3.2896943813,0.2907135765,1.3458504664,-1.3217531561,312.0,4.7,5.0,363.3333333333,3.030522414,0.3170126307,0.22544477626383141,286.3333333333,319.3333333333,2.6280031944999998,0.3114461202,1.4075812488000001,33.0,-0.168936616,3.3152673656,0.2593305036,2.7916645115,-0.8084611797,6.0,6.5,4.5,1.0,6.0,47.0,-0.2465265567,0.2821929307,2.5487815503,0.3658033667,1.5389732066000001,-0.07588020470000001,-0.6097150087000001,3.6923076923,3.5,4.1111111111,2.3333333333,3.2666666667,2085.5333333333,17.0,7.0,2302.1666666667,1.3051497917,0.052744800800000005,2.0776320017,1.3,1.0909090909,2.25,1.1428571429,2.8333333333,0.7853965402,0.3031602779
s098,1.0881490214,0.0957306384,2.0834443119,2.35,45.0,0.33333333330000003,23.1111111111,0.4,-0.5884434258,-1.9337477637,2.4751166855,0.3739156738,1.5718168540000002,-1.3412447711,0.424864726,-0.782199243570006,-3.231866517214851,-9.324935619033996,-6.8843795330802235,4.9333333333,3.6785714285999997,5.1,2.5,2.75,3.8,3.0,54.0,1.5812774055,0.1940356979,2.087609963,0.6666666667000001,0.0,11.5416666667,0.2541666667,2.0,-0.0011666667,-2.375,10.625,0.1536764706,3.0,-0.0095,-2.4705882353,1.3636363636,0.2446860022,0.9221629209000001,7.7,8.0,1.1328500942,0.4042613228,1.6796987408000001,-0.8914594204,0.25,1.6666666667,3.1666666667,0.1541506798558298,5.3333333333,5.0,4.5,3.6666666667000003,5.1666666667,4.8333333333,2.1666666667,2.0,3.5,2.1666666667,5.8333333333,6.8333333333,-0.1856371052,0.25393015820000003,0.1910395678,4.9380558016,2.6341853383,0.18364833390000002,2.3344521517,16.6666666667,0.0,0.0,5.6666666667,4.25,3.25,5.0,4.625,4.2857142857,3.875,36.0,-1.1227206548,3.2129184158,28.0,110.0,7.6113128603,0.3752535483,7.0,1.8,0.6902178764,0.0014242013,0.9259521484000001,0.0020035892,0.5277777778,-5.553730190361736,-5.553730190361736,-3.6869826661541367,2.0,-1.1354816194,1.5436175379,0.3781816463,2.0305097428,-0.2941151902,3.6666666667000003,339.1600000000061,2.810652119161999,0.31181693514599995,1.4552289760969999,25.405,86.325,2.1972245773362196,3.116833549022001,0.49499529810000004,9.0,1.4699483717000001,0.48969724340000004,1.7791408852,-0.48312723350000003,0.4166666667,0.0833333333,0.5833333333,0.08004270764276712,122.0,0.2,0.2,0.6000000000000001,1.0,1.5592804409,0.45076393670000003,1.7041559349000002,-0.5448636916,0.5,0.0283292119,-0.0021070566,6.305948526,0.6250905906,0.2417582694,2.3517614030000003,0.2744925075,1.4855798266,-0.16871238430000002,351.5,6.0,6.9,303.656666666666,2.9337741012169998,0.32888986188300007,0.432811650315448,152.5833333333,487.3333333333,1.4143128764,0.34526603910000003,1.1168467496,334.75,19.1050420168,2.2167841727,0.3166565797,1.7625814717,-1.2842550769,7.0,4.5,7.0,2.0,5.5,32.0,-0.45856631750000004,-0.0908207411,0.6034932239,0.0244809492,2.011162817,-0.2234109806,-0.4789612874,2.9230769231,3.0,3.2222222222,2.5555555556,3.3333333333,2169.7333333333,-6.0,9.0,7836.3636363636,-0.8518106968,-0.0843431802,-0.8766977026,1.6,2.0909090909,1.0833333333,1.0,3.6666666667000003,0.8338835774000001,0.45102095600000003
s103,1.5693674461,0.014044664,2.6848608065,2.4,19.36,0.1666666667,13.4583333333,0.2,-0.283719834,-0.40350270720000003,3.416203267,0.4541381291,2.6109633316,-0.6477195202,0.1153527397,-1.793984545475183,-2.66391862130615,-5.757468798477121,-5.30335935604134,4.7333333333,4.9285714286,5.5666666667,2.75,3.75,4.0,3.5714285714000003,31.0,3.5532293201,0.2878442607,1.5964701985,0.1666666667,0.5,9.25,0.05,2.0,-0.0106666667,-5.5,8.7916666667,-0.0016030223,2.0,-0.0089491525,-1.6365121503,1.5454545455000002,0.2451536923,0.5319895844,7.1,8.0,1.9980837622,0.4964253719,1.7424822598,-0.6073352835,0.33333333330000003,3.3333333333,3.3333333333,0.847297860372918,4.3333333333,4.6666666667,4.8333333333,4.8333333333,5.0,4.1666666667,3.5,3.1666666667,2.3333333333,3.0,6.3333333333,5.6666666667,-1.1223956754,-0.6840937538,-0.4424163399,3.1063759132,1.984680353,0.2131250901,1.8778021122,27.7777777778,33.3333333333,37.037037037,5.3333333333,4.25,3.25,2.875,3.0,2.8571428571,3.625,41.0,-1.0170844173,3.9312389163,24.0,244.0,59.8991114415,0.8568707964000001,6.0,1.9333333333,0.7076599121,0.0008614946000000001,0.7538421631000001,0.0009394664,0.5833333333,-4.625581180301964,-4.625581180301964,-2.748384152235016,3.0,-1.9121721709,2.2252684673,0.4546088662,1.5008535868,0.2386617358,4.2,320.54666666667003,2.7831665412579993,0.3456793825650001,1.488745810304,16.025,72.04,3.044522437723423,6.1525019921,0.6033998589,6.0,1.4108741393,0.6442800292,1.832348583,-0.0426601623,0.5833333333,0.45333333333099995,0.75,0.5108256237859906,93.0,0.2,0.7000000000000001,1.0,0.9,2.6616078408,0.4244904789,1.947502998,-2.1277392402,0.4088669951,0.039635169000000005,-8.70662e-05,6.6951047886,0.5579122356,0.2417344727,3.1891925092,0.3545107578,1.6358219627000001,-0.9543449380000001,361.0,4.9,4.3,277.5,2.7903933856,0.36739688810000004,0.48716616906116206,284.6666666667,290.0,2.714555968,0.35577642400000004,1.293993648,5.3333333333,6.8412581913,2.7428338655,0.3743686896,2.1291873712,-0.8765685499,4.5,3.5,3.0,2.0,7.0,44.0,-0.4322346239,-0.3749432907,1.531632746,0.38644579030000004,1.9112639991,-0.4702755128,0.0216692069,2.7692307692,4.0,3.2222222222,3.2222222222,3.8666666667,3068.1515151515,2.0,11.0,3547.4166666667,-0.4609996274,0.7920300243,0.2912659819,2.2,2.9090909091,3.3333333333,2.8571428571,3.4166666667,0.24636359100000002,0.6217034564
s106,1.1987792593,0.1280161857,1.1553580143,1.6,20.8333333333,0.2,20.5,0.33333333330000003,-0.8488295249000001,-1.0925301185,2.0777448047,0.3067217454,1.1260623196,-0.9838826238,0.9062517123,-0.13282518410561317,-0.581823316600648,-11.530244578740696,-10.220219516746363,2.0,3.3214285714000003,2.4,4.0,1.25,4.0,3.8571428571,65.0,4.8325840485,0.2117290649,1.316149147,0.33333333330000003,0.6666666667000001,11.2083333333,0.0291666667,1.0,0.0011666667,-3.2083333333,6.25,0.001875,2.0,-0.010125,-0.46875000000000006,1.3636363636,0.1513521529,-0.3523164789,8.2,5.9,2.4092762592,0.3358727347,1.4529606877,-0.9011183436,0.7777777778,1.0,1.5,0.0,1.0,3.8333333333,6.1666666667,6.6666666667,6.6666666667,6.3333333333,2.6666666667000003,1.5,1.0,1.1666666667,1.8333333333000001,5.8333333333,-7.3420871301,-1.2481994773,-0.2331515124,3.5345441135,2.5657941556,0.19891561600000002,0.9194560005,16.6666666667,0.0,14.8148148148,5.3333333333,3.75,4.875,5.0,4.625,3.8571428571,4.0,53.0,-1.1652624446,3.6348828618,40.0,166.0,25.7627506452,0.3968411315,9.0,1.0666666667,0.7038806438,0.0014609558,0.8626464844,0.0021918064000000003,0.7222222222,-8.511264302067358,-8.511264302067358,-7.365900695568905,2.0,-1.8345782218000002,2.3530362197,0.3501492115,1.1748362195,-0.5415347615,5.2,297.824999999995,3.1256482200780003,0.2934828233639999,1.5779449121160005,33.2,63.44,0.6931471805599453,26.8696014973,0.3012906551,11.0,1.9854470913000002,0.42141508450000004,1.5999607451,-0.65586622,0.5833333333,0.8333333333,1.0,0.08004270764276712,149.0,0.0,0.1,0.4,0.1,3.3307739594,0.385861948,0.9863916022,-3.4023460789,0.4731707317,0.0581586324,-0.0035926737,6.5689349803,0.4867275867,0.2280942373,3.9613507963,0.2020517387,1.2264708243,-1.692413573,264.0,6.1,5.4,296.09333333333603,3.590313036514002,0.3210101914370002,0.4349042383551092,201.3333333333,223.6666666667,3.3889782062,0.31323611500000004,1.1062210671,22.3333333333,8.624702114,2.8056230444,0.31489108930000004,1.7794852856999999,-1.6699899539,5.0,7.0,4.5,1.0,2.0,20.0,-0.8236608309000001,0.8470375089000001,0.8907769663,0.25893522280000003,1.1180294289,-0.6096411832,-1.0085543457,4.8461538462,2.3,4.5555555556,1.6666666667,2.1333333333,1634.9848484848,8.0,9.0,3150.75,0.139032773,-0.18082461760000001,-0.058133209400000004,1.0,1.0,1.0833333333,1.0,1.3333333333000001,0.8595945988,0.8621889839
s108,1.0856765297,0.2621271516,1.8979116335000001,3.1,31.25,0.2,26.0909090909,0.2666666667,-0.3697206294,-0.5528797942,3.3021248585,0.3617410669,2.0154202302,0.0534028496,0.45720205480000004,-0.8386679678267844,-3.156540338004597,-7.047880017159735,-6.104244563761163,4.4,4.2857142857,5.7333333333,3.0,3.0,3.8,3.7142857143,31.0,4.7536068008,0.307807581,1.1632936472,0.8333333333,0.1666666667,2.3333333333,0.025,2.0,-0.002,-0.33333333330000003,2.2083333333,0.0476190476,2.0,-0.0032380952,-1.1011904762,1.1818181818,-0.1790646454,0.9422794555,7.5,5.9,2.0870653988,0.6047458269,1.9809410854,-0.5478907980000001,0.2222222222,2.6666666667000003,2.6666666667000003,0.7731898882488663,1.3333333333000001,4.0,3.5,4.8333333333,3.8333333333,6.0,3.3333333333,2.0,2.0,2.8333333333,1.1666666667,5.3333333333,-2.977755027,-0.5036510661,0.3298219498,4.6604910377,2.974721435,0.059032149400000004,2.9640909801,50.0,77.7777777778,81.4814814815,2.8333333333,2.25,2.625,3.0,3.25,2.2857142857,3.125,31.0,-1.2083775268,3.5486526974,21.0,170.0,59.8991114415,0.8568707964000001,6.0,1.0666666667,0.6493670463,0.0011092367,0.9980468750000001,0.0011553137,0.6944444444,-5.553730190361736,-3.664674886451777,-3.664674886451777,2.0,-0.5625789829,1.6490077241,0.4522683488,2.0049315856,0.0652072086,3.5333333333,329.155000000004,3.1892810527129996,0.31801748176499994,1.586350498748001,16.19,80.215,1.9459101490553132,1.5710347008,0.7158632512,13.0,1.4478814544,0.6231791207,2.1049102677000002,-0.21858691090000001,0.4166666667,0.5833333333,0.6666666667000001,0.5108256237859906,77.0,0.2,0.7000000000000001,0.6000000000000001,0.0,3.0547967645,0.44538856520000003,2.1640045707,-1.9066036365,0.5693069307,0.1124989639,0.0015797874,7.4993183357,0.6596322234,0.2756538799,3.1220180833,0.3081668067,1.5043845187,-1.2530789607,330.0,5.9,6.3,328.8333333333,4.2096618126,0.354143242,0.7672777108735158,270.3333333333,246.5,3.8271950469,0.3625446872,1.7544947302,-23.8333333333,-6.8764315853,3.8088449582,0.3632455935,2.4304001678000002,-1.0018495103,4.5,4.0,1.5,1.5,4.0,47.0,0.2666224179,0.266412492,2.0941068761,0.4025540064,1.6012831009,-0.1187698697,-0.20891388300000002,3.7692307692,4.4,2.2222222222,2.4444444444,3.0,2886.8645833333,-6.0,8.0,6098.4166666667,0.9026365952000001,0.5747881101,0.6587341262,2.3,1.6363636364,2.8333333333,1.1428571429,1.5,0.9997495085,0.3749106204
s110,0.7538256102,0.2070828322,1.168139306,1.4,29.7391304348,0.2333333333,17.0833333333,0.2,-0.0552928923,-0.7251470063000001,3.6359742788,0.2677700383,2.0319758888,-0.763318758,0.0484777397,-2.962688395908885,-3.423253916460579,-4.593403723123269,-3.2789127733047176,6.7333333333,3.8214285714000003,5.6666666667,2.0,2.5,3.0,4.0,42.0,3.2439040404,0.25436718,1.0420070908,0.5,0.1666666667,9.9166666667,0.025,2.0,-0.0053333333000000005,-3.8333333333,20.7916666667,0.1693246371,1.0,0.0008950137000000001,-5.8169577109,1.0,0.2107388965,0.8631430465000001,5.1,4.3,1.7270478698,0.3527539635,1.3239137194000001,-0.2832552632,0.32777777778300016,1.0,2.6666666667000003,0.4054651081081644,1.8333333333000001,4.6666666667,7.0,5.6666666667,6.1666666667,6.0,4.1666666667,1.3333333333000001,2.5,2.8333333333,2.5,4.3333333333,-1.8794650463,-1.1603145254,-0.7431748626,3.0696269408,2.1002971345,0.0633574713,1.6573949275,50.0,22.2222222222,48.1481481481,4.3333333333,5.0,2.125,1.875,2.125,2.1428571429,3.375,43.0,-0.6529863250000001,2.9892151171,18.0,95.0,25.7627506452,0.3968411315,9.0,1.1333333333,0.6178581238,0.002018817,0.6774986267,0.0017493105,0.4166666667,-3.664674886451777,-1.8444397271102142,-1.3862943611198906,4.0,-1.0896856896,0.3981471586,0.1965449842,1.4125557789,0.1160986866,3.4,338.06333333334004,2.7725920266740003,0.30520456030399995,1.4943304459749998,18.045,70.0,1.9459101490553132,8.745971363603001,0.5003159652,7.0,0.6109145671,0.3045931106,1.5096497061,-0.3003501247,0.5833333333,0.75,0.75,0.15415067985582961,110.0,0.1,0.1,0.4,0.30000000000000004,2.6879118650000002,0.3220417762,1.396345534,-2.5299604327000003,0.48166259170000003,0.0077536911000000005,-0.0026601579,3.3807943529,0.7267789534,0.35005644550000004,2.0005790118,0.2192963847,1.0501140071,-2.1995946811,286.5,5.3,5.1,313.658333333332,2.7089600508719998,0.30959991045400004,0.39656326028050065,277.40333333333297,297.60833333332795,2.311723798163,0.31492706881399996,1.5317518187600008,10.999166666667,28.290543727720983,2.022995001,0.3050520615,1.4477589554999999,-1.7670073089,4.5,5.5,3.0,1.0,3.0,58.0,-0.288590988919,-0.22265584662499993,1.365060654778,0.26420483252199994,1.6732047918639998,-0.4367967255060001,-0.35287630062299996,3.6153846154,3.3,3.0,2.6666666667000003,2.9333333333000002,2326.287037037,0.0,9.0,5610.5,-0.35845069377200006,0.108815736642,-0.3026772383430001,2.5,1.7272727273,2.3333333333,1.8571428571,1.9166666667,0.8923197916000001,0.33001776920000003
s111,1.049175179,0.0543351864,2.1659866682,2.55,26.4,0.1666666667,19.3181818182,0.2666666667,-0.6400104427000001,-0.9507413314000001,2.9497572294000003,0.3667436975,1.7365881418,-0.31346574860000004,0.0335582192,-3.423989403669586,-3.209989909313958,-1.1150776529483766,-1.7822172509484262,3.8,4.2142857143,5.2333333333,2.75,3.25,3.4,2.8571428571,34.0,4.5092738568,0.2645305465,2.0789736793,0.6666666667000001,0.33333333330000003,9.25,0.1833333333,0.0,0.0016666667,1.5833333333000001,15.3333333333,0.0352380952,0.0,0.0036238095,-0.48095238100000004,1.6363636364,-0.0639244094,1.0682924593,8.5,10.6,2.9965118951000003,0.33753327710000003,2.0459489311,-0.3201076364,0.5277777778,1.0,3.1666666667,0.0,3.6666666667000003,5.1666666667,6.3333333333,5.6666666667,6.6666666667,6.0,3.3333333333,2.0,3.5,3.8333333333,4.0,5.0,-2.1117858881,-0.7411814998,-0.3536410916,3.775523272,1.7405348287,0.0066149741000000005,2.4564324243,33.3333333333,44.4444444444,40.7407407407,5.3333333333,2.0,4.375,4.0,3.875,2.8571428571,4.75,56.0,0.31905308400000004,5.327301583,25.0,113.0,10.925098711,0.2565783653,8.0,1.4,0.6233879924,0.0008840755000000001,0.8870090485000001,0.0015282755000000001,0.5833333333,-3.664674886451777,-3.664674886451777,-4.625581180301964,4.0,-0.9631613226,0.5856203859,0.49857917430000004,1.804178506,-0.3480110066,5.4,332.58500000000305,2.8918047611469997,0.2957509271470001,1.7631133452269998,11.695,97.145,2.8903717578961645,13.5430138153,0.76780885,12.0,1.2240509445,0.4734134978,2.0109151762,-0.1800431586,0.5833333333,0.5,0.6666666667000001,0.15415067985582961,104.0,0.2,0.7000000000000001,0.8,0.9,3.0175219215,0.008571266400000001,4.5347863765,-0.9451606774,0.5940594059000001,0.0562532564,0.0020250648,4.2045880649,0.536878563,0.3247785711,2.3712990192,0.3159668172,1.7950164487,-0.5839189395000001,307.5,6.1,5.5,205.8333333333,3.9160711064,0.2685007,1.184671903809423,350.6666666667,275.5,2.6771250459,0.2566947933,1.9529525842000002,-75.1666666667,-18.2033392652,2.3815518613,0.3167370619,1.9425875275000002,-1.1341230864,5.0,4.0,3.5,6.5,7.0,56.0,-0.0411092313,-0.8583283669,1.3927807389,0.3194108245,1.6634808266999999,-0.5256671837,-0.0730530866,3.3076923077,4.2,3.4444444444,2.4444444444,4.2666666667,1865.25,3.0,10.0,2895.5,-1.5838205555,0.3114051986,-0.9301934173,1.9,1.7272727273,2.9166666667000003,1.6428571429,2.9166666667000003,0.2073175136,0.25157822550000003
s112,1.0674001209,0.23848419310000002,1.6653402909000001,2.15,31.2272727273,0.2666666667,24.0,0.5333333333,-0.4087900538,-0.670300601,4.2818200374,0.282387104,2.3563331852,-0.8978275798,0.21968835620000002,-2.2401249285818237,-1.3072932915168196,-5.887811015518848,-2.7384062211274225,3.4,3.1071428571,4.4666666667,4.0,2.5,3.6,2.5714285714000003,47.0,4.3237522515,0.19581234990000002,1.665320585,0.5,0.1666666667,6.2083333333,0.28750000000000003,3.0,-0.013166666700000001,-1.2083333333,9.125,0.3710526316,3.0,-0.0119298246,-3.149122807,1.9090909091000001,0.0876522336,1.2536082727,8.2,7.6,2.5771823677,0.45674969740000004,1.9843194311,-1.5188508665,0.37611111111400014,2.3333333333,2.8333333333,0.4054651081081644,1.8333333333000001,3.3333333333,4.3333333333,5.1666666667,5.8333333333,4.6666666667,3.3333333333,2.0,2.8333333333,2.6666666667000003,2.6666666667000003,5.6666666667,-0.46125056140000004,0.3077778417,0.0,5.3201349372,3.4307609813,0.0858075694,4.2394162387,66.6666666667,22.2222222222,40.7407407407,6.5,4.5,4.375,4.875,3.375,3.4285714286,3.625,47.0,-1.070541321,3.8243251091,35.0,211.0,25.7627506452,0.3968411315,9.0,1.3333333333000001,0.6868490219000001,0.0018928788,1.0,0.0026576173000000002,0.47222222220000004,-1.8444397271102142,-2.067339257049917,-1.3862943611198906,2.0,-0.7528245405,2.2483926794,0.30321246830000004,1.9751140637,-0.5638425393000001,4.8,253.6666666667,3.032966167,0.2855532831,1.1685241044999999,53.0,-4.0,1.3862943611198906,-4.4643476582,0.4396209612,15.0,1.6024791858,0.40008949660000004,2.4296554975999998,0.2435196722,0.75,0.8333333333,0.75,0.08004270764276712,138.0,0.30000000000000004,0.2,0.6000000000000001,0.6000000000000001,4.006142222,0.3933346169,1.9859121875999999,-1.3765039666,0.47549019610000004,0.0627432814,0.001088697,6.3426376367,0.4691922724,0.2577556525,3.3399439939,0.2132759187,1.6458442585,-0.1652879716,238.5,7.5,5.6,196.5,2.3753826749,0.2754563712,0.23227166661703233,182.3333333333,198.8333333333,2.8033798465,0.235913636,1.4298010767,16.5,-72.4875774766,3.1967290912,0.2728068133,2.3907275284000002,-1.0774701844,6.5,6.5,6.5,3.0,5.0,47.0,-0.5560475772,-0.0566739889,1.8895619203,0.27003138050000003,1.9768712791,-0.49789749170000003,-0.5866383054000001,4.1538461538,2.6,3.5555555556,1.8888888889,3.2666666667,1093.7513257576,25.0,7.0,2776.6666666667,0.7151107724,-0.0704879881,-0.0129838665,1.4,1.2727272727,2.0,1.8571428571,2.6666666667000003,0.4930716828,0.3385289674
s121,1.2547955412,0.37274243030000004,1.5839283712,2.95,33.5,0.33333333330000003,28.0,0.33333333330000003,0.1689696015,-0.8209940197000001,2.9138617159,0.43338654120000003,1.9174322364,-1.0514911691,0.5887517123,-1.2041668871587905,-0.7179171933806374,-8.341249848920626,-6.734813407557127,4.3333333333,3.1428571429,4.5333333333,1.75,1.75,2.8,2.8571428571,42.0,3.8128801990000003,0.2926341347,2.2763935354,1.0,0.0,8.0,2.359223927e-16,1.0,-0.0083333333,0.0833333333,17.25,0.1605633803,2.0,-0.0072676056,-1.9647887324000002,1.0,-0.035811909600000004,0.9684031065,7.7,8.5,1.6205776457,0.5482556726,1.9734474895,-0.10642418910000001,0.9444444444000001,2.8333333333,3.1666666667,0.1541506798558298,1.0,3.1666666667,3.8333333333,2.8333333333,5.1666666667,5.3333333333,2.3333333333,1.3333333333000001,2.6666666667000003,2.1666666667,1.1666666667,3.6666666667000003,-3.0990226636,-0.5260200328,-0.4424163399,3.1063759132,1.5502364668,0.0547250102,2.0533178953,5.5555555556,33.3333333333,29.6296296296,4.6666666667,3.5,2.75,1.0,4.5,2.7142857143,2.5,38.0,-1.0082628,2.672669815,26.0,210.0,59.8991114415,0.8568707964000001,6.0,1.0,0.8113300324,0.0012032597,1.0,0.0015905436,0.5833333333,-6.449609932071972,-7.365900695568905,-7.824046010856292,2.0,-0.3871379702,0.9779749057,0.42521643330000003,2.0487777039,-0.2061269803,3.6666666667000003,341.6666666667,2.1197166525,0.39435481250000004,1.1851657793,-46.0,44.0,1.0986122886681098,5.241144500722999,0.7371513646000001,12.0,1.4905422539,0.5722922832,1.7281827068000002,-0.7657891336,0.25,0.25,0.5816666666629999,0.5596157879354227,102.0,0.0,0.2,0.30000000000000004,0.0,2.3718517883,0.5147076373,1.7236081888,-0.8611852211000001,0.4151898734,0.0228190583,-0.0047300903,4.9972315777,0.5144469282,0.2366323851,2.5580768626,0.4015852626,1.8399343672000001,-0.3705141134,393.5,6.5,4.6,428.1666666667,2.3875800981,0.3744256213,0.2846909051930321,360.5,416.3333333333,1.8332508555,0.2900787697,1.5711560231,55.8333333333,42.6439982666,1.5959042708,0.5347069043,1.4149396051,-0.5370564106,5.5,4.5,5.0,1.5,2.5,46.0,-0.0692598593,0.0481925641,1.3410850756000001,0.3072005927,1.6666024779000002,-0.6354404737,-0.6517907062,3.7692307692,2.5,3.8888888889,2.1111111111,1.8,1770.3700396825,6.0,9.0,3042.75,-0.23083977830000002,-0.4546225567,-0.19657400260000002,2.1,2.0,1.9166666667,1.2142857143,1.0833333333,0.185026834,0.1959866143
s128,1.596737019,0.2579180653,1.3552145514,2.55,28.6956521739,0.2333333333,21.8421052632,0.36666666670000003,-0.07489594000000001,-1.1102449011,2.9091516724,0.39713772540000003,1.6365967864000002,-0.7765847617,0.1252671233,-3.318473867179767,-2.278761551595203,-5.520247429437237,-2.6944420420293036,6.2666666667,3.6071428571,5.7,2.0,2.5,3.6,4.0,32.0,3.4466544594,0.3153150548,1.2349942519,0.6666666667000001,0.33333333330000003,7.25,0.1,3.0,-0.004,-2.25,8.875,0.2900175131,2.0,-0.0076392294,-1.4827370528000001,1.0,0.5305493840000001,0.4510560637,7.4,6.2,3.591317666,0.420004812,1.56622633,-0.8201991091,0.34361111111199993,3.8333333333,3.8333333333,0.847297860372918,1.3333333333000001,2.8333333333,5.3333333333,6.6666666667,6.0,6.3333333333,5.0,1.6666666667,2.3333333333,4.5,1.6666666667,4.3333333333,-0.7388775512,-3.6546130118,-0.9389161248000001,0.1035391316,1.3213446292,0.33674980200000004,1.0712467975,61.1111111111,88.8888888889,51.8518518519,4.0,2.25,2.875,4.0,4.125,3.4285714286,1.625,43.0,-1.1652624446,3.6348828618,20.0,155.0,25.7627506452,0.3968411315,9.0,1.2,0.7680843353,0.0012677962000000001,0.8839675903,0.0015923411,0.5833333333,-2.748384152235016,-2.748384152235016,-1.8444397271102142,2.0,-1.5143309153,1.8081334503000002,0.5013329573,1.9272172346,-0.6153350147000001,3.1333333333,380.1666666667,2.5405495063,0.36589707520000003,0.9324872477,30.0,14.0,1.6094379124341003,-8.5778172494,0.6289838072,13.0,1.8003038664000002,0.439041114,1.6674247331,-0.8385049480000001,0.25,0.1666666667,0.1666666667,0.6505875661585407,96.0,0.1,0.5,0.6000000000000001,0.2,2.5207618189,0.4245216701,1.5211153469,-1.4620466658,0.4485294118,0.0256165128,0.0005613158,5.7339013817,0.5300457435,0.19311485350000002,3.087500126,0.31801801090000004,1.5039192967,-1.4759661833,348.0,5.4,5.8,367.0,3.0504298697,0.3476436813,0.2136683017032751,312.6666666667,372.0,2.5922543419,0.3459610979,1.3464531213,59.3333333333,-21.2576500693,2.6689942505,0.36911745900000004,1.9725556024,-1.8143499987,5.5,3.0,2.5,2.0,3.0,48.0,-0.6277267571,0.016918913,1.7556525181,0.41003986800000003,1.4247812539,0.043827273900000005,0.0570560328,2.9230769231,3.4,3.8888888889,2.5555555556,3.2666666667,1836.6759259259,1.0,8.0,7186.3333333333,-0.2722315269,0.0315648018,-0.5153969343,2.4,1.9090909091000001,2.6666666667000003,1.7857142857000001,1.6666666667,0.8630164529000001,0.27840498950000003
s129,1.2157643695,0.2407582459,1.1839780761,1.55,32.2380952381,0.30000000000000004,20.5263157895,0.36666666670000003,-0.7170300390000001,-0.6181967918,3.6317682373,0.3918286472,2.1467546613,-1.0601288625,0.1931284247,-1.4842961736797509,-1.1419122010050202,-6.9393431644213495,-7.982237552312426,4.1333333333,3.0357142857,4.0,1.75,2.5,3.8,3.5714285714000003,45.0,4.2875719198,0.2992696307,1.3180629453,0.5,0.1666666667,3.75,0.033333333300000004,2.0,-0.0103333333,-1.25,4.5416666667,0.1070460705,2.0,-0.006723577200000001,-1.7357723577000002,1.2727272727,0.1316481415,0.34871618660000003,6.1,5.8,1.8785263273,0.5471658782000001,1.6265243146000001,-1.141392508,0.6111111111,3.1666666667,2.5,0.1541506798558298,3.5,3.5,3.6666666667000003,4.8333333333,5.1666666667,3.6666666667000003,1.8333333333000001,2.5,2.8333333333,2.1666666667,5.1666666667,5.6666666667,-0.9416857015000001,-0.38553276680000004,0.0,5.3201349372,3.0357877184,0.26717025380000003,3.0011094,66.6666666667,88.8888888889,29.6296296296,3.8333333333,5.25,3.375,1.5,2.5,2.7142857143,4.75,41.0,-1.0170844173,3.9312389163,16.0,206.0,25.7627506452,0.3968411315,9.0,1.6666666667,0.8792638779,0.0013619672,0.8770751953,0.0013185733,0.5555555556,-7.824046010856292,-5.553730190361736,-7.824046010856292,2.0,-1.4840021527,1.906426368,0.41559314410000003,1.4830067225,0.0616581838,5.1333333333,308.6666666667,2.8363234824,0.3177011641,1.5489420665,19.0,68.5,1.9459101490553132,6.475687777995997,0.5055458483,10.0,1.6643892695,0.47510840990000003,1.9500023740999999,-0.3746131992,0.5,0.6666666667000001,0.9166666667000001,0.3483066942917451,105.0,0.30000000000000004,0.4,0.9,0.7000000000000001,3.0309080855,0.4270318582,1.3295463127,-1.0166776509,0.4191176471,0.0948302474,-0.0018224810000000001,8.7860218863,0.59785928,0.13520988450000002,2.9747804853,0.3144966677,1.4443155038,-1.1690903953,366.0,5.9,5.6,347.8333333333,2.8403571493,0.2950087416,0.4208225921423054,281.5,286.6666666667,2.6811188478,0.3552021121,1.2402413891,5.1666666667,73.913015873,1.8209178136,0.3695218659,1.5872004456000002,-0.8575594834,5.5,4.0,5.0,2.5,5.5,37.0,-0.622821411,-0.5164420792000001,1.1126628393,0.3767108873,1.4421075196,-0.5601726875,-0.7511597172000001,3.4615384615,4.0,3.3333333333,2.6666666667000003,2.7333333333,1940.1,13.0,7.0,3584.75,-0.8669558357,0.1435223481,-0.6638107554,2.6,1.4545454545,1.75,1.0714285714,2.9166666667000003,0.8635762622,0.3395718505
s142,1.2750411846,0.1611077679,1.7080399096,2.25,18.0909090909,0.2666666667,18.9583333333,0.2,-0.5491591561,-0.2765686035,3.8767039536,0.3480248306,2.3203789943,-0.1931835906,0.8296678082000001,-0.647959387621583,-1.9317067029585968,-10.019504648382483,-6.507154248007052,2.0,2.0,2.3333333333,2.25,1.25,3.2,1.2857142857000001,64.0,3.9822631678000002,0.2553334631,1.8336574746,0.5,0.5,7.5,0.45833333330000003,3.0,-0.006666666700000001,-2.5,5.7916666667,0.4375,1.0,0.0007142857000000001,-0.2916666667,1.0,-0.0966466601,0.6313096402,6.9,5.2,1.5892341315,0.3378067993,1.6559560493,-1.1661768282,0.39444444444599996,1.8333333333000001,1.0,0.5108256237859907,1.6666666667,4.0,4.1666666667,5.8333333333,5.0,5.6666666667,2.6666666667000003,1.1666666667,1.6666666667,2.6666666667000003,1.3333333333000001,5.3333333333,-1.1213792209,-0.9265981848,-0.5629734621,4.194188013,2.9032794266,0.010083330100000001,3.0752582068,0.0,0.0,33.3333333333,7.0,2.25,5.0,5.0,4.375,4.8571428571,4.125,50.0,-0.5400116798,3.2151644074,40.0,212.0,25.7627506452,0.3968411315,9.0,1.0,0.7684188843,0.0024697789,0.9909179688,0.0022422898,0.5277777778,-1.8444397271102142,-4.625581180301964,-1.8444397271102142,5.0,-1.1528135071,1.4019408202,0.0901297061,2.4710816243,-0.0840694224,5.8,259.8333333333,3.4586100583,0.26270042450000003,2.1261583968,33.5,32.0,0.6931471805599453,6.428723831585,0.4560966407,7.0,1.5155471328,0.4517635185,1.7920948864000001,-0.3932090945,0.5833333333,1.0,0.8333333333,0.08004270764276712,150.0,0.1,0.2,0.5,0.0,5.0368493034,0.3678747643,2.3623975934,-0.7097667163,0.3613861386,0.0240121709,0.0009322925,0.0682146517,0.0017914245,0.08713742990000001,1.9310297817,0.30881797650000004,1.6298959641000001,-0.031140929900000003,317.0,6.4,5.1,263.5,3.3695389093,0.3495370788,0.9437796436220902,232.0,235.6666666667,3.2806681739,0.3686414381,1.9263818716,3.6666666667000003,35.1833413926,3.000790265,0.355489353,1.9151603970000002,-1.8237744326,7.0,7.0,6.5,6.5,6.5,38.0,-0.8714243626,-0.16756492150000002,1.1001556131,0.140657749,1.8441031732000002,-0.2763685249,-0.3041062094,4.6923076923,1.1,4.4444444444,1.0,2.4666666667,1470.8263888889,4.0,9.0,3968.1666666667,-0.04418443664100002,-0.030258699438000004,-0.23240411862300006,1.0,1.0909090909,1.0,1.1428571429,1.0833333333,0.8598967579000001,0.3567945394
s145,1.1032689161,0.243243742,1.5126931012,1.9,32.380952381,0.30000000000000004,33.4210526316,0.36666666670000003,-0.4161104954,-1.0654400948,2.2717321023,0.31401088590000004,1.6431756441,-0.3997490335,0.1124606164,-2.7830265691255813,-3.4461481785935617,-6.551398205558884,-5.04979546708213,5.4,4.6428571429000005,4.4333333333,2.75,2.75,3.6,4.0,29.0,3.2711158152,0.2280528506,1.1501277944,0.8333333333,0.1666666667,8.0,0.058333333300000005,2.0,-0.0053333333000000005,-2.1666666667,15.2916666667,0.09781323880000001,1.0,-0.0039125296,-2.6052009456,1.0909090909,0.0321160231,1.0251965752,7.2,6.9,1.8197528808999999,0.0349396911,2.5272881668,-0.1145267533,0.2222222222,1.8333333333000001,4.5,0.287682072426781,2.6666666667000003,3.5,4.8333333333,4.8333333333,6.1666666667,6.8333333333,3.6666666667000003,1.5,3.1666666667,2.8333333333,1.8333333333000001,4.1666666667,-3.9954669632,0.6253723054,-0.0239686552,3.1161783991,2.2250826168,0.225413617,1.0171095294,22.2222222222,55.5555555556,48.1481481481,2.6666666667000003,4.75,2.0,3.0,1.375,1.5714285714,4.125,41.0,-1.5092602536,2.9468872438,16.0,120.0,25.7627506452,0.3968411315,9.0,1.0,0.8040359497,0.0011578557,0.9466796875000001,0.0013565214,0.4444444444,-2.748384152235016,-3.664674886451777,-3.664674886451777,1.0,-0.7324661664000001,1.4013296853,0.4282263933,2.0315420604,-0.24344224420000002,3.6666666667000003,361.073333333334,2.6577891292069995,0.31830017687199996,1.4715964313530003,17.01,78.88,1.791759469228055,6.343334923722998,0.5746654042,8.0,1.497254742,0.6701494746000001,1.8934110799,-0.37845428810000004,0.33333333330000003,0.5,1.0,0.5108256237859906,89.0,0.1,0.5,0.30000000000000004,0.0,2.287917085,0.1316216208,2.8560066109,-0.1722044852,0.43137254900000005,0.0491383223,-0.0023224833000000003,7.9566921099000005,0.5146985740000001,0.17905685600000001,2.8204909128,0.2538907956,0.9815114540000001,-1.6741969777999999,267.0,5.6,5.2,309.0,2.8351093442,0.2322193535,0.4316655435572092,274.604166666664,306.586666666664,2.614881829969,0.31132242685099987,1.5268991031439996,16.618333333334007,26.153976140325994,1.4453690817,0.33125309280000004,1.4784896017,-1.2112127166,6.5,5.5,1.5,1.0,5.5,60.0,0.008067235800000001,-0.2449755831,1.2503760927,0.2045668404,2.0190874166,-0.6683105477,-0.7097776168000001,3.6153846154,4.3,4.7777777778,3.8888888889,3.2,2264.2166666667,8.0,8.0,3378.3333333333,-1.1253289999,0.8315630555,-0.6997601676,2.8,1.6363636364,3.5833333333,2.4285714286,1.25,0.7981536578,0.5753656030000001
s149,1.0527625572,0.3354904146,1.6986195348000002,2.4,2.0666666667,0.0,2.1034482759,0.033333333300000004,-0.7180299875,-1.2956263332,3.4853087642,0.4131695174,1.8663670799,-0.219357361,0.1512517123,-1.8405217230869833,-2.935962166378279,-6.822567797612691,-6.341435044729682,5.5333333333,4.1428571429,4.6666666667,2.25,2.75,2.6,3.1428571429,27.0,3.7877992226,0.23315359900000002,2.4045426548,0.8333333333,0.1666666667,13.0,0.058333333300000005,1.0,-0.005,-3.75,9.3333333333,0.0388095238,1.0,-0.0017809524,-4.6714285714,1.0909090909,-0.0120842132,0.700048086,9.5,10.6,2.3354403491,0.3576884021,2.2107538989,-0.9733489788,0.6944444444,3.8333333333,4.8333333333,1.1526795099489118,4.1666666667,3.3333333333,4.5,4.3333333333,4.1666666667,4.3333333333,3.5,3.3333333333,2.3333333333,5.1666666667,3.0,4.1666666667,-1.9127770199,-0.2745940264,0.0,5.3201349372,3.8751334340000003,0.1164252624,3.5789787387,27.7777777778,66.6666666667,51.8518518519,2.0,5.75,2.0,3.125,2.25,2.0,3.125,32.0,-0.6385135918,3.4121682313,16.0,111.0,7.6113128603,0.3752535483,7.0,1.6,0.8774719238,0.0012237025,0.99453125,0.0017994426,0.6666666667000001,-6.449609932071972,-6.449609932071972,-5.553730190361736,3.0,-0.6275846773,1.2953716086,0.3723283992,2.018282766,-0.7242651807,2.9333333333000002,301.8333333333,3.4154794203,0.3263350928,2.0878297630000002,-27.0,52.5,2.4849066497880004,6.761662026643,0.5103874254,10.0,1.9571113629,0.4952441527,2.395068143,-0.4157074404,0.6666666667000001,0.5,0.5,0.45953232935738747,67.0,0.6000000000000001,1.0,1.0,0.8,2.9818289698,0.5017062285,2.1730506068,-1.5475485317,0.4938875306,0.0450390832,-0.0013942374000000001,14.2536236386,0.3823243169,0.1459296119,2.7597077785,0.3150285568,1.8881768059000001,-0.2328582348,351.295,6.0,6.3,320.8333333333,3.6603171391,0.37954801060000004,0.7892282465642279,289.3333333333,285.6666666667,4.1194713101,0.2980989579,2.3375709004,-3.6666666667000003,-39.888825851600004,2.7161498759000002,0.4052196534,2.5038733418,-0.47235728180000003,3.0,3.5,1.5,1.5,5.0,56.0,-0.5669361959,-0.0080485984,2.0220777772,0.34340283400000005,1.8471840642,0.0459769524,-0.4599983936,2.6923076923,3.8,2.2222222222,1.8888888889,2.9333333333000002,2201.0648148148,8.0,8.0,3865.25,-0.6347735844,0.008401998,-0.5667805989,2.8,2.2727272727,3.1666666667,2.4285714286,2.4166666667,0.8186787320000001,0.1980654319
s161,1.1655038487,0.20491310540000002,1.4508123206999999,2.05,27.692307692299998,0.1333333333,15.2173913043,0.2333333333,-0.6094802374,-1.0587700391000001,3.3767217719,0.2920639862,1.7931247842,-1.3423201755,0.4898535959,-1.770130348046674,-2.554675261798129,-8.036620301606721,-5.5749442401902485,5.0,3.7142857143,4.1666666667,2.75,2.0,3.2,3.8571428571,36.0,4.0108432216,0.22950895600000001,2.2156506121,1.0,0.0,9.3333333333,0.125,2.0,-0.0116666667,-4.5833333333,10.1666666667,0.27372185990000003,3.0,-0.0212127078,-1.7423732379999999,1.2727272727,-0.2206835762,1.0034187048,9.0,8.5,2.3213277632000002,0.41729653110000003,2.1425330095,-0.17028152670000002,0.47222222220000004,2.6666666667000003,4.0,0.1541506798558298,3.1666666667,2.8333333333,4.0,5.1666666667,5.5,5.0,3.5,1.8333333333000001,1.6666666667,2.0,1.8333333333000001,4.6666666667,-1.982609846,0.2715647753,0.4181320954,4.4838707464,2.5552100408,0.18475282680000002,2.1003113705,55.5555555556,44.4444444444,37.037037037,4.8333333333,5.0,2.5,2.125,2.375,2.7142857143,3.125,40.0,-1.2494826612,3.4664424285,25.0,209.0,10.925098711,0.2565783653,8.0,1.1333333333,0.8344177246000001,0.0010259156,1.0,0.0016173992000000001,0.4166666667,-4.625581180301964,-4.625581180301964,-3.664674886451777,2.0,-0.9937941942,1.494824621,0.3638806562,2.3269917159,-0.47110235840000003,3.7333333333,400.3333333333,3.1858515507,0.2926838742,1.6324382399,5.0,75.0,1.0986122886681098,8.4523597064,0.48609942800000006,15.0,1.9092136397,0.5355309973,2.3231643871,-0.407678184,0.8333333333,0.4166666667,0.8333333333,0.08004270764276712,115.0,0.2,0.30000000000000004,0.9,0.2,3.0355596007,0.4195077397,1.4431660366,-0.8784413828000001,0.5452322738000001,0.0909152563,0.0043313402,9.1901941642,0.7264042974,0.20648775930000002,2.6779219277,0.2351077822,1.9500810835000002,-0.4444052746,258.5,6.9,5.4,243.8333333333,4.0759553419,0.3447508555,0.4837389951095982,230.1666666667,252.1666666667,2.9696355068,0.295529131,1.603601141,22.0,10.857978279,1.9601575647,0.3527354944,1.8984647854,-0.4192682608,6.0,6.0,3.0,1.0,5.0,50.0,0.0955243868,-0.5296580188000001,1.3837635997,0.32123494080000004,1.6140082952,-0.62179557,-0.24534276100000002,3.9230769231,4.1,3.6666666667000003,2.4444444444,2.6,1962.5470899471,19.0,5.0,3346.6666666667,0.3607559622,-0.32615953270000003,0.060125986400000005,2.2,1.7272727273,2.4166666667,2.0,1.75,0.17463895940000002,0.17774387060000002
s163,0.7712412564000001,0.038875287700000004,1.4714249168,1.4,31.8181818182,0.2666666667,31.0,0.33333333330000003,-0.36605980860000004,-1.3790605772,2.9027811179,0.3632220277,1.7850872032,0.1431813808,0.9625017123,-0.3129881723336707,-0.03173986057298802,-12.343015565086535,-9.774148435230646,2.0,2.5714285714000003,2.8,1.0,1.0,2.0,1.2857142857000001,63.0,3.7679015658,0.1124273184,3.0169818627,0.5,0.5,8.75,-0.0083333333,0.0,0.0003333333,0.25,7.9583333333,-0.0038585209,0.0,-0.00015434080000000002,0.040192926000000004,1.4545454545,0.2996226365,0.5530397989,7.7,5.5,1.9331393688,0.44218121930000004,2.2353410552,-0.5689894598,0.5444444444490001,1.1666666667,1.5,0.0,1.0,3.5,5.5,5.5,7.0,6.1666666667,2.5,1.0,2.0,1.0,1.5,4.5,-0.2226550397,-5.1877230111,-0.411147414434,3.2768959524279997,1.7081577397,0.3074191519,1.2362130658,77.7777777778,0.0,11.1111111111,6.3333333333,3.75,5.0,4.25,5.0,3.8571428571,3.0,45.0,-1.2989724053,2.0912506043,40.0,225.0,7.6113128603,0.3752535483,7.0,1.2666666667,0.7493646622,0.0017475993,1.0,0.0020383547000000003,0.6111111111,-6.449609932071972,-6.449609932071972,-7.365900695568905,4.0,-0.9334754929,1.5365413179,0.2081596007,2.180805105,-0.5176941028000001,5.8666666667000005,261.0,2.5121041196,0.2970184481,1.3693123758,11.0,64.5,1.0986122886681098,12.7711622326,0.5804353491,12.0,1.3599245347,0.46224832130000004,1.9351528558000002,-0.49116962680000004,0.33333333330000003,0.33333333330000003,0.5,0.15415067985582961,145.0,0.2,0.2,0.4,0.1819999999999999,2.2463271637,0.4572105627,1.6500582238,-1.8275109443000002,0.49264705880000004,-0.01818113,0.001028408,3.4200341681,0.5269336036,0.4010917946,2.7980741509,0.22867676750000002,1.766412833,-0.6037288229000001,320.0,5.9,5.1,298.5,2.215887592,0.3553431819,0.3211268218441841,243.3333333333,282.3333333333,3.2101479063,0.3809206919,1.4700268751,39.0,66.6531791908,2.5691142765,0.31912147420000003,1.7925487291,-0.897578406,6.0,5.5,7.0,2.5,4.5,12.0,-0.1306368278,-0.6105028254,1.7148956547,0.3539770902,1.4186178012,-0.5624713567,-0.7241339629,4.0769230769,1.3,2.5555555556,1.2222222222,1.2,2022.7592592593,18.0,7.0,3007.3333333333,0.1950825646,-0.4269794288,-0.6724763797000001,1.6,1.0909090909,1.0,1.0,1.3333333333000001,0.2082347581,0.2604800138
s165,1.2214576511,0.40712906990000003,1.2669062377,1.45,43.1818181818,0.2666666667,27.5,0.33333333330000003,-0.5707833237000001,-1.1312040732,4.1578156778,0.42156953950000003,2.1577337768,-0.4205462649,0.07584931510000001,-2.1956291041806733,-2.8460435890670706,-5.246414205167172,-4.203337152551348,2.0,2.75,2.6,1.25,1.5,2.6,1.4285714286,61.0,4.0575939338,0.2860148011,2.0545918157,0.5,0.1666666667,9.7083333333,0.1375,2.0,-0.0071666667,-3.5416666667,4.0,0.045114942500000005,2.0,-0.0058866995,-1.117816092,1.2727272727,0.2260862012,0.9701466607,8.4,7.9,2.6532337318,0.4760244972,2.4241040104,-0.4150361442,0.1388888889,1.1666666667,2.6666666667000003,0.1541506798558298,1.8333333333000001,3.5,4.0,4.0,5.0,5.3333333333,2.0,1.1666666667,2.5,1.5,1.5,5.0,-0.8164887980000001,-1.0774211599,-0.797358023,2.9436955465,1.8945397823999999,0.23053071890000001,2.9858216448,38.8888888889,0.0,7.4074074074,6.0,3.5,5.0,4.375,4.375,3.5714285714000003,2.625,40.0,-1.070541321,3.8243251091,31.0,181.0,7.6113128603,0.3752535483,7.0,1.2,0.7208445072,0.0012282976000000001,0.9286346436,0.0017354671000000001,0.5833333333,-2.748384152235016,-1.8444397271102142,-1.8444397271102142,3.0,-1.3384136012,1.9997659566000001,0.4626103641,1.5929279029,-0.6097317138,5.8,439.6666666667,2.9562803839000003,0.39130002480000003,1.4700894319,28.5,4.5,0.6931471805599453,11.3272656863,0.5820801933,4.0,1.6574768149999999,0.5533018389000001,2.1100285279,-0.4633380868,0.5,1.0,0.711666666667,0.0,149.0,0.0,0.0,0.1,0.30000000000000004,3.7605272987,0.3733032287,3.0342947852,-1.8727743464,0.4962962963,0.08587185600000001,0.0010161092000000001,5.4193518484,0.5427478134,0.2470654046,2.9770451946,0.3278783812,1.5611302455,-0.15804386750000002,336.5,4.9,4.6,403.1666666667,3.2922505538999998,0.3931739537,0.4588190734508439,247.6666666667,297.1666666667,3.8578632757999998,0.3733967244,1.7477339328000001,49.5,0.0857177794,2.0830390083,0.45894106100000004,1.8428353182000001,-1.4229455691,6.5,6.5,7.0,2.0,2.5,49.0,-0.30376193630000003,-0.0731904985,1.2413034377,0.3424074066,2.1623597696,0.0604848806,-0.3521042028,4.3846153846,2.1,4.3333333333,1.8888888889,2.1333333333,2022.1916666667,11.0,10.0,4515.9166666667,-0.4035655239,0.0926741424,-0.1919368407,1.3,1.0,1.0,1.0,1.9166666667,0.8495511125,0.3953050295
s168,1.515110917,0.2585330648,2.3897526986,3.75,2.0689655172,0.033333333300000004,1.9310344828,0.033333333300000004,-1.0552907372,-0.5177770843,2.9484981565,0.33754828070000004,1.3723227897,-2.1005632548,0.9062517123,-1.118125060678392,-1.7703867616238846,-10.507690225807417,-7.462114904771856,4.2,3.3214285714000003,4.7,2.5,2.5,2.8,2.7142857143,46.0,4.9415293986,0.2690063773,1.7163388578,0.8333333333,0.1666666667,25.2083333333,0.0625,1.0,-0.0025,-3.0416666667,20.625,0.15,2.0,0.0011428571,-3.7142857143,1.9090909091000001,-0.027281709300000002,0.9257502779000001,7.8,6.0,2.6481180330000003,0.45129287170000004,2.18651264,-0.6150832858,0.7777777778,2.1666666667,2.8333333333,0.6931471805599453,3.1666666667,4.3333333333,4.5,5.3333333333,4.3333333333,3.5,2.5,1.5,1.8333333333000001,1.6666666667,3.6666666667000003,6.0,-1.2732463716,0.008195316000000001,-0.3719338943,3.8121088774,2.9735257364,0.2258514787,1.7246021428,11.1111111111,33.3333333333,59.2592592593,6.1666666667,6.0,3.5,3.25,4.5,3.0,3.125,49.0,0.0,5.965407751,28.0,221.0,1.2928725743,0.0438060331,4.0,1.2,0.6407468796,0.0019502327000000001,0.9989257812000001,0.0024516933,0.9166666667000001,-6.449609932071972,-6.449609932071972,-4.625581180301964,2.0,-0.6960946472,2.3634673308,0.4224690237,1.703189578,0.029981594700000003,3.9333333333000002,289.6666666667,3.3428734282,0.15455059770000001,2.596976673,25.0,10.0,1.0986122886681098,4.3568072513,0.5772580901000001,17.0,2.3945813409,0.4558444136,2.3650182955,-0.27467387330000004,0.4166666667,0.4166666667,0.8333333333,0.3483066942917451,118.0,0.1,0.4,0.4,0.5,3.9467180346,0.4080915967,1.7656142081000001,-1.4779030157,0.5171568627,0.1132195907,-0.0028319322,5.7020616785,0.4496573146,0.26234567880000004,4.0831097244,0.2812103375,1.2644362648,-0.5915848627,313.0,7.0,7.1,284.0,3.2876697207,0.32392832250000003,0.4069716518343897,265.6666666667,283.1666666667,4.2202586401,0.3116253437,1.824866142,17.5,-1.6599442180000001,3.1649709186,0.33157127670000003,1.8246646289,-1.3713774459999999,3.0,5.5,5.0,1.0,5.0,37.0,-1.4176045576,-0.18161583180000002,2.112769557,0.3312041303,1.8521688108,0.044879897700000004,-0.72554626,3.6153846154,2.5,1.8888888889,2.2222222222,2.6,1627.3060606061,3.0,8.0,4064.0,1.8440280742000001,-0.7825403580000001,1.4758567096,1.9,1.9090909091000001,1.9166666667,2.0,2.3333333333,0.7977244538,0.21473320240000002
s170,0.9508163723,0.1877532044,1.2693962543000001,1.5,36.4347826087,0.2333333333,25.0,0.36666666670000003,-0.3356369873,-0.48282750100000005,2.4218007562,0.3519925843,1.4902559488,-0.2293138237,0.5152671233,-0.8547962226371613,-1.3869246965395268,-9.173155383350881,-7.594271691752724,4.1333333333,3.3571428571,3.4333333333000002,3.25,3.5,3.6,1.5714285714,52.0,1.7372372205,0.2761656296,1.6691477376,0.5,0.33333333330000003,10.4166666667,0.033333333300000004,2.0,-0.007333333300000001,-3.6666666667000003,13.75,0.2816655695,3.0,-0.0088150099,-5.7264647795,1.8181818182,0.0940127389,0.7900891720000001,9.0,5.5,1.3328081399,0.35050295140000004,1.5807378161,0.4096040251,0.6944444444,3.3333333333,2.3333333333,0.9162907318741551,3.6666666667000003,5.8333333333,3.1666666667,4.0,3.0,4.3333333333,1.0,2.5,2.1666666667,3.6666666667000003,5.3333333333,7.0,-0.6741927347000001,-1.4966053202,-0.8668360642,1.4190507591000001,1.3518940016,0.25447537200000003,1.4704404311000001,38.8888888889,22.2222222222,14.8148148148,5.0,3.75,3.875,3.0,4.5,4.1428571429,5.0,46.0,-0.7108247741,2.7260075208,34.0,152.0,59.8991114415,0.8568707964000001,6.0,1.7333333333,0.6079681158,0.001130345,0.7794122696,0.0014091396,0.47222222220000004,-7.824046010856292,-5.553730190361736,-5.553730190361736,6.0,-2.1478100173,1.0232536052,0.4513395512,1.6209783439,-0.2768204957,6.0,451.3333333333,3.6223266667000003,0.343548307,1.7456787937,2.0,-43.0,2.0794415416798357,7.169706711386999,0.6778852885000001,6.0,1.0298177695,0.3792795581,1.7286913564000002,-0.3074649034,0.5833333333,0.5,0.6666666667000001,0.22314355131420976,144.0,0.6000000000000001,0.30000000000000004,0.7000000000000001,0.8,2.9428198784,0.2955099899,2.1904620314,-1.273294787,0.46019900500000005,0.0058701713,0.0011386117000000001,4.5818755185,0.5297793306,0.15998293830000002,2.0293862498,0.2439235609,1.5009262356000002,-0.9015868458,312.0,5.9,4.9,340.99333333333203,3.0108355809999994,0.334737647599,0.4297189807710836,279.54833333333397,319.75333333332594,2.6670398820190013,0.3063419558859999,1.768899741854,44.981666666668005,30.825998939833983,1.2229578856,0.346850025,1.692284767,-1.412367218,5.5,6.0,6.5,2.0,6.5,30.0,-0.3378687294,-0.0239329074,1.0752021487,0.3298975753,1.3794298424,-0.4407982092,-0.1578221472,2.7692307692,3.0,4.6666666667,2.1111111111,4.6,1730.0128787879,17.0,9.0,2358.3333333333,-0.34478308472600006,-0.069479360766,-0.3250451912870001,1.3,1.9090909091000001,1.4166666667,1.4285714286,3.25,0.7695943491,0.4479569223
s173,2.3840564683,0.1941606532,1.4242776492,4.05,35.582037533806,0.2790000000040001,23.863202066522998,0.3613333333319997,-0.2674266169,-1.1075270791,3.0931187279,0.3189978046,1.4145470571,-1.3056520032,0.8992166096,-1.4191537068395421,-2.169935938802427,-8.708832019487865,-7.111907684122715,3.0,4.0,3.3333333333,2.5,2.5,3.4,2.4285714286,54.0,3.4014735819,0.2162393807,1.6560635932,1.0,0.0,11.25,0.0666666667,2.0,-0.0043333333000000005,-3.75,11.0,0.17681429510000002,3.0,-0.0088620916,-5.8579258934,1.6363636364,0.2866756393,0.9416186292000001,7.0,6.8,2.2744917449,0.33389622690000004,1.6307575496000002,-0.5068183619000001,0.5,2.0,5.5,0.287682072426781,3.3333333333,3.5,3.6666666667000003,4.8333333333,3.5,3.1666666667,2.6666666667000003,2.8333333333,2.3333333333,1.8333333333000001,3.1666666667,4.6666666667,-1.6434989491,2.1095654361,-0.5629734621,4.194188013,2.8333454714,0.1696276646,1.5734527368,33.3333333333,0.0,18.5185185185,6.1666666667,4.0,4.25,4.625,3.875,3.0,3.125,48.0,-0.5402436899,4.8849203713,37.0,307.0,10.925098711,0.2565783653,8.0,1.5333333332999999,0.7028138161,0.001737744,0.9654296875,0.003307944,0.6388888889000001,-6.449609932071972,-5.553730190361736,-4.625581180301964,2.0,-1.0544178493,1.7666445411,0.3465279153,2.0107760136,-0.263885431,4.9333333333,247.0,2.0081944256,0.2749225501,1.1886431483,24.5,2.5,1.0986122886681098,-2.3893597141000003,0.36496549300000003,13.0,1.4910933062,0.44245407680000004,1.6163171124,-0.7399188713,0.75,0.6666666667000001,0.5833333333,0.0,138.0,0.1,0.4,0.30000000000000004,0.4,2.9033267496,0.3526208229,1.3104963549,-3.3776527458,0.5777777778000001,0.0737342461,-0.0024883772,6.5302915375,0.47569676980000003,0.2190266261,3.9544035077,0.2668561441,1.6757252688,-0.2626278183,278.0,7.5,7.2,311.0,3.2408447507,0.31098586310000004,0.035403842198647166,223.3333333333,254.5,2.7575416668,0.3129101286,1.0379462532,31.1666666667,48.2684353515,2.6540618985,0.280103474,1.7930922973,-1.002911364,5.5,5.5,7.0,1.5,4.0,32.0,-0.1745302853,-0.174213011,1.804644512,0.3074036403,1.6760924528999999,-0.2742148317,-0.2956929337,4.2307692308,2.5,3.3333333333,1.4444444444,2.4,1223.7287878788,23.0,8.0,2171.9166666667,1.6946473165,-0.8937000714000001,0.5978541364000001,1.3,1.3636363636,1.5833333333000001,1.0714285714,2.6666666667000003,0.8058212105,0.2838313534
s179,1.6024616187,0.17631190870000002,1.3333077799,2.25,35.4545454545,0.2666666667,23.2631578947,0.36666666670000003,-0.3582407073,-0.32533302470000003,3.4056687907,0.37941986040000003,2.2367188237,-0.55353797,0.0394905822,-3.396260954890288,-3.4567897385273607,-2.3941522448757016,-2.501515495422726,3.9333333333000002,3.6071428571,4.9666666667,2.25,1.75,3.6,3.2857142857,39.0,5.6164991621,0.29712210650000004,1.3966250537,0.8333333333,0.0,11.9583333333,0.1625,1.0,-0.0058333333,-6.7916666667,17.0416666667,0.38721666330000004,3.0,-0.009692056400000001,-5.2457627119,1.0,0.08216949400000001,0.6921143488,7.6,8.3,1.9951445409000002,0.1586666303,2.4164206571999998,-0.6683869659,0.1111111111,1.3333333333000001,5.5,0.0,3.3333333333,4.3333333333,3.5,3.6666666667000003,6.3333333333,2.3333333333,2.1666666667,2.5,3.6666666667000003,1.6666666667,5.0,6.0,-4.6802578854,-1.8437003681,-0.23074187610000002,3.5297248409,2.6486355656000002,0.2095705878,1.5784413603,16.6666666667,88.8888888889,51.8518518519,6.1666666667,2.75,2.125,2.375,2.375,2.4285714286,1.625,49.0,-1.0385004382,3.3813588491,21.0,167.0,59.8991114415,0.8568707964000001,6.0,1.9333333333,0.8828125,0.0010488719000000001,0.9769531250000001,0.0010286137,0.7222222222,-1.3862943611198906,-2.067339257049917,-1.3862943611198906,2.0,-0.8126362479,2.6367106907,0.39466696230000003,2.1471167596,-0.1852161386,3.3333333333,337.73000000000303,2.992420104958001,0.31567136169700005,1.6253545358790005,11.47,88.395,2.70805020110221,13.3536702924,0.6747579895,9.0,1.8297914515,0.3943808338,2.1200345743,-0.7003482433,0.0833333333,0.25,0.1666666667,0.6505875661585407,120.0,0.1,0.4,0.5,1.0,2.4624444678,0.44434992640000004,1.7904052163,-0.4834591937,0.4974874372,0.0481956153,-0.0015577583000000001,3.4303499629,0.5322006268,0.393393751,3.9181523825999998,0.3104875105,1.0192041008,-1.3522333343000001,335.0,5.7,5.4,231.6666666667,4.7870092158,0.3071571504,0.986822836986327,243.6666666667,272.5,3.8427394902,0.2957802134,1.8733222614,28.8333333333,30.6192909772,2.6310631393,0.3402271606,1.6998104062000001,-0.9255866869,5.0,6.0,3.5,1.0,5.0,32.0,-0.3587613481,-0.6599561383,2.1668873466,0.3310573405,1.363844303,0.18801732910000002,-0.0362187063,3.2307692308,3.4,4.5555555556,2.8888888889,3.9333333333000002,3047.0555555556,6.0,5.0,4778.0833333333,-0.2881006572,0.3277628013,-0.2227083602,3.3,2.5454545455,2.8333333333,2.0714285714,3.1666666667,0.6991630901,0.3605746745
s180,1.8912552333,0.2711551829,1.1974992507,4.7,33.3333333333,0.2,19.15,0.33333333330000003,-0.6085028168000001,-1.0216610749,3.1899830976,0.3488119295,1.3440105682,-2.3077790579,0.8237517123,-0.850167556261836,-3.04206313488921,-10.024972933422205,-7.9049920013669634,4.2,3.1785714286,3.8333333333,2.0,2.75,2.2,2.0,47.0,2.5305440149000002,0.3110023717,1.3756076998,0.6666666667000001,0.1666666667,5.375,0.1541666667,3.0,-0.0145,-1.875,8.875,0.21914357680000002,2.0,-0.0157959698,-3.1175482788,2.0,-0.0502158861,1.0346702518,9.3,7.7,2.4168141666,0.4544666643,2.2782350111,-0.4055167108,0.47222222220000004,2.1666666667,5.1666666667,0.5108256237859907,5.1666666667,4.5,4.6666666667,3.8333333333,5.0,5.1666666667,3.3333333333,2.0,3.8333333333,5.0,6.5,6.8333333333,-1.2903505832,-0.5923794367,-0.09204657470000001,3.1862650416,2.2258868203,0.21803104610000001,1.7036464179,66.6666666667,0.0,18.5185185185,5.1666666667,4.25,4.25,3.875,3.125,3.1428571429,4.75,37.0,-1.0170844173,3.9312389163,27.0,212.0,7.6113128603,0.3752535483,7.0,1.9333333333,0.928125,0.0016134798,1.0,0.0022306074,0.6388888889000001,-5.553730190361736,-4.625581180301964,-3.664674886451777,3.0,-0.9390141291,1.7429549892,0.3697510664,2.4058702394,-0.12566395190000001,5.1333333333,389.1666666667,1.9952019502,0.2994871196,1.1691376078,27.0,4.0,1.0986122886681098,7.296931245832999,0.4194510882,16.0,1.6239077921,0.5315568028000001,1.9369180281,-0.20012932600000002,0.25,0.5833333333,0.5833333333,0.3483066942917451,126.0,0.5,0.7000000000000001,0.8,0.8,2.4197887818,0.4785689027,1.6945659398,-0.36624731800000004,0.5147783251,0.0840468312,-0.0001447427,8.3734750955,0.5814648795,0.2281641289,2.6033920184,0.27601880230000003,1.805213887,-0.3398299817,299.0,7.9,6.2,403.0,2.1587219547,0.3337130843,0.18294731821443155,290.3333333333,270.3333333333,2.347692313,0.3326232127,1.3922449382,-20.0,25.3974255833,2.6015578859,0.4187291709,1.9932866137,-1.4737038933,2.5,6.0,5.0,3.0,5.5,50.0,-1.8164889614000002,-0.3748398585,1.5375627262,0.3199090341,1.7020709051,0.4908637954,-0.1029898543,3.8461538462,3.6,2.1111111111,2.7777777778,2.9333333333000002,1416.4722222222,11.0,9.0,3205.1666666667,0.1770760498,-0.3391675518,0.0728934051,1.9,2.1818181818,1.5833333333000001,1.1428571429,3.3333333333,0.8862317843,0.4694341227
s182,1.122305822,0.1135943594,1.7450208093000001,2.4,4.8333333333,0.0,6.1111111111,0.1,-0.7558375068000001,-1.4516913396,2.7436460171,0.3584246049,1.4768814869,-1.6562537071999999,0.2437517123,-1.377056341325762,-2.5810857003912577,-7.034873678872428,-5.624871918393513,4.4666666667,3.3214285714000003,5.0666666667,1.75,1.75,2.8,2.5714285714000003,31.0,2.3525784586,0.3499253056,1.3088465805,0.5,0.5,8.75,0.1,2.0,-0.0003333333,-2.6666666667000003,10.2916666667,0.2737745098,3.0,-0.0057156863,-2.1764705882,1.0909090909,0.0396142197,0.8255619321000001,7.8,6.9,1.871741722,0.43166456410000004,2.6759525813,-0.400792356,0.3622222222239999,3.3333333333,5.1666666667,0.847297860372918,2.6666666667000003,3.8333333333,4.8333333333,5.8333333333,5.0,4.6666666667,4.1666666667,2.1666666667,3.0,3.0,2.5,3.3333333333,-3.3651955285,1.6856240964,0.1910395678,4.9380558016,2.3389481736,0.23773773850000002,1.7638348252,33.3333333333,88.8888888889,88.8888888889,6.0,6.5,2.375,2.5,3.875,3.5714285714000003,4.0,39.0,-1.070541321,3.8243251091,16.0,265.0,0.0331595576,-0.6040336065,3.0,1.1333333333,0.6593782425,0.0015476052000000001,0.9247695923,0.0027608135,0.6388888889000001,-3.664674886451777,-2.748384152235016,-2.748384152235016,2.0,-1.0735338447,1.8688447828,0.4064432888,1.8743397072999999,-0.0820783234,3.4,332.1666666667,2.1792752448,0.3599952963,1.1786298302,46.5,33.0,1.0986122886681098,17.8936581569,0.4398745989,14.0,1.5008354985999999,0.6129605764,1.7884758362,-0.4258700012,0.0833333333,0.5,0.25,0.5596157879354227,88.0,0.30000000000000004,0.6000000000000001,1.0,0.30000000000000004,2.4568622905,0.43156622600000005,1.4015426198,0.3181164085,0.6029411765,0.1214692877,0.0031932882,8.5075155471,0.4633011831,0.2193011931,2.0534196516,0.2875409815,1.4311377493,-0.7958908757000001,361.0,6.6,6.6,321.5,2.8007601886,0.3578209965,0.07751548666205607,313.0,344.6666666667,2.3506466368,0.34643756000000003,1.2114744047000001,31.6666666667,14.3564301552,1.5223910034,0.42004829,1.8072814992000001,-0.48298963500000003,5.5,3.5,4.5,2.0,5.0,47.0,-0.3637126831,-0.10384037930000001,1.191626783,0.3408450859,1.8920112524000001,-0.5216054185,-0.42745207360000004,2.8461538462,2.7,3.7777777778,3.0,2.5333333333,1710.7892857143,16.0,7.0,4005.5833333333,0.3629882125,-0.0228051778,0.314805318,2.8,1.9090909091000001,2.3333333333,1.5,2.25,0.2854970207,0.2103282445
s184,2.0422982042,0.3543006334,1.2127843279000001,2.7,31.2727272727,0.2666666667,16.1666666667,0.2,-0.2248272812,-0.1787949738,4.1940772933,0.35234950060000003,2.4496082118,-0.8191517129,0.2187517123,-1.830379267239011,-1.675758842986639,-7.086982069509101,-5.941329611358827,3.2666666667,3.3928571429,3.4333333333000002,2.5,2.75,3.4,2.8571428571,37.0,4.7388516295,0.21921673630000002,1.4725458928,0.5,0.33333333330000003,8.8333333333,0.09166666670000001,3.0,-0.0053333333000000005,-2.4166666667,9.8333333333,0.0416666667,1.0,-0.0021764706,-1.3406862744999999,1.8181818182,0.3048055528,0.6103417356,9.4,6.4,2.207910635,0.37402542580000003,1.8656083757,-0.0148323363,0.8055555556,3.8333333333,4.3333333333,0.7731898882488663,4.8333333333,4.5,4.3333333333,4.1666666667,4.8333333333,4.0,1.8333333333000001,1.5,3.1666666667,2.3333333333,4.1666666667,5.6666666667,-2.9930196849,-1.2344410463,0.0,5.3201349372,3.2082460139,0.17261237100000001,2.0433522887,66.6666666667,33.3333333333,7.4074074074,5.5,2.5,3.5,4.125,3.625,3.2857142857,3.375,46.0,-0.8308046694000001,3.7967503866000003,26.0,130.0,10.925098711,0.2565783653,8.0,1.5333333332999999,0.6199707031,0.0011679579,0.9946044922,0.0016021584000000001,0.5833333333,-6.449609932071972,-7.824046010856292,-5.553730190361736,3.0,-0.9807561502000001,1.856070515,0.3747635503,2.3639153032999998,-0.0678321767,4.3333333333,282.8333333333,3.0845651214,0.2734461651,1.6891911521,0.0,125.5,1.791759469228055,4.255438721741,0.5696514165000001,10.0,1.0267763824,0.4662946135,2.0267966425,0.5420567637,0.6666666667000001,0.33333333330000003,0.8333333333,0.08004270764276712,128.5,0.0,0.514,0.8,0.7000000000000001,3.4729826929,0.3612450714,1.376828946,-1.5006624881000001,0.4630541872,0.0197626909,0.0018025317,10.2739496646,0.8319464998,0.20571790180000002,3.3473141235,0.3062688923,1.4236833147,0.0748211595,264.5,5.9,6.1,261.0,3.9322781435,0.4631689526,1.1108797421918075,224.1666666667,240.5,2.9199025058,0.2932422606,2.2026103215,16.3333333333,46.4503896104,3.0659301923,0.3467764412,2.6772900816,-0.8739383194,6.0,5.5,7.0,6.0,6.0,36.0,-0.4926615849,0.43390059999999997,1.8883270541,0.3046427154,1.7056900795,0.0215319902,-0.6896435845000001,3.6923076923,3.4,4.1111111111,2.2222222222,2.6666666667000003,1507.0800865801,11.0,9.0,2793.75,-0.40795178530000004,-0.4328138024,0.4132379846,1.6,2.0909090909,2.3333333333,1.3571428571,3.0833333333,0.8649032587000001,0.6271043223
s187,1.0675169095,0.0214074099,1.5609224751,1.7000000000000002,29.2916666667,0.2,23.380952381,0.30000000000000004,-0.2235703733,-1.38791124,2.6484892923,0.40914822240000004,1.6649755437,-0.2048976355,0.3402773973,-1.0577078316919764,-2.0580286077021164,-7.826460924414236,-6.843596861324742,5.4,4.6785714286,4.5333333333,3.0,3.0,2.4,2.2857142857,38.0,4.2088077537,0.1805433435,2.3862633592,0.6666666667000001,0.33333333330000003,2.5833333333,-0.1166666667,0.0,-0.001,-0.0833333333,19.25,-0.028133393000000003,0.0,0.0011763653,-2.2587287377,1.5454545455000002,0.4986516681,0.460281994,8.6,7.1,1.7466166712,0.5441567316,1.9632968722,-0.8255966445,0.30555555560000003,3.8333333333,3.8333333333,1.0986122886681098,3.5,3.8333333333,3.1666666667,3.8333333333,3.0,3.8333333333,2.6666666667000003,3.8333333333,3.1666666667,3.1666666667,3.1666666667,4.5,-2.4175095189,-0.07274369850000001,-0.22829995860000002,3.5248410059,1.8354442355,0.0486016515,1.9774431361,72.2222222222,66.6666666667,48.1481481481,4.3333333333,5.0,2.625,2.75,2.625,3.2857142857,3.25,46.0,-0.9928100529,3.4727396196,23.0,114.0,59.8991114415,0.8568707964000001,6.0,1.4,0.6702904463,0.0009950182000000001,0.6368632793,0.001333067,0.6111111111,-1.8444397271102142,-4.609202534990781,-4.609202534990781,4.0,-1.1682744153,1.4869842237,0.4636905008,1.6671751951,-0.8066368958,2.9333333333000002,352.7233333333411,2.6986979145479997,0.30814710387399996,1.5498155043149993,16.905,72.105,2.302585092994046,6.9272826873,0.5489186771729999,7.0,2.1410729027,0.5443142855,1.7964692017,-0.7239291799,0.5,0.4166666667,0.33333333330000003,0.45953232935738747,93.0,0.5,0.6000000000000001,0.4,0.5,2.0002863699,0.4532695581,1.7176697268,-1.1747633442,0.349009901,-0.0043294713,-0.0005912229000000001,0.0839129129,0.0010797670000000001,0.0289658339,3.0729693807,0.31127507660000003,1.7100428474,-0.7310004016,393.5,5.9,5.2,331.209999999998,2.753091822616999,0.335774830606,0.46160811480593805,290.946666666669,318.265000000001,2.610608194987999,0.304543016395,1.5698630658950004,18.687500000003002,20.292595515606003,2.1550602393,0.3548984771,1.7619066655000002,-1.1718453066,3.5,4.0,4.0,5.0,6.5,42.0,-0.6557863639,-0.3662859564,1.2786142287,0.3292444194,1.844959995,-0.4192751474,-0.44261847870000004,3.3846153846,3.4,3.1111111111,3.0,3.4666666667,2057.4092261905,11.0,7.0,3268.8333333333,-0.5349764379,-0.24519785300000002,-0.8552173281000001,2.4,2.1818181818,2.6666666667000003,2.5714285714000003,2.5,0.0609308181,0.1471841962
s190,1.260447109,0.343974002,1.6051012749,2.25,45.7894736842,0.36666666670000003,28.05,0.33333333330000003,-0.467029371,-0.7913226858,4.576318563,0.3733504948,1.9121193975000002,-1.5433999164,0.9687517123,-0.3129975388319746,-1.5805359957975844,-12.359503584433083,-9.280616924171635,3.2666666667,2.5357142857,3.2,2.0,1.5,3.8,4.0,62.0,3.8429066849,0.2776785232,1.4750362144,0.8333333333,0.1666666667,14.3333333333,0.0416666667,2.0,-0.0146666667,-3.9166666667000003,21.7083333333,-0.0287234043,1.0,-0.0104042553,-1.1843971631,1.2727272727,0.0721749854,1.1522684494,8.6,7.2,1.8590637306,0.5067260842,1.8418278576,-0.9790884239000001,0.9444444444000001,1.8333333333000001,3.0,0.4054651081081644,2.6666666667000003,3.1666666667,4.1666666667,4.1666666667,5.6666666667,5.1666666667,3.1666666667,1.3333333333000001,1.8333333333000001,1.1666666667,3.0,4.5,-1.1439966118,-1.4326773535,-0.5629734621,4.194188013,3.6032303882,0.2629191746,3.9442166472,44.4444444444,0.0,0.0,6.0,2.0,4.0,3.625,3.375,3.1428571429,2.625,47.0,-0.5402436899,4.8849203713,36.0,218.0,10.925098711,0.2565783653,8.0,1.3333333333000001,0.7796737671,0.0017317564,0.740009594,0.0019685525,0.6388888889000001,-8.511264302067358,-8.511264302067358,-5.553730190361736,5.0,-0.8741693149,1.2316222115,0.410832927,1.6137072401,-0.7190790541000001,5.2,202.8333333333,4.1951635753,0.2263971061,1.8791469307000002,1.0,133.5,0.6931471805599453,10.7521711801,0.4153165388,13.0,1.9471291044,0.4837399486,2.1470729031,0.0090801098,1.0,0.75,0.8333333333,0.0,144.0,0.1,0.5,0.4,0.6000000000000001,5.1215227538,0.3205906778,2.5993081648,-1.2576621958,0.4656862745,0.0707085702,0.0017162718,7.4428354497,0.5589736649,0.1450042507,5.1822100571,0.3172454382,1.8671893387,-1.0292899221,304.0,5.5,6.0,229.3333333333,6.1177030465,0.286174423,1.198274717680782,236.1666666667,200.5,5.0280240101,0.30932768990000004,2.7880995894,-35.6666666667,79.5108554161,2.7425258837,0.4471475923,1.7332730535,-1.8839781309,7.0,6.5,6.0,1.5,2.5,38.0,-0.3665511838,0.0975758655,2.1648978252,0.3934313813,1.5365802911,-0.6918127393,-0.7290592129,4.7692307692,3.3,3.4444444444,1.8888888889,2.0,1741.6407407407,14.0,8.0,3586.5,-0.37220256700000004,0.1501522545,-0.8336457653,1.1,1.0,1.0,1.0,2.0833333333,0.3240489579,0.2841157549
s192,1.867560841,0.30428040160000003,1.2035894055,4.25,30.4347826087,0.2333333333,23.6842105263,0.36666666670000003,-0.2165516057,-0.7570746999,2.5004004742,0.37864684400000004,1.411461573,-2.0545773471,0.6485933219000001,-1.9643897817189624,-2.8312050883522932,-8.532074368937627,-4.757558498031489,2.8666666667,3.8214285714000003,3.6666666667000003,2.5,2.75,3.4,2.7142857143,45.0,5.0159784936,0.2526655986,2.1337112223,1.0,0.0,8.5833333333,0.075,3.0,-0.005,-2.5833333333,11.4166666667,0.1480595981,2.0,-0.0111157311,-3.29002079,1.3636363636,0.1732828492,1.1546471041,8.8,8.2,2.8558822947999998,0.34590131830000004,1.9096813709,-0.056422564200000004,0.4166666667,1.6666666667,2.8333333333,0.287682072426781,3.5,4.1666666667,4.1666666667,5.0,5.1666666667,3.8333333333,2.8333333333,2.0,2.1666666667,1.8333333333000001,4.1666666667,5.1666666667,-2.8213077789,1.2652906344,0.0,5.3201349372,4.1189165532,0.2429667403,2.4988420435,27.7777777778,22.2222222222,18.5185185185,5.1666666667,3.5,4.0,3.625,4.125,3.2857142857,3.25,52.0,-0.9437793146000001,3.5708010963,22.0,239.0,25.7627506452,0.3968411315,9.0,1.4,0.7634371758,0.0013707299,0.9810546875,0.0016632216,0.6111111111,-6.449609932071972,-6.449609932071972,-5.553730190361736,2.0,-0.0438914694,1.70754015,0.4977343074,2.0000324009,-0.5981584859,4.0,371.6666666667,2.8584729529,0.36779055400000005,1.1511556329000001,25.0,44.0,0.0,1.3232656803,0.4121364892,16.0,2.0034762028,0.3708065574,2.2058929526,-0.5298112596,0.5,0.33333333330000003,0.33333333330000003,0.5596157879354227,122.0,0.0,0.2,0.5,0.4,4.7355641708,0.3622526071,2.9331073852,-1.7395956031000002,0.5574572127,0.0812443139,0.0022965047000000002,7.8519283977,0.47154097370000003,0.24783746820000002,4.2095967078,0.2898813625,1.7996180148,-0.0687112217,371.5,6.6,8.0,323.6666666667,4.1786758101,0.3622122132,0.459639302877624,292.1666666667,317.1666666667,3.8925725241,0.3731144154,1.5535528633,25.0,18.1015059509,3.3094215475,0.40238453300000004,1.4227277662,-0.4570027535,6.0,6.0,6.5,2.0,5.0,34.0,-0.3989090239,0.6957532957,2.1200611001,0.4174177486,1.5071907957000001,-0.8558429285,-1.3930064014,3.8461538462,2.4,4.0,2.4444444444,2.8666666667,1731.2575757576,2.0,10.0,4395.25,1.2380908618,-0.2561066224,0.46379352490000003,1.7000000000000002,1.4545454545,1.9166666667,1.8571428571,2.4166666667,0.6821344260000001,0.1837460093
s196,0.9981705930000001,0.020837998400000002,2.4029375288,2.4,23.9523809524,0.30000000000000004,24.2380952381,0.30000000000000004,-0.5471841899000001,-0.2385099629,3.1900649165,0.418410681,1.8697267100000001,-0.6886733628,0.0431857877,-3.222950896706341,-3.4355123398130023,-2.251856435583955,-2.625523351465831,2.9333333333000002,3.8928571429,4.4333333333,3.75,3.0,4.0,3.0,48.0,4.2632151023,0.2570470844,2.2806488019,0.1666666667,0.33333333330000003,23.7916666667,0.0291666667,1.0,0.0005,-2.125,8.4583333333,-0.0821377769,2.0,0.001140825,-1.464336517,1.8181818182,0.0213804493,0.8521740909000001,8.4,3.7,1.2092552446,0.3763021643,1.980366166,-0.5981432783,0.32027777777200006,1.3333333333000001,4.0,0.287682072426781,3.6666666667000003,6.8333333333,5.5,4.6666666667,6.5,5.1666666667,4.5,1.6666666667,2.1666666667,2.5,2.6666666667000003,6.5,-0.5744422475000001,-0.8982466135,-0.7534139427000001,2.4843807076,1.7071521922000001,0.0661319305,2.2367072547,61.1111111111,0.0,7.4074074074,5.6666666667,2.0,4.375,3.75,4.125,2.2857142857,3.625,41.0,-1.1652624446,3.6348828618,31.0,143.06,3.8949392741,0.12337298840000001,4.0,1.8,0.789855957,0.0020313076,0.6861545563,0.0021725449,0.4166666667,-2.748384152235016,-2.067339257049917,-1.8444397271102142,2.0,-0.5698636587,1.6756371674000001,0.43733497990000003,2.2555856501,-0.4958505265,5.3333333333,292.5,2.7696330097,0.4282273634,1.6987309928,34.0,86.5,1.9459101490553132,1.0275169589,0.45798196300000005,7.0,1.0675862835,0.6148005221,2.2154307821,-0.441810174,0.6666666667000001,0.33333333330000003,0.5,0.15415067985582961,120.0,0.0,0.7000000000000001,0.6000000000000001,0.9,1.5813029379999999,0.4098902125,2.1427524184,-0.467076425,0.3289124668,-0.0013811987,-1.04849e-05,0.3827751106,0.0019504834000000002,0.1237161802,1.5524727331000001,0.3467216695,1.6064553332,-0.16013916790000002,372.0,5.3,3.9,318.3333333333,2.6809919749,0.4229585402,0.551179552299651,370.0,438.0,1.524287201,0.3951147192,2.0214351438,68.0,-42.8543506753,1.4081468708,0.3218445786,2.3055082815,-0.10621681250000001,4.5,6.5,5.0,6.0,6.0,33.0,-0.27740471157599983,-0.13260004929700003,1.2372228520539998,0.21418413563800012,1.9304869104910003,-0.317527207857,-0.3320850977240001,3.6923076923,2.4,4.6666666667,3.0,3.7333333333,2136.7875,21.0,6.0,2349.25,-0.9012118616,-0.0001903417,-0.8142223293,1.9,2.0,2.5,2.5,3.0,0.8509879333,0.39907054080000004
s198,1.3057830477,0.0216091651,3.2363856386,2.95,30.380952381,0.30000000000000004,17.7894736842,0.36666666670000003,-0.0462412601,-0.5422054767,2.8413387116,0.37916641700000003,2.0372560446,-1.2078879742,0.5376044521000001,-1.3106342673303946,-2.9487866017962476,-8.185202410103578,-4.77872171613471,3.9333333333000002,3.4642857143,3.6333333333,3.0,2.75,2.8,2.4285714286,52.0,3.6705063528,0.2838622769,1.6433570524999999,0.1666666667,0.6666666667000001,13.0416666667,-0.0291666667,2.0,-0.0048333333,-4.2083333333,13.25,-0.009015025000000001,2.0,-0.008818864800000001,-2.5603088481,1.7272727273,-0.25181058500000003,0.9899721448000001,8.7,7.1,1.6164579221,0.4022221932,2.0276426504,-0.1581731035,0.3458333333350001,3.6666666667000003,5.0,0.9162907318741551,2.6666666667000003,4.0,4.6666666667,4.0,4.5,4.8333333333,3.6666666667000003,2.3333333333,3.5,3.1666666667,4.6666666667,4.8333333333,-0.9422255810000001,-0.558593719,-0.9092231175000001,3.5016887022,2.4660393672,0.051015928700000004,2.6454888257,33.3333333333,33.3333333333,33.3333333333,5.0,3.0,4.0,3.625,3.875,3.1428571429,3.0,43.0,-0.7458764829000001,2.9788724795,32.0,205.0,46.0626954627,0.8291899447000001,10.0,2.0,0.8478149414,0.0012702534,0.8307193756,0.001451805,0.6944444444,-2.748384152235016,-2.748384152235016,-2.748384152235016,2.0,-0.2927080043,1.6382299907,0.23051525020000002,2.8902661432,-0.10555352130000001,4.3333333333,250.0,2.6375436239,0.3476010214,1.961371095,125.5,4.5,1.0986122886681098,32.4333490849,0.5797334268000001,7.0,1.0479638255000001,0.5252811801,1.9823019617000002,-0.2490804579,1.0,0.5608333333249996,0.5,0.15415067985582961,120.0,0.1,0.6000000000000001,0.8,1.0,2.3879342618,0.46682975130000004,1.661415398,-1.3274451146000001,0.5359801489,0.0879638006,0.0005954386,7.3319859808,0.5625728022,0.21736080870000002,3.1939998355,0.2627594479,1.8195921009,0.1519722843,374.5,6.1,6.0,217.6666666667,2.5658496036000003,0.3997642198,0.4891834589672904,252.0,259.3333333333,3.0131690393,0.27645328140000003,3.4317638168,7.3333333333,142.232251816,1.9798437294000002,0.33879793610000003,1.9665023819,-1.1582963299,6.0,6.0,6.0,4.0,6.0,43.0,-0.38959494380000004,0.2615982046,1.516594432,0.36340044920000003,2.291194652,-0.3630033163,-0.43627293510000004,3.6923076923,3.2,4.0,2.2222222222,3.1333333333,2589.3055555556,11.0,8.0,4719.6666666667,-0.49710197580000004,-0.1671657055,-0.7856205475,2.1,2.1818181818,2.0,2.0,2.9166666667000003,0.8286238367000001,0.2890821664
s205,1.649436748,0.1922044444,1.3805227158,2.25,20.7692307692,0.1333333333,20.5238095238,0.30000000000000004,-0.46828139999999996,-1.1311282967,2.3817632076,0.3128858375,1.0605286079,-2.135367591,0.037568493200000004,-3.311780937666197,-3.3280010291931346,-3.5062062191659935,-3.507168433659368,3.4666666667,3.3214285714000003,4.2,2.75,2.0,3.0,2.5714285714000003,49.0,4.5315390826,0.260422572,1.2362387772,0.1666666667,0.5,6.125,-0.0125,1.0,-0.0018333333,-1.2083333333,6.625,0.07043058,3.0,-0.0030615114,-1.1335676626,1.1818181818,-0.1897827934,0.9062007038000001,8.2,8.8,1.4385194547,0.41839692900000003,1.7907688386,0.7652964387000001,0.31861111111100004,2.6666666667000003,3.0,0.6931471805599453,2.1666666667,3.5,3.1666666667,4.0,3.5,3.8333333333,2.8333333333,1.8333333333000001,1.5,2.0,1.6666666667,3.3333333333,0.3830308884,0.0051391232,-0.5629734621,4.194188013,3.4306404911,0.2530980903,1.8934030331,11.1111111111,33.3333333333,29.6296296296,6.0,3.0,4.625,3.75,5.0,2.8571428571,3.375,48.0,-1.4734436219,3.0185205071,32.0,218.0,10.925098711,0.2565783653,8.0,1.0666666667,0.6982427597,0.0014277796,0.8691467285000001,0.0019004939000000002,0.4444444444,-2.748384152235016,-2.748384152235016,-2.748384152235016,2.0,-0.5169087719000001,1.7440025162000001,0.3753223772,2.0759736859,-0.15909979500000002,4.8,300.1666666667,2.8998651762,0.30337467160000003,0.9965315307,9.0,20.0,0.6931471805599453,-0.5773982337,0.39284709300000004,8.0,1.7539650164,0.5402905382000001,1.6306450361,-1.1674719279,0.5833333333,0.8333333333,1.0,0.15415067985582961,120.0,0.1,0.30000000000000004,0.7000000000000001,0.1,2.9704542331,0.40539379540000003,1.1905000318,-1.7720792705,0.36764705880000004,0.0238029562,-0.0019292410000000002,10.6110251751,0.7205405241,0.1603043885,3.1015371692,0.270565602,1.3474716875000001,-1.6829885157,289.5,6.0,6.3,295.3333333333,2.6874720376,0.3077579337,-0.034459826309555304,253.5,278.0,3.622590591,0.3354730548,1.1522576492,24.5,9.3741735327,3.1823043921,0.3462697093,1.4388583229,-1.0007536734,6.0,6.0,5.0,2.0,4.0,40.0,-0.7805460004,-0.7932971764000001,2.2067343415,0.3052240366,1.5060501879000001,-0.0282348698,-0.16515981740000002,3.9230769231,2.3,3.8888888889,2.1111111111,2.6666666667000003,1434.9576719577,22.0,5.0,4671.3636363636,-0.5837496361,0.4940330632,-0.3096906971,2.0,2.0,2.0,2.0,2.1666666667,0.8701703568,0.2105628914
s206,1.8796845242,0.1213485016,1.5924238511,2.5,30.625,0.2,24.0952380952,0.30000000000000004,-0.8561156672,-0.5655464274,2.0472634587,0.385490694,1.3091180433,0.1642201349,0.9687585616000001,-0.7195509309919973,-3.3912640044180455,-10.694128495181904,-7.426613746488629,2.3333333333,2.2857142857,2.5666666666999998,4.0,1.5,3.8,2.4285714286,63.0,1.8275396496,0.2337597704,1.6250200937,0.33333333330000003,0.5,19.4583333333,-0.054166666700000005,1.0,-0.0015,-4.7916666667,12.9583333333,0.120273003,2.0,0.0026127401,-1.6617795753,1.1818181818,0.0639561175,0.8852018667,9.4,9.0,2.1293152719,0.37517048010000004,1.3140287091,-0.27306496150000004,0.4166666667,2.6666666667000003,4.6666666667,0.1541506798558298,4.5,3.6666666667000003,4.6666666667,5.0,5.1666666667,4.3333333333,2.8333333333,1.1666666667,2.6666666667000003,3.0,3.5,6.0,-0.06823326340000001,0.0548558686,-0.4683283594,2.7109498368000002,1.9077878779000002,0.157314888,1.845184857,5.5555555556,44.4444444444,22.2222222222,6.5,2.25,4.5,5.0,4.625,3.4285714286,4.0,46.0,-0.7347402228000001,2.4369575517,38.0,159.0,1.2928725743,0.0438060331,4.0,1.1333333333,0.6314470052000001,0.0020358948,0.6483659267,0.0019453989,0.6944444444,-5.553730190361736,-5.553730190361736,-3.664674886451777,4.0,-1.2128888703,1.2716903461,0.3374876358,1.7894196386,-0.09744237060000001,4.9333333333,339.3333333333,2.3595529927,0.28440204350000003,1.4117646235999999,-11.0,66.0,0.6931471805599453,4.766065837156996,0.5531271643,12.0,1.4325215705,0.3716704494,1.9773992523000001,-0.5685551559,0.4166666667,0.8333333333,0.0833333333,0.22314355131420976,143.0,0.0,0.0,0.4,0.1,1.7229147404,0.0648906402,2.310936669,-1.1765739892,0.315403423,0.0012001865,-0.0031209343000000002,3.2877095282,0.8953643329000001,0.25884832890000004,2.3443416537,0.2516147331,1.3705658621,-0.5678727609,408.0,6.9,7.1,322.5,3.0972029999,0.34548681870000003,0.1701693109492977,249.5,261.3333333333,1.7687391092,0.1860337892,1.7903653838,11.8333333333,81.7890658631,2.392444864,0.2845286242,2.0703768208,-0.4240563285,6.0,7.0,5.5,6.5,4.0,19.0,-0.8086768617000001,0.483583768,1.7742608594,0.036179511000000004,2.2624150385,-0.41463625730000003,-0.1013121741,4.8461538462,2.0,4.3333333333,1.4444444444,1.5333333332999999,1547.4766666667,23.0,7.0,1886.3333333333,-0.10454998165500007,-0.11081604059400002,-0.11453978219099993,1.1,1.0,1.5,1.0,1.8333333333000001,0.8684091983000001,0.1543574589
s207,1.4363896314,0.2609151819,1.6870615722,2.45,32.5714285714,0.30000000000000004,21.0,0.4,-0.29036278600000004,-1.3071363103,3.2948071611,0.37921924970000004,1.5057679568,-1.7237777066,0.7237517123,-1.280972202317679,-3.197655656190087,-9.174601675551482,-7.192938077223234,2.4,3.1785714286,2.9666666667,2.25,1.0,3.6,4.0,64.0,4.9772986622,0.2944300468,1.8090601701,0.8333333333,0.1666666667,8.5833333333,-0.05,3.0,-0.0026666667,-2.25,9.2916666667,-0.0105472738,2.0,-0.005686747000000001,-2.8559322034,1.1818181818,0.0840212667,0.9545721282,8.3,7.5,2.3395901381,0.30727361400000003,2.0313378651,-0.47289934100000003,0.7222222222,2.0,1.8333333333000001,0.1541506798558298,2.3333333333,3.3333333333,6.3333333333,6.3333333333,6.8333333333,6.1666666667,3.3333333333,1.0,1.3333333333000001,1.0,1.1666666667,3.3333333333,-2.5615333098,-1.4812603725,0.0,5.3201349372,3.3523894046000002,0.2578510358,1.4036621918,22.2222222222,0.0,11.1111111111,4.6666666667,4.5,4.875,4.75,3.375,1.4285714286,4.375,38.0,-1.2494826612,3.4664424285,34.0,208.0,2.3916188301,0.3492235958,5.0,1.0,0.8503906250000001,0.0010587790000000001,0.7966796875000001,0.001099841,0.6666666667000001,-6.449609932071972,-5.537595558952301,-5.553730190361736,2.0,-1.0940202999,1.5745731721,0.3637560615,1.7311829206,-0.5936298268,5.2666666667,328.86000000000104,3.220611675243999,0.319816387301,1.4549980795530002,20.375,61.98,0.6931471805599453,-19.8218769837,0.4656012425,12.0,2.4727826223,0.40269919600000004,1.7902840382,-0.1844562063,0.9166666667000001,0.9166666667000001,0.75,0.08004270764276712,140.0,0.0,0.0,0.30000000000000004,0.0,3.4210815925,0.34615213300000003,1.6129846481999999,-1.0257118391,0.5098039216,0.0654625788,0.001053584,6.5843911175,0.389654785,0.20552423390000002,3.5350727317,0.3072275238,1.3019858402,-0.6252859536,331.5,5.7,6.0,304.6666666667,4.6123190279,0.3067993792,0.7142847377641098,291.5,295.5,3.655735241,0.3453795643,1.5044715631,4.0,30.4027350427,2.7160075008,0.3165891067,1.6156026517000002,-1.7400952455,7.0,7.0,6.0,1.0,2.0,43.0,-0.9304864061,0.7633523704,2.0844240041,0.3281001489,1.6227977117,-0.1477402211,-0.7411520834,4.5384615385,3.0,4.5555555556,1.5555555556,2.6666666667000003,2305.6,12.0,5.0,3997.6666666667,1.6680902433,-0.6626439559,1.0875163891,1.0,1.0,1.5833333333000001,1.2142857143,1.0,0.8262744822,0.3214494227
s209,1.1364711078,0.2076293865,1.728424302,2.2,20.0,0.2666666667,20.0,0.36666666670000003,-0.9639282343000001,-1.1739951085,3.0475886996,0.3618607868,1.4624857008,-2.1178039185,0.0408955479,-3.31968052292956,-3.453374268407747,-0.013659332677379326,-3.400603076296579,2.3333333333,2.5357142857,2.9333333333000002,2.75,2.25,3.4,1.7142857142999999,59.0,3.9266638992000003,0.24050176110000002,1.582739959,0.6666666667000001,0.1666666667,20.625,-0.0375,1.0,0.0025,-3.9583333333,21.0,0.067140825,2.0,-0.00022759600000000002,-0.8628327576,1.3636363636,0.3288367204,0.8809565522,8.8,8.1,2.2111901387,0.4530824205,1.7702870370000001,-0.19473942660000002,0.3102777777810002,1.1666666667,2.0,0.0,1.1666666667,3.5,5.5,6.0,7.0,6.3333333333,2.6666666667000003,1.0,1.6666666667,1.1666666667,1.3333333333000001,4.8333333333,-0.914646077,0.6967367343,0.1932209246,4.933693088,2.4321200302,0.1875909932,1.9059877909,22.2222222222,11.1111111111,7.4074074074,4.6666666667,3.5,5.0,4.375,4.5,4.1428571429,4.25,36.0,-1.2083775268,3.5486526974,37.0,132.0,46.0626954627,0.8291899447000001,10.0,1.0,0.6441612244,0.0010165266,0.8967743397,0.0015390017000000001,0.47222222220000004,-1.8444397271102142,-2.748384152235016,-1.8444397271102142,2.0,-1.1861829591,1.3610267927,0.3664450784,1.2278916461,-0.3989469705,5.5333333333,397.5,2.4344733004,0.3022716858,1.046872903,37.0,34.0,0.6931471805599453,2.6866504183,0.47317217510000004,10.0,1.6150261011,0.5050797206000001,2.0357022311,-0.32741391270000003,0.5833333333,0.8333333333,0.7366666666640002,0.08004270764276712,148.0,0.2,0.1,0.30000000000000004,0.0,3.4231387135,0.43836732170000003,2.3019533332,-2.6815451936,0.4852216749,0.0731061393,0.0032929767,6.0349157816,0.41866108690000003,0.2218465695,2.5397926688,0.3200163332,1.491391371,-0.6818782658,330.5,5.3,5.6,345.1666666667,2.4013217644,0.35053654440000004,-0.0673348053386638,253.5,270.3333333333,2.1575539804,0.32317943120000003,1.0809720296,16.8333333333,49.7040342519,1.8839891954999999,0.3733829017,1.3489700581,-1.5270259281,6.5,7.0,7.0,2.5,4.5,32.0,-0.6471401560000001,-0.210606966,1.0964908533,0.3043209374,1.4572848434,-0.8532894551,-0.5385150881,4.5384615385,2.8,2.6666666667000003,1.4444444444,2.0666666667,2051.1296296296,10.0,6.0,3779.0,0.522689521,-0.1094172499,0.3542918185,1.0,1.1818181818,1.3333333333000001,1.1428571429,1.1666666667,0.18165505340000002,0.2685640583
s212,1.5289220816,0.2846113456,1.2400689639,2.3,50.1578947368,0.36666666670000003,30.0666666667,0.5,0.0082851442,-0.5199465976000001,2.0139456932,0.15370808730000002,2.7055320836,-0.5599150626,0.5845667808,-2.0560929655605023,-3.1838376468137564,-8.312319930027016,-6.202603097671432,3.5333333333,3.8214285714000003,3.5,3.25,2.5,4.0,3.5714285714000003,47.0,3.4709399928,0.3051394984,1.31563831,0.8333333333,0.0,15.4166666667,-0.0416666667,1.0,-0.0016666667,-4.5833333333,21.2083333333,-0.059047619,0.0,0.0026619048,0.07619047620000001,1.1818181818,0.1656615764,0.4047636417,9.4,6.5,1.7862255908,0.38083481680000003,1.7809395947,-0.9321194288,0.30555555560000003,2.3333333333,2.0,0.6931471805599453,4.1666666667,5.6666666667,5.6666666667,6.1666666667,6.3333333333,4.6666666667,3.6666666667000003,2.3333333333,2.0,2.6666666667000003,3.3333333333,7.0,-1.5309377759,-1.0305255165,-0.9342144304000001,3.4517060764,2.4132112728,0.15717839490000002,2.1951387649,72.2222222222,0.0,25.9259259259,4.1666666667,2.75,3.375,4.5,4.875,2.5714285714000003,4.5,44.0,-1.070541321,3.8243251091,21.0,178.0,-31.6061405541,0.3994728374,2.0,1.4666666667000001,0.6711914539,0.0011709981,0.7082328796,0.0012866513,0.5277777778,-5.553730190361736,-3.6869826661541367,-4.625581180301964,1.0,-0.48064339970000003,1.574358098,0.07998651450000001,2.9541821074000003,-0.4340431487,4.5333333333,339.063333333335,2.832240473083999,0.31420533849599996,1.7095013286259997,37.63,97.255,1.0986122886681098,17.0662272217,0.544866680064,13.0,1.1087322429,0.4184884588,2.1346692976,-0.024132981,0.75,0.5,0.75,0.0,124.0,0.5,0.1,0.5,0.4,1.8679957374,0.0234992308,2.8733357706,-0.8525904128,0.5085995086,0.051982446700000004,0.0009509409,6.9938644142,0.5596758497000001,0.2041972964,3.1189251955,0.3456532075,1.5650060007,-0.8604999045,442.5,6.3,5.5,323.5,3.8954313152,0.1890686184,1.6339063032252283,313.1666666667,398.8333333333,2.6165887692,0.0997687969,4.065104642,85.6666666667,113.7705325298,2.2097101681,0.4058498135,1.6617730562,-1.1697214637,5.0,6.0,6.0,3.0,6.0,45.0,-0.30997442340000003,0.46302673580000003,2.0087886201,0.3825942963,2.3748497129,0.2035458186,-0.3346234637,4.0,4.0,2.3333333333,3.0,3.0666666667,2148.5444444444,1.0,11.0,3182.6666666667,-0.6025669695,0.1593593288,-0.3836232323,1.8,1.1818181818,1.6666666667,1.3571428571,2.6666666667000003,0.6393897312,0.3462195062
s216,0.9305724806000001,0.2586193247,1.5760352685,1.85,37.2727272727,0.2666666667,29.1666666667,0.4,-0.042393738,0.046195627,2.9457087985,0.3204668784,2.8920630806,-0.15902573420000002,0.0677842466,-3.4489461358872133,-3.423253916460579,-5.1656170816979206,0.5350280247881563,4.2,2.7857142857,4.1333333333,1.25,1.0,2.6,4.0,50.0,3.2481227336,0.2824456924,1.846382326,0.1666666667,0.33333333330000003,22.3333333333,-0.125,3.0,-0.006,-1.5,14.6666666667,0.1193894221,1.0,-0.0049111701,-2.5481927711,1.0,-0.1466283432,0.52207439,8.9,7.6,1.3341992867,0.6259660805,1.7597824824,-0.7965095603,0.366388888889,2.0,2.3333333333,0.0,2.0,2.3333333333,2.8333333333,4.5,3.5,5.0,3.0,1.8333333333000001,1.6666666667,2.6666666667000003,2.0,1.8333333333000001,-2.5617687724,-1.0479702446,0.3298219498,4.6604910377,2.2419156895,0.2898460144,2.5470119162,22.2222222222,66.6666666667,48.1481481481,5.0,6.75,4.25,1.75,3.0,1.7142857142999999,3.375,33.0,-0.8075379761,4.3503317988,32.0,210.0,25.7627506452,0.3968411315,9.0,1.0666666667,0.7559360028000001,0.0010841185,0.9956054688,0.0015832867,0.6944444444,-1.8444397271102142,-2.748384152235016,-2.748384152235016,1.0,-0.0379920527,1.1366595599,0.4350203185,2.1690496918,-0.3734823391,3.8,368.02500000000407,2.6698893819560006,0.32069643537700016,1.696571843547,6.98,72.18,0.6931471805599453,6.2825266275,0.7022104543000001,11.0,1.8328602556,0.5980004402,2.2522339834,-0.3514815202,0.5833333333,0.6233333333319998,0.9166666667000001,0.22314355131420976,128.0,0.1,0.4,0.30000000000000004,0.1,1.6478411593,0.4944279111,1.9684541201,-0.6428927084,0.3678474114,0.021166123800000002,0.00028482350000000003,1.0,0.0,0.1,2.1301209197,0.2947777253,1.4601976518,-0.6978093476,489.0,5.4,5.1,427.5,3.2430042175000002,0.40787690060000004,0.6543457882473909,370.6666666667,427.0,2.8424091238,0.351772423,2.169797314,56.3333333333,-9.3595202399,2.3441463553,0.3358318502,2.2863317661,-1.5792695291999999,6.5,6.5,1.5,1.0,2.0,66.0,0.0124572946,-0.6055939466,1.0096441519,0.3833341162,1.4831270579,-0.6128760208,0.0499266987,4.8461538462,4.6,3.4444444444,2.1111111111,1.8,3286.85,15.0,6.0,2406.5,-0.31879817380000003,0.1943876306,-0.6601256866,1.3,1.0,1.5833333333000001,1.0714285714,1.0833333333,0.5669820348,0.1454080428
s218,0.3874972981,0.033153661,1.606100415,1.45,44.9,0.33333333330000003,26.2941176471,0.4333333333,0.16133685,-1.0605027565,3.772210673,0.3940407761,2.287225274,-0.7730749597000001,0.5447859589,-3.0449009339440813,-3.3313487124745413,-6.825010901031633,-4.597687868472935,2.3333333333,2.8571428571,2.0,4.0,2.0,4.0,2.0,65.0,3.5108265501,0.2276937161,1.7098105883999999,0.5,0.33333333330000003,10.5,-0.15833333330000002,0.0,0.001,1.1666666667,18.375,-0.0736284289,1.0,-0.0034438903000000003,-2.6134663342,1.0909090909,0.1197006937,1.0650738007,6.9,5.6,1.099591243,0.250151159,2.4745662361000003,0.21038734420000002,0.2697222222200001,1.0,1.0,0.0,1.5,3.5,5.3333333333,6.6666666667,6.6666666667,6.1666666667,3.3333333333,1.0,1.0,1.0,1.8333333333000001,4.6666666667,-0.8930138056,-0.16814780640000002,-0.4910910221,2.6654245114,1.9244589621000001,0.1925691156,1.5566798138,77.7777777778,0.0,0.0,6.8333333333,1.0,5.0,4.5,3.875,4.0,4.875,52.0,-0.43384239960000004,3.6029406459,40.0,182.0,46.0626954627,0.8291899447000001,10.0,1.1333333333,0.7058198929,0.0011670106,0.8040802002,0.0009570606,0.4166666667,-3.664674886451777,-2.067339257049917,-1.8444397271102142,6.0,-0.3791930189,0.9105833213000001,0.0217882715,2.6802385842,-0.500050381,6.0,316.87500000000097,2.9109344068700005,0.31379202372500004,1.5868551853650001,22.415,78.835,1.3862943611198906,6.699236289668001,0.7505849901,7.0,1.1254672312,0.5812350958,1.8790998120000002,-0.5681871521,1.0,0.75,0.5833333333,0.28768207242678084,146.0,0.1,0.26899999999999996,0.7000000000000001,0.4,2.7202721585000003,0.4473009395,1.7954671916,-1.3627910428,0.4371859296,0.0652985529,0.0049703383,6.5252414509,0.6581154625,0.2270917321,3.4054079623,0.2908213767,2.0695016116,-0.7849732475000001,291.5,5.1,5.4,281.8333333333,2.47828342,0.3894512096,0.38571701186113994,234.3333333333,220.6666666667,2.6543457781,0.2953848531,1.7814359717000001,-13.6666666667,39.4386021264,1.8354683429,0.3253686826,1.9240873120000002,-1.5020455184000001,6.5,6.5,6.5,6.5,6.5,23.0,-0.7123101482,-0.1974766677,1.5563427316,0.1742782978,2.3249271833,-0.16627973570000001,-0.25582084380000003,4.9230769231,1.8,5.0,1.4444444444,2.2,2834.2666666667,0.0,7.0,5989.4166666667,-0.3562081228100001,0.016534133175999995,-0.38373276641100007,1.0,1.0909090909,1.3333333333000001,1.3571428571,1.9166666667,0.7013587874,0.5475496641
s226,1.211174675,0.0904340141,1.9026560341,2.25,27.3913043478,0.2333333333,13.0434782609,0.2333333333,-0.1853822535,-1.0113895525,3.0634593287,0.3100535967,1.5498085137,-1.5262798139,0.444119863,-2.6640660875142923,-2.199676210233731,-7.6913246649810665,-3.4807226434838907,4.8666666667000005,5.9642857143,6.6666666667,4.0,3.75,3.6,2.5714285714000003,34.0,5.0215183609,0.2563083698,1.0780091056,0.33333333330000003,0.0,18.125,-0.10416666670000001,1.0,-0.0008333333,-3.375,12.25,0.08672396360000001,2.0,-0.0042345804,-2.2672396360000002,2.0,0.1836701031,1.1327175258,10.7,11.1,2.1858168425,0.3554376493,2.2722706437,-0.0681050804,0.1388888889,2.0,3.5,0.287682072426781,4.1666666667,5.3333333333,4.5,4.8333333333,5.0,4.1666666667,3.1666666667,2.1666666667,1.0,3.8333333333,1.6666666667,6.3333333333,-3.9995289675,0.7525787438,0.0,5.3201349372,3.9259504768999998,0.0995029446,2.2787634013,27.7777777778,11.1111111111,62.962962963,5.8333333333,4.0,3.875,5.0,4.25,3.7142857143,4.0,49.0,-1.2494826612,3.4664424285,34.0,193.0,10.925098711,0.2565783653,8.0,1.9333333333,0.6781658173,0.0019998031,0.6860671043000001,0.0015988937000000001,0.5277777778,-3.664674886451777,-3.664674886451777,-2.748384152235016,1.0,-1.2138314707,1.9011091769,0.3778476489,2.0963889992,-0.3851024798,5.0666666667,275.3333333333,3.2248799836,0.2895045654,1.2999612773,-13.0,63.5,3.1780538303479458,37.7224485902,0.526053144,9.0,2.1977438715,0.4239762192,1.7935872349,-0.0392432956,0.5833333333,0.1666666667,0.6016666666650001,0.28768207242678084,114.5,0.5,0.5,0.8,0.7000000000000001,2.7487931547,0.3985024219,1.4119101212,-0.8960114381000001,0.512254902,0.0931815232,-0.0024456252,8.593636865,0.4599705343,0.2027618749,4.1832336168,0.2766901304,1.1916010903,-0.4255237254,289.5,6.8,5.9,224.6666666667,2.7096940309,0.3452883848,0.21176045136142438,222.3333333333,242.0,3.0003968002,0.2694025171,1.262730256,19.6666666667,19.9367798194,2.7510562994,0.3063169415,1.3748364493,-1.361220475,6.5,6.5,6.0,4.0,7.0,43.0,-1.4284425631,-0.3516936211,1.9347236802,0.31450934010000003,1.5218749531,-0.0385913612,-0.3221058672,2.3846153846,2.5,4.1111111111,3.0,4.6,1722.8661111111,23.0,5.0,3187.25,0.0904772801,-0.3880272171,-0.24541109130000002,1.7000000000000002,3.0909090909,3.1666666667,3.1428571429,3.4166666667,0.1546002102,0.1849692266
s233,0.5916720611,0.058922039100000004,2.0167755195,1.5,30.0,0.30000000000000004,14.7826086957,0.2333333333,-0.9294045368,-1.6876272627,2.9815886272,0.4493553417,1.6807718907,-0.1296878801,0.5812517123000001,-1.174214527482391,-2.420562925497103,-8.515801660045256,-7.147887575275343,4.2,4.2857142857,4.1666666667,3.25,1.0,3.8,3.8571428571,34.0,3.5736597316000003,0.3128689561,1.8814060075999999,0.33333333330000003,0.5,11.2916666667,0.1541666667,3.0,-0.0061666667,-3.9583333333,9.0,0.0323308271,2.0,-0.0065588972,-1.835839599,1.1818181818,0.21951639380000001,1.0276232224,7.0,7.9,2.115794885,0.5400027323000001,1.7027682251,-0.884596767,0.5833333333,2.0,2.1666666667,0.9162907318741551,1.0,4.6666666667,4.5,5.5,5.6666666667,6.5,3.3333333333,2.6666666667000003,1.1666666667,3.8333333333,1.0,6.0,-4.012849099,-1.3297634816000001,-0.36975253750000003,3.8077461637,2.1455337082,0.17904227490000002,1.7014828137,38.8888888889,33.3333333333,48.1481481481,2.1666666667,1.0,3.625,5.0,2.125,2.0,4.25,31.0,-0.9575666758,4.0502743994,19.0,184.0,25.7627506452,0.3968411315,9.0,1.0,0.8536293030000001,0.0007532918000000001,0.76015625,0.0010016749,0.47222222220000004,-6.449609932071972,-6.449609932071972,-6.449609932071972,2.0,-1.5288488287000002,0.8892544483,0.6426044467,1.9573805462,-0.15303344430000002,4.4666666667,324.3333333333,2.7619309244,0.3147918675,1.4051071065,6.0,104.5,1.791759469228055,8.2455533357,0.5437570274,13.0,1.3643560687,0.5893146728,1.7952151112,-0.39894510180000003,0.4166666667,0.8333333333,0.6633333333370001,0.5108256237859906,90.0,0.6000000000000001,0.4,0.6000000000000001,0.0,2.7538527175,0.4469155792,1.6513489574,-2.5663268899,0.44332493700000003,0.023098568,-0.0020338196000000003,1.0,0.0,0.1,1.6978985602,0.3032598622,1.5260836681,-1.1240076533,316.5,5.2,5.1,277.1666666667,4.7820404508,0.2943875049,1.291810205146427,262.3333333333,276.3333333333,2.9733202427,0.3328318611,1.5910537481,14.0,78.4452185859,2.3512259428,0.3900192173,2.0163512703,-1.151498743,2.5,5.5,1.0,1.5,5.5,58.0,-0.5150516705,-0.2494283415,1.9655481866,0.4076550256,1.8858401909,-0.2799733193,-0.0873806069,4.1538461538,4.1,2.3333333333,1.2222222222,2.2666666667,3239.75,-7.0,1.0,5199.6666666667,-0.4589514418,0.2152261476,-0.6853324749,2.6,1.0909090909,3.0,2.6428571429,1.0,0.15367503500000002,0.1206604148
s237,1.8029425549,0.2674252062,1.3421588045,2.6,50.0,0.33333333330000003,26.9375,0.4666666667,-0.8394062636,-0.7052203494,3.5889092217,0.34466201290000004,1.4519867861,-1.5233341667,0.5826044521,-0.9389864098787712,-3.10094059412741,-8.315417924399735,-6.330067323718551,3.4,3.5714285714000003,5.2666666667,2.75,3.0,3.4,2.5714285714000003,32.0,5.459786778,0.2780399034,1.1642254881,0.6666666667000001,0.1666666667,15.4166666667,-0.075,1.0,-0.0046666667000000005,-4.1666666667,18.2083333333,0.0462719298,1.0,-0.0042526316,-3.9631578947,1.8181818182,-0.1629333969,0.2830930537,7.9,6.2,2.9293897614,0.3898722026,1.4525393433,-0.8895750530000001,0.0833333333,2.5,3.5,0.287682072426781,4.1666666667,3.3333333333,4.5,5.8333333333,5.8333333333,5.6666666667,3.0,3.5,2.0,3.0,2.6666666667000003,5.3333333333,-4.3528109823,-0.5068852841,-0.5629734621,4.194188013,2.186359225,0.0861050141,1.6663426601,38.8888888889,22.2222222222,29.6296296296,5.6666666667,3.75,4.0,3.75,3.125,3.1428571429,4.0,45.0,-1.070541321,3.8243251091,29.0,202.0,7.6113128603,0.3752535483,7.0,1.3333333333000001,0.6521701813,0.0014960498,0.9,0.0026720918,0.8055555556,-1.8444397271102142,-3.664674886451777,-2.748384152235016,1.0,-0.7821275695000001,1.5809810316,0.4570795991,1.7166074284000001,-0.6836490888,4.9333333333,317.5,4.1089538728,0.3622906989,2.088181523,28.0,97.0,2.0794415416798357,-10.9815721815,0.29671985430000003,8.0,1.6349764954000001,0.3983448231,1.5101435128,-0.9541490141000001,0.5833333333,0.8333333333,0.6666666667000001,0.45953232935738747,106.0,0.4,0.30000000000000004,0.9,0.30000000000000004,3.1241299059,0.4129746157,1.3468737476000001,-1.7077079712,0.5640394089,0.093023771,-0.0019962679000000002,8.451873211,0.5787810297,0.1986612351,3.6207376104,0.2611585302,1.1961279339,-0.8641075339000001,296.5,5.9,5.7,253.6666666667,4.5848877611,0.3524703844,1.2521194511968048,208.0,260.3333333333,3.7617552512,0.30708739890000003,1.5652436862,52.3333333333,18.7487319547,3.3136653806,0.3632609493,2.2278217075,-1.5566494539,5.0,5.0,5.5,1.5,3.5,35.0,-0.2447378051,-0.4413338472,1.8926720058000002,0.1589156434,2.0752823297,-1.3052628549,-0.3220853574,3.4615384615,3.8,3.0,2.8888888889,3.6666666667000003,1608.4233333333,11.0,8.0,3668.4166666667,-0.2081316232,-0.195276958,-0.5420311607,2.1,2.0909090909,2.6666666667000003,2.0714285714,2.5,0.7086602965000001,0.2261390687
s238,1.2294813641,0.2664453518,1.1713909707,2.95,28.76,0.1666666667,18.45,0.33333333330000003,-0.1423973448,-0.9595486269000001,2.4615704926,0.3179650806,1.7853281102,-0.8265386064,0.0752568493,-3.2051857160073767,-2.142009402963675,-6.257756390425468,-1.0234894159288312,2.2,2.8214285714000003,2.8,3.0,2.25,3.0,2.5714285714000003,60.0,2.5677530172000003,0.2626066413,1.2720677041,0.1666666667,0.5,7.1666666667,2.116362641e-16,0.0,-0.0006666667,-0.0833333333,12.25,-0.058452381000000005,0.0,-0.0019952381,-0.2571428571,1.0909090909,-0.0786691888,0.5972515856,7.3,6.5,1.8685873909000001,0.4838535664,1.2341712976,-1.0637017774,0.3611111111,1.0,1.0,0.0,1.6666666667,2.6666666667000003,5.3333333333,6.1666666667,5.3333333333,5.3333333333,3.3333333333,1.0,1.0,1.3333333333000001,1.6666666667,5.0,-1.0959803714,0.30395667870000004,-0.1338036061,2.40274826,1.3993850579,0.024843531000000002,1.7749154702,61.1111111111,33.3333333333,29.6296296296,5.3333333333,2.0,4.375,4.125,4.25,3.1428571429,3.25,43.0,-0.5622446405,3.8597451277,30.0,172.0,25.7627506452,0.3968411315,9.0,1.1333333333,0.6941539764,0.0013771529,0.7544366837,0.0013347778000000002,0.4444444444,-1.3862943611198906,-3.664674886451777,-3.664674886451777,3.0,-1.4829180798000001,1.3004202051,0.4245150277,1.8234323472,-0.148892369,5.0,350.541666666671,2.576389419407,0.317617942836,1.4821412815160009,17.8,64.365,0.6931471805599453,-7.5007003602,0.6831988375,5.0,1.7203598342,0.46933832750000004,1.7172258020000002,-0.32010064320000003,0.75,0.8333333333,0.5,0.08004270764276712,138.0,0.30000000000000004,0.2,0.5,0.0,2.3058912489,0.1245181639,2.7982283225,-0.41605473460000003,0.5061124694,0.0692516086,-0.0007094849,7.2646752465,0.5808588334,0.19454945310000002,2.4771892752999998,0.2925126689,1.2718149103,-0.6761785906000001,405.5,5.2,5.8,336.45833333333604,2.7538046340999993,0.338145631486,0.4360131357573612,288.1666666667,359.1666666667,2.6583233984,0.3036159699,1.3308167128,71.0,-10.9616402831,2.1660362613,0.33557283800000004,1.8577874917,-1.0817573863,6.5,6.5,6.0,5.0,5.5,36.0,-0.3174953702,-0.3394179838,0.6018615003000001,0.1037241166,1.9556134869,-0.7169974297,-0.3298457343,4.3846153846,2.2,3.3333333333,3.0,2.6666666667000003,2505.8520833333,9.0,4.0,3217.6666666667,0.0626693053,-0.5966992971,-0.4677059085,1.0,1.5454545455000002,1.8333333333000001,2.0,1.6666666667,0.8131126275,0.8123341892
s244,1.1328565967,0.2763009983,1.180909191,1.7000000000000002,2.9310344828,0.033333333300000004,4.48,0.1666666667,-0.3034946481,-0.6467273044,3.99216292,0.3499871523,2.45452076,-0.8897307386000001,0.1681284247,-3.0722694310214966,-3.1253184257413724,-6.813076844141192,-4.459964418587969,4.1333333333,3.8571428571,4.6,2.0,2.25,2.8,4.0,38.0,3.8901841762,0.2821242848,1.4830400764,0.1666666667,0.5,3.9583333333,-0.0041666667,2.0,-0.006500000000000001,-2.2916666667,2.5416666667,0.0144047619,2.0,-0.0030904762,-1.1773809524,1.1818181818,0.0,1.0,8.6,6.4,1.9129294287,0.4165702054,2.1776174058,0.1428324491,0.5277777778,3.3333333333,2.0,0.847297860372918,3.1666666667,4.3333333333,5.1666666667,6.3333333333,6.1666666667,6.1666666667,3.5,2.6666666667000003,1.0,3.6666666667000003,1.6666666667,5.1666666667,-3.4332753651,-0.2204482918,0.3298219498,4.6604910377,3.2120849224,0.1867303293,2.0647711061,38.8888888889,100.0,51.8518518519,3.1666666667,4.0,2.875,4.0,2.125,2.5714285714000003,3.375,31.0,-1.4375347416,3.0903382679,24.0,138.0,25.7627506452,0.3968411315,9.0,1.0666666667,0.5,0.0012639232930000003,0.5505565405,0.0007289195,0.6944444444,-4.625581180301964,-4.625581180301964,-3.664674886451777,3.0,-1.3967283057,1.6838599740000002,0.33934341160000003,1.7966284808,-0.42909448380000004,3.8,357.5000000000051,2.9006131928929992,0.3118584301869999,1.5131207977650007,17.015,71.865,1.3862943611198906,-16.1029551657,0.3638410613,7.0,1.3849751777,0.4310241671,2.0216724811,-0.5036577365,0.6666666667000001,0.25,0.5,0.5596157879354227,92.0,0.6000000000000001,0.7000000000000001,0.7000000000000001,0.30000000000000004,3.2909776187,0.3806324759,1.8885255199,-1.8189258852,0.3790523691,0.048948718700000005,0.002666635,1.0,0.0,0.1,2.8995687945,0.33963416760000004,1.5479014494999999,-0.2933063134,388.0,5.9,6.0,353.5,2.9083477421,0.4059475346,0.11294419711517639,312.8333333333,310.6666666667,2.3635405284,0.4011698473,1.3086641725,-2.1666666667,14.7713243547,2.3867653358,0.3925460881,2.4332362693,-1.5203019870999999,2.5,5.0,1.5,1.0,5.0,55.0,0.1308384684,0.1274230535,1.9196791583000001,0.4080406902,1.5311393155,-0.5059105691,-0.6319803901000001,3.9230769231,3.7,2.4444444444,3.2222222222,2.1333333333,3705.0740740741,-2.0,9.0,3587.8333333333,-0.2328725539,0.3934046586,0.8720872405000001,2.0,2.0,2.4166666667,1.9285714286000002,1.5833333333000001,0.7683461259000001,0.4092556811
s254,1.3227059524,0.3161148534,1.4104414287,2.7,36.0,0.1666666667,25.2727272727,0.2666666667,-0.7424379968,-0.8263273459,3.2167183685,0.32276015410000003,2.0260149755,-1.6632388163,0.9155907534000001,-0.8547962226371613,-1.8385280478093005,-9.702821947996027,-7.353596387330793,4.4,3.4642857143,4.0666666667,4.0,2.75,4.0,4.0,35.0,4.9923891684,0.2463393878,2.1330611528,0.33333333330000003,0.5,5.875,-0.0125,2.0,-0.0055000000000000005,-1.7083333333000001,6.9583333333,0.0543478261,1.0,-0.0023304348,-1.5173913043,1.0,-0.2337008999,0.4589432621,8.3,7.6,1.8343179926,0.4342883133,2.1881277717,-0.0717637393,0.5,1.0,2.0,0.0,1.3333333333000001,3.0,5.8333333333,5.6666666667,7.0,7.0,3.5,1.3333333333000001,1.8333333333000001,1.0,1.0,3.3333333333,-3.1235505394,0.5490245192000001,0.0,5.3201349372,3.3575022833,0.1769893576,2.3569286289,72.2222222222,44.4444444444,59.2592592593,6.0,1.0,3.5,4.25,2.5,1.5714285714,4.375,48.0,-0.8075379761,4.3503317988,33.0,144.0,59.8991114415,0.8568707964000001,6.0,1.0,0.7218481064000001,0.0010297231,0.7191323757,0.0009127643,0.5277777778,-6.449609932071972,-6.449609932071972,-5.553730190361736,1.0,-1.7151224714,1.1046464508,0.5585577652,1.7177424244,0.009282731300000001,4.1333333333,321.23000000000405,3.2317476159909995,0.29836187658999996,1.5742080915819994,12.955,81.39,1.0986122886681098,-0.27693337500000004,0.6481304744,8.0,1.7580803366,0.6015851146,2.4414116747,-0.1895340713,0.6666666667000001,1.0,0.6666666667000001,0.08004270764276712,119.5,0.1,0.1,0.30000000000000004,0.0,2.7464627922,0.362758456,1.9766077149,-1.8758601829,0.3925925926,0.053142223200000005,0.0030837048000000003,8.3595687338,0.6277998819,0.174624483,3.3765510582,0.27652768850000004,1.7012692776,-1.3186649522,309.0,6.2,6.9,262.5,3.5928414235,0.33729633130000003,1.0101847779433528,238.8333333333,263.0,3.8676615721000003,0.3091832721,1.8472258411,24.1666666667,3.2464707577,3.4778896549000002,0.38876162940000003,2.2164734487,-1.5290506448999999,6.5,5.5,3.0,5.5,3.5,55.0,-0.37850747220000003,0.1848966384,1.592633792,0.2698517245,2.2449351501,-0.4088929214,-0.4017889233,4.3846153846,4.0,4.8888888889,2.5555555556,3.3333333333,4120.0,-14.0,5.0,8153.25,-0.2579001211,0.2941403358,0.8711996998,1.5,1.5454545455000002,3.0,2.3571428571,1.3333333333000001,0.9026181596,0.4646395862
s259,0.8984021559,0.0204235784,1.7910193943000001,1.9,24.0344827586,0.033333333300000004,0.8333333333,0.0,-0.9199557862000001,-0.7419552106,2.249614203,0.4039296766,1.3544117238,-0.6583089639,0.0313030822,-3.4632731841821456,-3.4141577171575435,3.274107844473008,3.2665116772436598,2.2,3.0,2.6666666667000003,4.0,3.0,3.2,2.1428571429,63.0,1.5550495127000001,0.3073749824,1.7059658790999999,0.8333333333,0.0,13.4166666667,0.0666666667,1.0,-3.4694469520000006e-18,-3.0833333333,20.4583333333,0.34075834180000003,1.0,-0.0010353893,-1.8924165824,2.0,-0.1620258433,0.5718815649,7.8,6.1,1.4848179478669996,0.42902223015299995,1.8905190135080006,-0.5295761084190002,0.34333333333499994,2.6666666667000003,4.0,0.7731898882488663,3.8333333333,4.6666666667,4.0,4.6666666667,5.5,4.3333333333,2.0,1.8333333333000001,3.3333333333,2.6666666667000003,4.5,7.0,-3.559253449,-2.8684758169,-0.5517869513,2.8778670206,1.781496732,0.33599888170000003,1.4809836654000001,27.7777777778,0.0,62.962962963,5.1666666667,1.5,5.0,5.0,5.0,4.8571428571,3.625,57.0,-1.2379163798000001,2.9825269658,40.0,166.02,10.925098711,0.2565783653,8.0,1.9333333333,0.8464805603000001,0.0023359549,0.74439888,0.0024269019000000003,0.47222222220000004,-1.3862943611198906,-1.3862943611198906,-1.3862943611198906,3.0,-1.2311235598999999,1.3640777059,0.40875917570000003,1.4010664004,-0.3871449159,5.2666666667,464.6666666667,2.092082046,0.3311408683,1.339324257,26.5,5.5,0.6931471805599453,5.687529419041998,0.5373145314000001,9.0,0.8435167738,0.5687775689,2.026704613,-0.42892354580000003,0.8333333333,0.5,0.8333333333,0.15415067985582961,150.0,0.2,0.7000000000000001,0.8,0.6000000000000001,1.7228916976000002,0.45453698740000004,1.6785131934000002,-0.2795528966,0.41102756890000003,0.0830593543,-0.0023980010000000003,6.7894180551000005,0.5384844924000001,0.1374486587,1.2109751797000001,0.32193382460000003,1.4285667867,0.0216264063,444.0,7.0,5.5,373.8333333333,1.9516352373,0.4090628403,0.10569081104429903,328.5,357.1666666667,1.7549313830000002,0.4112743294,1.0919437695,28.6666666667,36.3882705789,1.5434498412000002,0.3442451641,1.6146974482,-1.2269262236,7.0,6.0,7.0,4.0,7.0,42.0,-0.5471063994,0.0049451444,1.1848940612,0.3750507528,1.4822827429,-0.3663390548,-0.6611439202,4.7692307692,2.2,3.1111111111,1.0,2.8,1602.8345238095,17.0,7.0,4614.4166666667,-0.23975313127000006,-0.06385363775199998,-0.1981442259400001,1.3,1.1818181818,1.0,1.0,2.9166666667000003,0.8648830245,0.2645129041
s262,0.5505311393,0.039461025000000004,1.8222169357,1.35,24.125,0.2,26.5,0.33333333330000003,-0.6481995751,-1.0582564122,2.6757348766,0.4067822119,1.8031646944,-0.2569976862,0.9687585616000001,-0.5212940397637602,-1.1947574058456547,-10.694128495181904,-8.341914712301016,3.4,3.4642857143,4.5666666667,2.5,2.25,3.2,2.2857142857,49.0,3.3645006622,0.3624918092,2.0576357946,0.33333333330000003,0.33333333330000003,23.0416666667,0.0291666667,0.0,-0.0031666667,-0.875,24.875,0.115959328,0.0,-0.0022590628,-1.8209549072,1.3636363636,-0.34843608470000004,-0.2202393571,6.5,4.9,2.1613943296,0.5981331242,1.9298999593000001,-0.4073814087,0.5555555556,1.1666666667,2.3333333333,0.287682072426781,2.5,2.5,6.0,5.0,5.3333333333,4.8333333333,3.5,1.0,2.6666666667000003,1.6666666667,2.0,3.8333333333,-2.3067131534,0.4349808693,0.0660674611,2.9361061664,1.6193333548000002,0.2599122132,1.4911427063,61.1111111111,44.4444444444,33.3333333333,5.3333333333,4.5,3.875,3.75,3.375,3.0,2.75,44.0,-0.8893284577,4.1867508355,30.0,178.0,1.2928725743,0.0438060331,4.0,1.4,0.6656484127,0.0012089235,0.7388380051,0.0015502648,0.5555555556,-5.553730190361736,-5.553730190361736,-4.625581180301964,3.0,-0.4479230632,0.8939689474,0.0158273571,2.4378841041,0.0941874432,4.2666666667,356.8733333333401,2.592114925270999,0.33540262233499996,1.552346172382,20.79,80.005,1.0986122886681098,2.58523253449,0.8870609067,4.0,1.4916307742,0.4977979295,2.3293023053,-0.5077048941,0.8333333333,0.5833333333,0.75,0.3483066942917451,116.0,0.30000000000000004,0.3230000000000001,0.5555555556,0.1,2.3928866117,0.4438154367,1.9991536468,-0.7216142232,0.365914787,0.0591734634,-0.0027025482,7.2851922308,0.6763382463000001,0.0640033056,1.6451225953000002,0.36369188550000003,1.6871531802000002,-0.5646993201,406.0,5.3,4.2,349.463333333335,3.0802891403899997,0.3636516345529999,0.5615830381764099,318.875,339.695000000003,2.460364023594001,0.32882276185999987,1.7696206076500005,31.350833333337008,15.713722351950004,1.5436833362,0.5488813054,1.7870220366,-0.6044210264000001,5.0,5.5,5.5,4.5,4.0,33.0,-0.45207057970000003,0.2138323746,0.9148615162,0.1136109834,2.1971471678,0.3738856024,-0.1491260985,3.5384615385,2.9,3.8888888889,3.2222222222,3.0666666667,2077.4478571429,14.0,5.0,4281.5,-1.3177634599,0.0096601286,-0.6659421926,1.8,2.0909090909,1.9166666667,2.0,2.0,0.7957791412,0.1477808984
s265,1.1268751491,0.0809824208,1.3812308677,1.25,7.9310344828,0.033333333300000004,8.9565217391,0.2333333333,-0.2611947169,-0.4193184549,1.4414636677,0.11800543120000001,1.9310386878,-0.1397497621,0.4146780822,-1.9916690385535398,-2.4778562201810375,-7.579764449756314,-6.090874933281642,4.6,4.0714285714,4.5333333333,3.0,4.0,3.4,2.1428571429,34.0,1.8720154876000001,0.28837558280000003,1.2087686500000001,0.5,0.33333333330000003,5.6666666667,0.05,0.0,-0.0023333333,-0.6666666667000001,2.2916666667,0.068872549,2.0,-0.0005784314,-0.625,1.1818181818,0.154428206,0.7597624457000001,6.4,4.8,1.3510648339950004,0.3221155933009999,1.8224161070279998,-0.2689522395500001,0.7777777778,2.6666666667000003,5.0,0.6061358035521338,2.6666666667000003,4.5,4.5,2.6666666667000003,4.6666666667,5.8333333333,1.6666666667,2.8333333333,4.3333333333,3.5,2.0,6.5,-0.7511057994,-0.6721970276,-0.86621165,2.2391175063,1.545995487,0.0675081511,1.6440649623999999,61.1111111111,66.6666666667,48.1481481481,5.5,5.0,3.125,2.25,3.25,3.2857142857,3.875,49.0,-1.4013457528,3.1627162453,23.0,143.0,1.2928725743,0.0438060331,4.0,1.8666666667,0.6366159439,0.0013916901000000001,0.6491631031,0.0012598353,0.3888888889,-4.609202534990781,-4.625581180301964,-3.664674886451777,6.0,-1.8427922939,1.7607719472999999,0.4212668351,1.1754662402,-0.0901919691,4.5333333333,335.36000000000206,2.7761371304999996,0.293499548287,1.6798474220199997,16.69,60.12,2.3978952727983707,4.515668491814999,0.5560328680000001,6.0,0.6451599449000001,0.33692602380000003,1.5671669343999999,0.17427046910000002,0.1666666667,0.4883333333299999,0.33333333330000003,0.08004270764276712,112.5,0.35500000000000026,1.0,0.7777777778,0.6000000000000001,2.360704419853,0.295085206977,2.1915995588049992,-1.0557012036929998,0.2613333333,-0.006694488,-3.10603e-05,11.9427087021,0.20095604290000002,0.0059634562,1.8390030591,0.1178122149,1.3302317072,-1.1189747998,351.5,4.6,4.6,343.5,1.0584371906,0.21639508970000002,0.27416432738001534,255.3333333333,285.3333333333,2.2040643979,0.2957287453,1.3047559068,30.0,111.9173172261,1.7306980307000002,0.0643272458,2.3655060309,-0.1868449487,5.5,6.5,7.0,5.0,7.0,31.0,0.3153890754,0.1088097745,0.5990417344,0.0256703608,1.6541056239,-0.12380279740000001,-1.0353308544,3.1538461538,3.8,4.4444444444,2.7777777778,4.4666666667,1927.0732142857,13.0,8.0,2787.8333333333,-0.5261139485,-0.1066438256,-0.9105800492,2.0,1.9090909091000001,3.0,3.0,3.3333333333,0.1459329647,0.1762280762
s269,0.3142409496,0.0274961112,1.4584165409,1.4,42.2916666667,0.2,32.8571428571,0.5333333333,-0.4977631857,-1.0598130431,3.8934127518,0.38021888,1.9109337952,-0.6915789332000001,0.5763356164,-0.43294938133830524,-0.09843062557511911,-7.358268329613819,-8.65337265852577,4.2,4.2142857143,4.9333333333,4.0,4.0,3.8,3.5714285714000003,38.0,3.1925331384,0.26292304240000003,1.8846632794,0.33333333330000003,0.33333333330000003,10.9583333333,0.0625,2.0,-0.0011666667,-5.4583333333,18.7916666667,0.032898953200000004,1.0,0.0032095706,-2.3047425764,1.7272727273,-0.35989808170000004,0.8171151287,10.3,7.6,1.4027022935,0.6370295020000001,1.8744480692,1.0743470163,0.8333333333,2.8333333333,2.1666666667,0.5108256237859907,3.1666666667,4.5,3.8333333333,3.6666666667000003,4.8333333333,4.0,2.3333333333,3.6666666667000003,2.6666666667000003,4.3333333333,4.1666666667,5.3333333333,-2.8432505269,0.11737651110000001,0.3346735035,4.6507879302,1.8817513793,0.1557803602,1.9926015804000001,16.6666666667,22.2222222222,33.3333333333,6.0,4.25,3.375,3.625,3.375,3.1428571429,3.5,49.0,-0.7020170633,2.8911536404,30.0,111.0,46.0626954627,0.8291899447000001,10.0,1.8666666667,0.868359375,0.0013624227,1.0,0.0015003037000000002,0.7222222222,-6.449609932071972,-7.824046010856292,-6.459815398943087,2.0,-0.7646093065,0.8274903011,0.3216350402,1.2646343951999999,0.0512011974,3.6666666667000003,350.493333333339,2.865421795828999,0.315191565598,1.5672081873889996,27.975,65.145,2.772588722239781,6.9294007010059975,0.7685818999,8.0,1.2850759378,0.6593685556000001,1.7928632816,0.0519764496,0.5833333333,0.33333333330000003,0.5833333333,0.22314355131420976,127.5,0.6000000000000001,1.0,0.7000000000000001,0.9,2.9657881364,0.22130806520000001,3.3948358434,-0.6623402846,0.39356435640000004,0.0462009533,0.0003129004,2.229442785,0.0992021631,0.37147715330000003,2.9240497846,0.3356315181,1.5551442048,0.1678173342,346.0,5.8,5.5,325.611666666667,3.0396023586950007,0.3298277145130001,0.5393726592055471,366.0,375.1666666667,3.005192139,0.3159373616,1.6147369142999999,9.1666666667,-3.417843389,2.192003513,0.275443763,2.7609667379,-0.6562739144,3.0,7.0,6.0,4.0,4.0,31.0,-0.4388157982,-0.5131210271000001,0.8276403911,0.052597014500000004,2.1927608578,-0.4039569109,-0.7013424512,4.3076923077,3.2,4.2222222222,3.4444444444,4.3333333333,2203.130952381,6.0,9.0,5238.0833333333,-0.6630671616,0.1940003701,-0.4275501823,1.4,2.0,3.5,3.3571428571,3.8333333333,0.6494265071,0.2838196365
s273,0.6366887019,0.0284252758,2.3795716566,2.0,26.0869565217,0.2333333333,18.0,0.1666666667,-0.4483158519,-0.0391772759,3.7035221943,0.4309448216,1.7561319248,-1.3904690306,0.9062585616000001,-0.9435400668768263,-2.019210228257832,-8.895681468480221,-6.208856868495895,2.6666666667000003,3.2142857143,2.7333333333,3.5,2.0,3.8,2.1428571429,57.0,7.5514841566,0.3584502794,2.3376399976,1.0,0.0,8.25,0.2416666667,3.0,-0.0093333333,-2.75,4.75,0.0434397163,2.0,-0.0031489362000000003,-1.5656028369000001,1.0,-0.2226028941,0.8641001367000001,7.3,6.7,3.1801119683,0.500722698,2.2608915993,-0.3370183875,0.47222222220000004,2.3333333333,2.6666666667000003,0.4054651081081644,1.8333333333000001,4.0,3.0,5.0,5.8333333333,5.8333333333,3.6666666667000003,2.8333333333,3.1666666667,2.8333333333,1.6666666667,5.0,-3.9344083851000002,0.6791489694,0.0,5.3201349372,5.6362910692,0.159359893,3.8338557396,33.3333333333,22.2222222222,37.037037037,4.8333333333,2.25,4.875,4.0,4.125,4.0,4.375,48.0,-0.8075379761,4.3503317988,36.0,195.0,7.6113128603,0.3752535483,7.0,1.2,0.8952316284,0.0008099794,0.9872558594,0.0008041923,0.6666666667000001,-5.553730190361736,-5.553730190361736,-4.625581180301964,3.0,-0.6640276918,2.4096583806,0.5124398821,1.8173335168,-0.3746575472,5.3333333333,495.5,4.6397037562,0.4191367882,1.7299111316,46.0,64.5,1.0986122886681098,-11.6236670906,0.453987744,14.0,2.0861529561,0.5465675965,2.1381175276,-0.3011895088,1.0,0.8333333333,0.9166666667000001,0.08004270764276712,130.0,0.0,0.4,0.7000000000000001,0.0,3.7737789537,0.47166505280000004,1.6719099059,-1.2937138084,0.49014778330000003,0.0656336537,0.0018813818000000002,6.5861445663,0.3192785253,0.18930498380000002,4.3378834994,0.4065575366,1.3440421079,-1.4934195457000001,402.0,6.5,6.1,389.8333333333,4.2612681262,0.52866289,0.5955124518941604,408.1666666667,439.0,3.9052957918,0.41000418510000003,1.3207956087000001,30.8333333333,49.0032722833,3.8457949558999998,0.44160441570000003,2.2100053046,-1.099045556,6.5,5.0,7.0,2.5,4.5,39.0,-1.0969052069,-0.42606395140000003,1.8967507811000002,0.4267926065,1.9198109438,-0.4253849924,-0.1726680927,4.7692307692,3.6,4.3333333333,1.8888888889,2.4,2156.2691358025,22.0,6.0,3390.0833333333,1.5143962433,-0.4167005042,0.8793967631,1.1,1.1818181818,1.8333333333000001,1.0714285714,1.5,0.8691521709000001,0.4239400457
s275,0.8207315167,0.0382586826,1.3535103803,1.6,38.3913043478,0.2333333333,19.7272727273,0.2666666667,-0.45587993600000004,-0.8717210283,2.1917955257,0.3713847518,1.6142391129,-0.146662079,0.5187517123000001,-3.1593597937820492,-3.2523936536232156,-7.569369296953658,-5.424620477685606,2.5333333333,3.5,4.1333333333,4.0,2.75,4.0,1.5714285714,58.0,2.6872470349,0.2727200407,1.2344982452,0.1666666667,0.8333333333,14.5,-0.1,1.0,-0.0056666667000000006,0.6666666667000001,15.3333333333,-0.021446384000000002,0.0,-0.0032269327000000003,-0.2167497922,1.0909090909,-0.0568516509,0.1314137343,9.5,8.8,1.564151597371,0.4296823637109999,1.8703808702019997,-0.3963281585930001,0.38138888888700007,4.5,5.5,1.1526795099489118,2.5,4.5,4.1666666667,4.6666666667,4.0,5.6666666667,5.1666666667,1.6666666667,4.6666666667,3.8333333333,1.5,5.0,-2.3113451699,0.45450172640000003,0.4650754888,2.0003166078,0.6825193427,0.049315385,1.3282266065,61.1111111111,11.1111111111,11.1111111111,5.8333333333,3.75,5.0,4.25,4.5,3.0,4.625,52.0,-0.6529863250000001,2.9892151171,33.0,94.0,0.0331595576,-0.6040336065,3.0,1.0666666667,0.6054178953,0.0024307599,0.627158308,0.0022356119,0.5,-1.3862943611198906,-1.3862943611198906,-2.067339257049917,6.0,-0.44085050610000004,1.2577276222,0.0722578542,2.5124784653,0.095124156,5.7333333333,400.0,2.1025054177,0.0755606697,2.1047347532,64.5,8.0,0.0,7.466078658502998,0.5508902684,1.0,0.8113558501,0.3203421508,2.0534580999,-0.0041677398000000004,0.5833333333,0.6666666667000001,0.5983333333299999,0.1849083606094621,149.0,0.30000000000000004,0.4,0.6666666667000001,0.0,2.042785576,0.38296117350000003,1.5457659272000002,-0.9791293656000001,0.37623762380000003,0.051296159200000004,0.0019712282000000003,1.0,0.0,0.1,2.6392625189,0.32223934660000003,1.3868418973,-0.8905489853,341.5,3.6,4.3,414.0,3.1492624471,0.3088759567,0.2749255004665712,374.3333333333,412.5,2.9929273102,0.33641126920000003,1.2266159079,38.1666666667,16.7669660679,1.5656839233,0.4010031921,1.4860470695,-0.1152206773,6.5,6.5,6.5,5.5,6.5,60.0,0.5271576412,0.24799633000000001,1.1060213748,0.38392108350000004,1.4760796871,-0.9453071598,-0.9238566482,4.1538461538,2.6,4.0,1.8888888889,3.0666666667,1591.545,17.0,7.0,4103.9166666667,-0.9713814817,0.07535331840000001,-0.8568364767000001,1.0,1.1818181818,1.0,1.1428571429,1.6666666667,0.1468583208,0.32182275930000004
s277,1.0661298077,0.35565287700000003,1.5248925856,1.75,38.3333333333,0.4,29.1428571429,0.5333333333,-0.8720066777000001,-0.7668519508,3.6222776517,0.3101431994,1.8153650687,-0.7730797665,0.9687517123,-0.03174693078065851,-1.4264744383797885,-12.48684530968102,-12.345265749724453,3.2,2.9285714286,4.1666666667,2.75,2.5,3.0,3.1428571429,44.0,3.8409649307000002,0.0171967048,3.4127676017,0.5,0.33333333330000003,14.8333333333,-0.033333333300000004,0.0,0.0016666667,1.1666666667,23.75,0.0385221778,1.0,0.0001606054,-3.5368929998,1.4545454545,3.330669074e-16,-3.0531133179999997e-16,8.6,7.8,1.469336887,0.5345503025,1.5735719451999999,0.5496400747,0.3875000000029999,1.5,2.5,0.0,2.8333333333,3.0,6.6666666667,7.0,6.5,6.3333333333,4.8333333333,1.0,1.0,3.3333333333,2.8333333333,3.5,-0.659294068,0.22543127170000002,0.4847229195,4.3506890982,2.6416688004999997,0.2710346875,1.4964349829,55.5555555556,0.0,7.4074074074,3.1666666667,4.0,3.75,3.625,3.25,2.5714285714000003,2.875,51.0,-0.8005189753,3.0881574643,39.0,106.0,27.5716565685,0.42925480380000003,9.0,1.2,0.6149285316,0.0013204310000000002,0.5483540773,0.0016292839000000001,0.5555555556,-1.3862943611198906,-1.3862943611198906,-2.748384152235016,2.0,-1.439985638,2.2906715878,0.4404673918,1.4479882622,-0.4368401485,4.9333333333,326.6666666667,2.6820231316000003,0.3186624752,1.134079711,34.0,11.5,1.3862943611198906,18.4355740835,0.40670605590000003,10.0,1.3870993952,0.48922605890000004,1.7866873978000002,-0.44025930220000004,0.6441666666609998,0.33333333330000003,0.6391666666660001,0.21098644926600418,130.0,0.5,0.5,0.8,0.4,3.3065236461,0.42755351080000004,1.2732925389,-1.2984701732000001,0.43488943490000004,0.0310281258,-0.0008647006,3.3291521497,0.5945789256,0.2977908877,2.9672056444,0.3150070285,0.9812215558,-1.9215786217000002,347.0,6.0,5.9,260.5,4.4590989084,0.32596252810000004,0.7126560229898907,278.5,321.6666666667,2.9568067303000003,0.31957878100000003,1.0897478924,43.1666666667,-22.076897019,2.0946195273,0.3443214553,1.5356023447,-0.6037341392000001,6.5,6.0,5.0,3.5,5.5,36.0,0.5512781033,0.015390585600000001,1.0356845034,0.35847863700000004,1.2922449085,-0.9010592633000001,-0.7108205745,3.6153846154,3.9,3.4444444444,3.5555555556,3.7333333333,1337.5518037518,40.0,6.0,2897.8333333333,-0.36406925519600003,-0.10957467197600002,-0.283153691283,1.7000000000000002,2.0909090909,2.0,2.5714285714000003,2.5,0.1621720448,0.3957061676
s284,1.4169101964,0.2851313539,1.6654103454,2.6,38.1904761905,0.30000000000000004,22.6111111111,0.4,-0.4558710788,-0.4892502831,3.5325890887,0.2700083948,2.2141724343,-2.1227124521,0.9062585616000001,-0.7107986302067762,-0.8329821563419783,-9.304447775406102,-7.969246364619039,4.2,3.0714285714,4.0,2.0,2.5,2.6,3.0,42.0,3.8073168335,0.2890140987,1.7372235957000002,0.6666666667000001,0.33333333330000003,18.4583333333,0.0625,1.0,-0.0038333333,-4.125,20.5833333333,0.0915024631,1.0,-0.0024137931,-4.8435960591,1.0909090909,-0.0205639177,0.2481450074,6.6,6.9,3.015718923,0.4745383879,2.3515785871,-0.0292512334,0.7222222222,1.8333333333000001,2.8333333333,0.4054651081081644,2.3333333333,2.6666666667000003,2.6666666667000003,2.3333333333,2.8333333333,3.3333333333,2.1666666667,3.0,3.3333333333,2.8333333333,2.3333333333,4.3333333333,-2.2133150928,1.342771686,0.0,5.3201349372,4.2424410288,0.1661642657,2.7523054008,27.7777777778,22.2222222222,33.3333333333,5.1666666667,4.25,3.5,3.0,3.125,2.8571428571,2.5,37.0,-1.0385004382,3.3813588491,22.0,230.0,1.2928725743,0.0438060331,4.0,1.0666666667,0.8100778580000001,0.0019598366,1.0,0.0020872956,0.5,-7.365900695568905,-6.449609932071972,-5.553730190361736,1.0,-1.4820889032,1.671475568,0.5099960169000001,1.4016549243,-0.2544068114,4.2666666667,335.94166666667616,3.2840041347890003,0.321440226599,1.504904709301,18.15,63.115,0.0,-19.4668082309,0.7064388444,16.0,1.7198385200000001,0.5848709811,1.7562934756000002,-0.5274547499,0.6666666667000001,0.4166666667,0.5833333333,0.3483066942917451,94.0,0.2,0.4,0.5,0.2,4.509419671,0.4666961443,1.8560579437,-1.8314805448,0.5541871921,0.051688362200000004,-0.0029915075,7.5799243822,0.44549442650000004,0.1726960261,3.5171632135,0.3317392757,1.5444534672999999,-0.37942391670000003,322.5,7.2,5.7,291.8333333333,5.6369334934,0.3749456514,0.7346472474731457,297.8333333333,304.0,3.2497641514,0.3873288731,1.3988865263,6.1666666667,-9.3836206897,3.2726822094,0.4058716936,3.0355406726,-1.0827242673,5.0,4.5,5.0,2.0,4.0,49.0,-0.4477466993,0.1661711885,1.340899522,0.4227212209,1.7832598494,-0.3559795833,-0.8886235434,3.7692307692,3.6,3.0,2.4444444444,2.8,1481.0241046832,15.0,8.0,3100.6666666667,1.6787082427,-0.6699615516,0.5557892182,2.2,1.4545454545,2.0,2.0714285714,2.4166666667,0.8471010189,0.1901238455
s285,0.5332604744,0.2821570567,1.5590538801,1.45,21.875,0.2,13.9583333333,0.2,-0.8634597253,-1.0329457572,3.9361909875,0.5215152239,2.0376947435,-0.2032083117,0.0898818493,-3.4531036965399564,-3.3459700548377818,-5.705903692849596,0.9749081936236161,4.3333333333,3.3214285714000003,4.2,2.0,2.0,3.4,2.7142857143,49.0,3.2732115386,0.3328500453,1.5715140077,0.5,0.33333333330000003,4.2083333333,0.0125,1.0,-0.0038333333,-1.875,4.7083333333,0.14283720930000002,3.0,-0.0063488372000000005,-2.0125581395,1.3636363636,-0.3695475427,0.7312925967,6.7,4.8,1.040196656,0.47302474120000004,1.9726081517,-0.7843761991,0.3238888888930002,1.0,1.8333333333000001,0.287682072426781,1.0,4.0,5.3333333333,5.5,5.3333333333,6.8333333333,3.3333333333,1.1666666667,1.8333333333000001,1.3333333333000001,1.0,4.3333333333,-2.4190259956,-1.8884628888,-0.8864604548,3.5472140276,2.4151286006,0.2521819092,1.6941305795,27.7777777778,55.5555555556,11.1111111111,4.3333333333,3.5,3.625,3.375,4.75,2.7142857143,2.625,41.0,-0.2927955376,3.3208469219,22.0,128.0,57.9526365305,0.8535643773,6.0,1.1333333333,0.860736084,0.00176516,0.9984375,0.0016453483000000001,0.4444444444,-2.067339257049917,-2.748384152235016,-1.3862943611198906,4.0,-0.8095644485779999,1.4486188186090008,0.43699835724399994,1.9532000671240002,-0.31141785778399994,4.5333333333,378.1666666667,1.9599140064,0.31858879500000004,1.6791975167,5.5,311.0,1.0986122886681098,10.9660062986,0.7289525998,5.0,1.1065496247,0.6026317713,2.3987048132,-0.413157107,0.5833333333,0.33333333330000003,0.75,0.5596157879354227,116.0,0.0,0.5,0.5,0.2,2.9368450046000003,0.4764538693,2.5594407424,-0.6265645746,0.3979591837,0.09568228940000001,-0.0029173215000000002,9.1679509868,0.6370971514,0.1838174012,2.747079181,0.2910940729,1.7703456705,-0.6285778189,368.5,6.0,5.2,254.3333333333,2.5485225683,0.404770493,0.6252352484510386,343.0,425.8333333333,1.5234441078,0.3817321933,1.8521969677,82.8333333333,11.8298223008,2.2069796951,0.5844128592,2.0178873713,-1.1113736293,6.0,6.0,4.0,1.0,4.5,42.0,0.14940566400000002,0.0480980591,0.8374144927,0.2090453931,1.8637609427,-0.6515887476000001,-0.6206835953000001,3.7692307692,2.2,2.3333333333,2.3333333333,2.5333333333,3522.2666666667,4.0,8.0,3634.0,-0.5373079103,0.36300564080000003,-0.4784486953,2.8,1.8181818182,1.9166666667,1.1428571429,1.4166666667,0.1785826093,0.32035653270000003
s286,0.7271802975,0.15952923060000002,1.6117122568000002,1.7000000000000002,30.774219699067995,0.266666666665,23.354657089397993,0.30033333333099993,-0.9865849115,-0.2035928487,3.4819870758,0.45965792580000003,2.2388015982000002,-0.40364286250000003,0.5283707192,-0.4693216699928155,-1.1929380217691399,-8.219096910570599,-9.985728507920038,2.8666666667,2.6428571429,2.1666666667,3.5,1.75,3.8,3.8571428571,64.0,2.2484594545,0.33068706870000003,1.4770679412,0.5,0.1666666667,9.2916666667,0.0625,1.0,0.0011666667,-4.0416666667,5.375,0.1244135058,2.0,0.0015536067000000001,-2.0833150625,1.3636363636,-0.006407782000000001,0.8924830799000001,7.9,6.7,0.9401168543,0.16815017240000002,2.4673575476,-0.5609714019,0.30555555560000003,3.1666666667,2.8333333333,0.5108256237859907,3.0,3.6666666667000003,5.6666666667,4.1666666667,5.1666666667,4.5,4.5,2.6666666667000003,3.6666666667000003,2.1666666667,3.6666666667000003,5.0,-1.1936596297,0.3229453635,0.4902031417,4.3397286539,1.590608402,0.20345814580000002,2.1394596396,16.6666666667,0.0,3.7037037037,6.5,3.0,4.125,3.75,4.0,4.1428571429,4.0,46.0,-1.2890129854999999,3.38738178,37.0,112.0,10.925098711,0.2565783653,8.0,1.7333333333,0.7183218002,0.0018236276,0.8291753769,0.0018624389,0.4166666667,-5.553730190361736,-4.625581180301964,-2.067339257049917,2.0,-1.5213763974,1.4420498679,0.6475618167,1.594107344,-0.07578541130000001,4.9333333333,313.3333333333,1.5341354904,0.426500771,1.4237255722,8.5,51.0,1.0986122886681098,6.025638714467998,0.5635854124,3.0,1.0615235247,0.7561223705,1.6775702157999999,0.2689617914,0.6666666667000001,0.5833333333,0.5833333333,0.0,143.0,0.4,0.30000000000000004,0.5,0.5,2.1581414431,0.49589059230000004,1.6191279271,-1.0335899626,0.37064676620000003,0.044950336800000004,-0.0036616194,1.0,0.0,0.1,2.1447781736,0.2790609893,1.7480767518,-0.0292692566,367.0,5.1,4.6,288.1666666667,2.1474925946,0.4685120137,0.4479091066603702,280.1666666667,284.8333333333,1.7146197433,0.3978238624,1.5464448093,4.6666666667,148.7908249158,2.0269864017,0.39805408750000004,1.7495056888,-1.4060503056,6.5,6.5,6.0,2.0,5.5,20.0,0.1300920908,-0.29933958720000003,0.4611995077,0.0992233668,1.7114342036,0.0574863264,0.0971756367,5.0,3.0,3.2222222222,1.6666666667,2.3333333333,3077.45,3.0,6.0,3319.5833333333,-0.63554111,-0.38428441620000003,-0.8070364137,1.2,1.2727272727,1.6666666667,1.2142857143,3.25,0.7316597906000001,0.2299413867
s291,0.8326026939000001,0.0284702902,2.180585485,1.7000000000000002,34.5454545455,0.2666666667,26.0,0.33333333330000003,0.2699784415,-0.9755226950000001,1.7701992434,0.2436077261,2.0986854615,-0.1757227211,0.9360933219,-0.9394331766519881,-0.8989631296330349,-11.16996716554808,-5.624271382111104,2.8666666667,3.3214285714000003,3.2333333333,2.5,3.0,3.0,2.5714285714000003,56.0,1.8126334046,0.2163285842,1.9716541659,0.6666666667000001,0.0,11.7916666667,0.1958333333,2.0,-0.0221666667,-0.2916666667,10.7083333333,-0.0529632721,1.0,-0.0009933222000000001,-1.3522537563,1.5454545455000002,0.27367413420000003,0.9840053149,10.0,9.1,0.7364412068,0.1877060228,2.3127653247,-0.4041578791,0.39388888889199997,1.5,2.6666666667000003,0.6931471805599453,2.3333333333,3.1666666667,3.5,3.8333333333,3.6666666667000003,3.8333333333,4.1666666667,2.0,2.8333333333,2.5,1.6666666667,3.3333333333,-0.3790786244,-1.608713625,-1.2882078674,2.7437192025,1.635964911,0.1221631539,2.2830313808,66.6666666667,55.5555555556,40.7407407407,4.1666666667,3.75,3.5,3.5,2.75,3.0,3.125,53.0,-0.9630841912,3.0580660263,37.0,198.0,25.7627506452,0.3968411315,9.0,1.3333333333000001,0.7657501221,0.0021077299,0.84140625,0.0017344138,0.5555555556,-2.92008656560793,-1.8444397271102142,-1.3862943611198906,3.0,-0.9286016140000001,1.3188222559,0.48439975830000004,1.8807295872,0.0254797178,4.2,349.1116666666731,2.791111482770999,0.3265439169760001,1.4376024321939997,25.02,68.78,1.6094379124341003,6.322567474985,0.43190622240000004,9.0,0.8957127548,0.7590084085000001,1.9687387307000002,0.030864286100000003,0.25,0.6666666667000001,0.5,0.5596157879354227,92.0,0.5,0.30000000000000004,0.8,0.7000000000000001,2.0661530794,0.3870777381,2.1316596381,-1.5373499661999999,0.45363408520000004,0.0646258614,0.0038451333000000002,7.4751341590000004,0.7072925800000001,0.3121754608,1.8191000309,0.3009744313,1.7936323775,-0.3538708552,398.0,5.5,5.8,398.8333333333,1.8473784739,0.37021894310000003,0.2305782112914549,300.8333333333,291.3333333333,2.3449133507,0.3599679818,1.3726697479,-9.5,42.1340427909,2.2339854698,0.4124333435,1.6596432316,-0.5163220325,5.0,6.0,7.0,6.5,6.0,36.0,-0.6863459852,0.1210725716,1.2190672454,0.1779419432,2.1315595395,-0.0215051936,-0.47178511040000004,3.0769230769,3.6,3.5555555556,2.7777777778,2.7333333333,2261.9083333333,0.0,7.0,5296.5,-0.4637752018819999,0.0019736924730000033,-0.3038532686230002,2.0,2.7272727273,2.4166666667,2.5714285714000003,2.8333333333,0.7413259635,0.3824006311
s294,1.6318764541,0.251981872,1.3133511407,2.4,20.7692307692,0.1333333333,19.1304347826,0.2333333333,-0.5236594726,-1.029971021,3.3668718327000002,0.3297865229,1.434759771,-1.6013261814000002,0.0557671233,-2.9894166431992097,-3.345095462215921,-5.1921992219635,-4.612604371192342,4.9333333333,3.1785714286,4.4333333333,2.5,2.75,3.8,4.0,40.0,3.3171475554,0.2800308097,1.2922246417,0.33333333330000003,0.5,11.375,0.0291666667,2.0,-0.0051666667,-2.7083333333,8.1666666667,0.0154613466,2.0,-0.0074447215,-2.2443890274,1.0,-0.21490619100000002,0.32436947860000004,7.7,7.2,3.1951727951,0.3950816292,1.8614290687000001,-0.348353523,0.1944444444,1.6666666667,2.5,0.0,2.8333333333,3.1666666667,5.5,5.5,5.6666666667,5.6666666667,3.5,2.3333333333,1.0,1.6666666667,1.3333333333000001,3.8333333333,-0.8211482133,-0.1183036071,0.0,5.3201349372,4.1424252613,0.24680823470000002,1.8990871407,22.2222222222,77.7777777778,62.962962963,5.3333333333,3.0,2.25,1.875,3.0,2.7142857143,2.75,45.0,-1.070541321,3.8243251091,19.0,204.0,10.925098711,0.2565783653,8.0,1.0,0.6834051132,0.0010698211000000001,0.8033329010000001,0.0013413533,0.5,-2.748384152235016,-2.748384152235016,-3.664674886451777,2.0,-1.8217261647,1.8357318331,0.34631752390000003,1.7392949745,-0.0440848111,3.2,447.5,2.5813102525,0.2676285409,1.5435115592000002,15.5,100.0,1.0986122886681098,55.7420331365,0.549861669,16.0,2.713348765,0.42718278260000003,1.7040026689,-0.43099508900000005,0.6666666667000001,0.75,1.0,0.5108256237859906,111.0,0.1,0.30000000000000004,0.5,0.0,4.0960284615,0.367301986,2.0758371193,-2.795279004,0.5356265356000001,0.12796347730000002,0.0011973482,6.7757609216,0.3796000021,0.2081279331,3.6261179991,0.2765931693,1.4341739299,-0.4018987486,314.5,6.9,6.3,370.5,3.3490434155,0.3028281886,0.22868032115583237,231.1666666667,277.8333333333,2.5547006447,0.3308095958,1.3650910204,46.6666666667,27.3748515322,2.7265193184000003,0.3068221216,1.9766619054,-1.3667711836,6.0,4.0,2.0,2.0,4.0,61.0,-0.4735317949,-1.3391895723,1.6022398209,0.346199666,1.6390937326000001,-0.13883904160000002,0.1549709379,4.5384615385,4.0,2.7777777778,2.2222222222,3.0,1770.3833333333,12.0,9.0,2657.5,1.1399896271,-0.038020208800000004,1.8350538091000002,2.2,1.8181818182,3.0833333333,2.2142857143,1.6666666667,0.8789544226,0.2959266278
s295,1.104390464,0.1890915364,1.3554089177,1.75,26.6111111111,0.4,28.9473684211,0.36666666670000003,-0.45594828070000004,-0.6300576199,2.920182411,0.4976098168,1.387663102,-0.1347478509,0.5862517123000001,-0.5303209352585097,-2.430593604840104,-8.322986295916802,-6.8720353981360605,3.2,2.8214285714000003,3.9666666667,4.0,2.5,3.6,2.7142857143,44.0,2.1859748475,0.122883557,2.3758882204000003,0.1666666667,0.33333333330000003,21.5,0.0833333333,1.0,-1.0755285549999999e-16,-5.5833333333,18.0833333333,0.0063829787,1.0,-0.005312056700000001,-3.0053191489,1.3636363636,-0.3828980598,0.5911812006,6.3,6.3,1.3907927432229998,0.42282473480199967,1.83983328442,-0.4934986054380001,0.1944444444,1.5,2.6666666667000003,0.287682072426781,2.5,5.0,4.3333333333,5.1666666667,4.6666666667,4.0,2.0,2.6666666667000003,2.1666666667,3.3333333333,3.1666666667,6.0,-1.2641272017,-1.0389816775,-0.7137922814000001,3.1108270299,2.4332214763,0.1499750138,2.2090775266,77.7777777778,11.1111111111,37.037037037,3.1666666667,3.75,4.5,3.5,3.0,2.2857142857,2.75,54.0,-0.4034552521,1.7743876103,30.0,115.0,7.6113128603,0.3752535483,7.0,1.2,0.6798643112,0.0010439034,0.733621645,0.0013386825,0.3611111111,-2.92008656560793,-2.748384152235016,-1.8444397271102142,3.0,-1.3691901855,1.0229968792,0.3144673107,1.6629957265000002,-0.1582738427,4.8,345.453333333334,2.605078227432999,0.3183106618270002,1.6272970925150003,16.885,69.395,1.0986122886681098,-7.2746878854,0.7323256851000001,4.0,0.5019903951,0.1576161517,1.85661816,-0.6790587344,0.8333333333,0.5899999999969997,0.5299999999949998,0.08004270764276712,139.0,0.7000000000000001,0.30000000000000004,0.8,0.2,2.1941847693,0.3509726888,1.947138839,-0.72567253,0.3974683544,0.0470123823,-0.0019368295,2.5056222093000002,0.3525390036,0.16073861750000001,2.2846088414,0.3656536919,1.1693481860000001,-1.3279553425000001,393.0,5.4,5.5,373.1666666667,1.9309820287,0.3621537033,0.3296520356198172,285.3333333333,339.5,1.438273396,0.2325585537,1.8407355823,54.1666666667,39.6307037334,1.7083510218,0.394926635,1.5160858387,-0.0125996215,3.0,4.0,4.0,2.0,6.5,37.0,0.10685088320000001,-0.2658786534,0.5182001228,0.011931594700000001,1.8200606381000002,-0.1795533721,-0.11584561530000001,3.6923076923,3.9,3.5555555556,1.6666666667,2.9333333333000002,2316.9444444444,2.0,7.0,5464.8181818182,-0.4048911423280001,0.032811395662,-0.3708823003460001,1.9,2.0909090909,2.8333333333,1.7857142857000001,2.3333333333,0.5797782957000001,0.23767757080000002
s301,1.0041355275,0.2452484123,1.0663529375,1.55,39.2777777778,0.4,34.5294117647,0.4333333333,-0.8010268903000001,-0.8828184173,3.4308854653,0.4192133488,1.4167223932000002,-1.4796819942,0.43043835620000004,-0.8872515818614551,-2.3043846562371226,-7.598891882108172,-7.477047937164488,3.2666666667,3.0714285714,2.9333333333000002,3.25,2.5,4.0,3.8571428571,50.0,6.2260386953,0.18535924210000002,2.3382296350000003,0.33333333330000003,0.1666666667,6.9166666667,0.2583333333,2.0,-0.003,-2.4166666667,5.9583333333,0.2341206785,2.0,-0.007237706700000001,-1.3093193043,1.7272727273,0.14494053240000002,0.7693977723000001,6.9,4.4,2.4173322792,0.4341469892,1.3268454849,0.15196160420000002,0.1388888889,1.1666666667,2.3333333333,0.0,4.0,4.0,6.6666666667,5.0,6.0,5.0,3.6666666667000003,1.1666666667,1.5,1.1666666667,2.8333333333,3.8333333333,-3.2141195371,-1.1646200475,-0.7548590441,3.810416849,2.8062362892,0.08053737080000001,2.0716280687,55.5555555556,44.4444444444,37.037037037,5.1666666667,2.75,3.875,4.5,2.375,3.7142857143,5.0,45.0,-1.1652624446,3.6348828618,34.0,176.0,10.925098711,0.2565783653,8.0,1.4,0.7610870361000001,0.0016434696,0.9550781250000001,0.00169859,0.6666666667000001,-3.664674886451777,-3.664674886451777,-3.664674886451777,3.0,-1.3956970469,2.0773895609,0.4343124112,1.2701306348,-0.490923145,4.3333333333,285.1666666667,3.7437467268,0.3514828354,1.5113697113,22.0,93.0,1.3862943611198906,1.6731860186,0.44106408690000004,12.0,1.5248347929000001,0.4753762622,1.2877050602,-1.0933773072,0.6666666667000001,0.6666666667000001,0.6774999999989997,0.0,142.0,0.0,0.1,0.6000000000000001,0.8,3.1748612051,0.4083106855,1.2909344208,-2.0191795349,0.4645476773,0.0642163667,0.0025467926,7.7260849818,0.5715725077,0.185194462,4.6538669065,0.3318855939,1.5199135062,-0.6930609816000001,295.0,4.8,5.1,309.5,3.1308398082,0.352233923,0.08778960101141423,198.6666666667,241.1666666667,3.286277178,0.3128404038,1.6131900035,42.5,93.9139370584,3.3933512227,0.3335366569,1.5030565086,-1.4171919731,4.5,6.0,3.5,3.5,7.0,31.0,-0.9960207762000001,0.4528336592,2.8119112572000002,0.3332335791,1.513829282,0.1068066886,0.0007094649,4.6923076923,4.3,3.5555555556,2.1111111111,2.6,1623.05,-7.0,10.0,8099.375,0.7672111057000001,-0.1111050647,0.3259307535,1.1,1.0,2.5833333333,1.6428571429,2.9166666667000003,0.20086579240000002,0.3937884332
s305,1.9625235406,0.31916487920000003,1.3125914435000001,2.55,39.1739130435,0.2333333333,29.95,0.33333333330000003,-0.3246275199,-0.5620252181000001,3.2771041064,0.3720592142,1.7378147298000002,-1.0422335008,0.5262517123,-1.054323433922557,-2.8106178172041076,-7.59567952285309,-7.040031916284329,2.4,2.9285714286,4.2666666667,3.25,2.5,3.8,2.2857142857,36.0,3.7854203912,0.2459310295,1.393457741,0.8333333333,0.1666666667,10.2083333333,0.0125,0.0,-0.0068333333,-0.375,1.9583333333000001,0.0095915464,0.0,-0.0007591953,-0.0305832148,1.6363636364,-0.0513569335,0.5803500044000001,7.3,8.4,2.1938629107,0.5068650135,1.4685083683,-0.5749153228,0.5277777778,1.8333333333000001,2.3333333333,0.4054651081081644,1.6666666667,3.8333333333,5.3333333333,4.3333333333,5.3333333333,5.6666666667,4.3333333333,2.0,3.0,2.8333333333,1.1666666667,5.3333333333,-0.9754810825,-0.3804920303,-0.7548590441,3.810416849,2.5482395737,0.08231161070000001,2.7713861188,50.0,88.8888888889,85.1851851852,4.6666666667,2.0,4.875,4.375,4.0,3.0,4.25,43.0,-1.0041893257,2.9758557574,25.0,183.0,27.5716565685,0.42925480380000003,9.0,1.0666666667,0.6893368244,0.0023600302,0.7638870239000001,0.0023146673,0.6111111111,-6.449609932071972,-4.625581180301964,-4.625581180301964,2.0,-1.3362880424,1.6703351408,0.3606797098,1.9981027303,-0.32786690560000004,5.4,361.8333333333,3.7100626469,0.31193472240000003,1.7537040086,36.5,7.0,1.0986122886681098,4.457640971081,0.4636853636,9.0,1.4996674212,0.49910732490000004,1.8333096361,-0.7736917101,0.624999999999,0.8333333333,0.6666666667000001,0.08004270764276712,113.0,0.4,0.4,0.7000000000000001,0.2,2.8663932553,0.453440092,1.4222313974,-2.4512873831,0.4871326101680003,0.052640830810999996,0.0005729559749999998,7.0508977293970005,0.5582147307879997,0.21106615128700004,2.463931138,0.3578898539,1.5345691028,-0.0490595273,388.5,5.9,5.8,231.5,5.0006523686,0.3993916026,0.8498150004304341,234.8333333333,284.6666666667,3.2817913215,0.3358544801,1.8068443085,49.8333333333,-18.6239285714,2.5095822683,0.32819296670000003,1.8976544788,-0.5314438843,3.0,5.5,4.5,1.0,4.5,36.0,-0.8576219285000001,-0.4483052534,1.6172642877999999,0.3461229515,1.4906675746,-0.12050166500000001,0.14121497060000002,4.2307692308,3.6,3.2222222222,1.2222222222,2.8666666667,1609.4782369146,20.0,6.0,2805.25,0.010471862180999998,-0.062387200836000016,-0.057694684249,1.5,1.3636363636,2.5833333333,1.1428571429,2.0,0.8759710337000001,0.1889554095
s307,1.1134965047,0.1203529468,1.4100754662,1.85,42.2105263158,0.36666666670000003,34.4705882353,0.4333333333,-0.29638750880000003,-2.0157088493,2.7074552752,0.38755527640000004,1.2672127175,-0.8769864639,0.6562585616000001,-2.9880053532411903,-3.318261078016791,-7.1495959114339485,-4.4553457795721085,2.9333333333000002,2.9642857143,4.2333333333,3.5,3.25,3.6,3.0,46.0,7.4009852187,0.2617911664,1.9424894276,0.5,0.33333333330000003,8.8333333333,0.075,3.0,-0.005,-2.8333333333,15.1666666667,0.24988179670000002,3.0,-0.0099952719,-4.0141843972,2.0,-0.318936739,1.0426564902,9.5,7.5,2.4645713823,0.4023311686,1.701910961,-0.0178328995,0.4166666667,3.0,2.5,0.0,2.6666666667000003,3.5,4.1666666667,5.6666666667,4.0,6.0,2.0,3.1666666667,3.0,4.6666666667,4.8333333333,6.0,-2.0622576272,-0.3839170114,0.3298219498,4.6604910377,2.8137194638,0.0633302075,2.4324517665,22.2222222222,33.3333333333,33.3333333333,6.0,5.25,4.0,3.75,3.875,4.0,3.0,52.0,-0.8893284577,4.1867508355,31.0,209.0,7.6113128603,0.3752535483,7.0,1.6666666667,0.7410460472,0.0010118983000000001,0.9203369141000001,0.0021017293,0.7222222222,-3.6869826661541367,-4.625581180301964,-2.748384152235016,5.0,-0.9022502501,2.0580826768,0.4068877936,1.5684546328,0.1498264792,4.4666666667,259.0,3.3294961058,0.2868280903,1.3801469467,23.5,21.0,1.9459101490553132,7.077289579016998,0.5282006108,8.0,1.7914870435,0.4098854101,1.5597906931,-0.5485370869,0.6666666667000001,0.5833333333,0.6666666667000001,0.08004270764276712,147.0,0.8,1.0,0.6000000000000001,0.6000000000000001,3.3634247275,0.4378532439,1.432004705,-2.4422690954,0.4713216958,0.094645872,-0.0012686792,6.1218551346,0.5794883998,0.2434442441,3.546798623,0.3021126199,1.1903139076,-1.7038676419,265.0,5.2,4.9,218.3333333333,3.8064722951,0.2723528417,1.0639154645712672,246.0,233.3333333333,3.8129660968,0.3892587262,1.6276368891000002,-12.6666666667,-2.1021903001,2.5704032023,0.3391216425,1.707858552,-1.5764724346999999,6.0,7.0,7.0,4.5,6.5,41.0,-0.3748143532,-0.5588394824,2.6399795889,0.3522179609,1.5324121377000002,-0.0244228527,0.23741775,4.0,2.9,3.7777777778,2.0,2.9333333333000002,2553.5833333333,-10.0,6.0,6618.5416666667,2.0608702885,-0.5686328802,0.6593774652000001,1.2,1.3636363636,2.0,1.1428571429,3.4166666667,0.4038716572,0.5797582615
s313,0.7814752464,0.2019817659,1.4797976397000001,1.6,35.8,0.1666666667,19.1,0.33333333330000003,-0.3104710431,-0.6358827251,3.1719080619,0.414478787,1.7111720571,-1.9116672233,0.7012517123,-0.8468772868073382,-3.1836723237632802,-9.283090650828095,-7.571270844417479,3.8,3.3928571429,2.9333333333000002,2.75,2.0,1.6,2.2857142857,57.0,2.9353169505,0.3118060743,1.8893022559000001,0.5,0.33333333330000003,11.6666666667,0.075,2.0,0.001,-3.6666666667000003,12.5416666667,0.2801204819,2.0,0.0011325301000000001,-2.6987951807,1.0909090909,0.9642729732,0.0031661563,4.9,5.1,1.7458732411,0.5314906734,1.6045118759,-0.25783986600000003,0.6944444444,1.5,3.1666666667,0.0,1.0,1.8333333333000001,3.8333333333,5.3333333333,4.6666666667,4.5,2.0,3.0,2.3333333333,3.0,3.5,5.3333333333,-1.185095441,1.548181739,0.1910395678,4.9380558016,2.8401426262,0.299758943,2.1717028337,94.4444444444,44.4444444444,22.2222222222,1.0,7.0,3.25,1.0,2.25,3.5714285714000003,3.5,28.0,-0.41348168350000003,4.6313963585,37.0,138.0,97.3974493714,0.8996159383000001,6.0,1.3333333333000001,0.7602663040000001,0.0017898468000000002,0.8416503906,0.0017969284,0.47222222220000004,-8.511264302067358,-8.511264302067358,-6.449609932071972,2.0,-1.0842546722,1.5847938949,0.4774037198,2.1774258155,-0.3190796675,2.8666666667,403.1666666667,2.4837665769,0.38379510800000005,1.5458545153,65.0,96.0,0.0,7.8689190962,0.755455313,11.0,1.4324374718000001,0.6141724721,1.5572989695000001,-0.0855021037,0.6666666667000001,0.9166666667000001,1.0,0.08004270764276712,139.5,0.5,0.1,0.5,0.2,3.336229296,0.4344351523,2.1169513110000002,-1.0386880302,0.382133995,0.0167718205,0.0040526047,1.0,0.0,0.1,2.998290019,0.38642962270000003,1.2675046168,-0.928986544,406.5,5.0,4.5,348.8333333333,2.9818418708000003,0.1167623005,1.1812517122930988,375.6666666667,390.1666666667,2.8542669356,0.4116969146,1.6259284311000002,14.5,-47.2513087688,2.6722544658,0.36270449860000004,2.5091992133,-0.6177436669,1.0,6.5,2.0,1.0,5.5,20.0,-0.7622855092,-0.0566712341,1.6221622165,0.2700455909,2.5524226719,-0.1134012559,-0.6466533187,4.8461538462,3.6,1.4444444444,1.2222222222,1.5333333332999999,1873.9866071429,31.0,6.0,2747.4166666667,-0.5483817712,-0.24499161530000002,-0.6100257399,1.2,1.0,1.25,1.0,1.5833333333000001,0.8048773842,0.22685620680000002
s314,0.5857296293,0.0156066788,1.6048620395,1.15,44.1176470588,0.4333333333,27.2727272727,0.2666666667,0.0609750893,-1.2400139477,3.5514514557,0.47493170570000004,1.9610903698,0.1430214973,0.062443493200000005,-2.1233934292090186,-1.4348157256991696,-5.485370941701851,-9.055918586044363,5.2,5.2857142857,4.5333333333,3.0,2.75,3.0,2.2857142857,38.0,2.4148442363,0.0935578472,2.4078689355,0.33333333330000003,0.1666666667,14.5833333333,-0.0416666667,0.0,0.0016666667,4.440892099e-16,6.375,0.005932203400000001,2.0,-0.01125097,2.9753930978,1.2727272727,0.1170210118,-0.0613236905,6.3,3.9,1.0862077416,0.33822973240000004,1.8597527858,-0.6463186483000001,0.5833333333,2.6666666667000003,2.3333333333,1.0414538748163964,2.3333333333,2.5,4.8333333333,4.0,3.8333333333,4.1666666667,3.6666666667000003,2.1666666667,2.5,3.5,2.5,4.1666666667,-1.8959673584,-0.7340745958,-0.4201855406,3.141069842,1.4216442354,0.013084753000000001,1.8981328561000002,33.3333333333,66.6666666667,59.2592592593,4.1666666667,5.0,3.375,3.0,3.5,2.8571428571,2.625,43.0,-0.8903224109000001,3.6777149035,24.0,120.0,59.8991114415,0.8568707964000001,6.0,1.1333333333,0.5851873398,0.0019741478,0.5823532104,0.0019965752,0.5555555556,-2.748384152235016,-4.625581180301964,-3.664674886451777,3.0,-0.5362761495,1.2445655732,0.5466490445000001,1.8000806083,-0.0952945833,4.0,365.3116666666701,2.6591178163590015,0.31734635028100017,1.5993327612389998,18.74,72.38,0.6931471805599453,5.738149719449,0.5152832418000001,6.0,0.8791456451,0.46820307710000003,1.7383577685,-0.7610203375,0.5833333333,0.5833333333,0.5766666666629998,0.3483066942917451,109.0,0.1,0.6000000000000001,0.4,0.30000000000000004,2.7786532191,0.46966389210000004,1.7087780738,-1.974829313,0.31265508680000004,0.023815198500000002,0.0015699037000000001,0.9522649298,0.3078015578,0.1775827163,3.207704723,0.32038194810000004,1.4261370799,-1.0851555953,380.5,6.0,6.3,336.09999999999496,2.869097833031,0.318754219875,0.49000033051687614,349.1666666667,471.5,2.6199988827,0.2313121906,1.9868078936,122.3333333333,-17.330044843,2.1270068984,0.40467001340000003,1.750163298,-1.6016439192,1.5,5.5,6.0,2.0,1.5,37.0,0.0573111839,0.21026565190000002,0.9352000483,0.2950299756,1.6845932391,-0.020083051,-0.24138291020000002,3.2307692308,3.2,2.7777777778,3.2222222222,3.2,1794.8590909091,6.0,6.0,3021.8333333333,-0.315450246868,0.011153294018000009,-0.3435336059230002,1.3,1.7272727273,2.1666666667,2.0,2.1666666667,0.7258887961,0.4374121791
s326,0.9614940021,0.0211670742,2.5474197595,2.15,34.2608695652,0.2333333333,32.7368421053,0.36666666670000003,-0.1685032166,-1.2692985513,2.7473011353,0.3587088771,2.095440752,-0.8968386777,0.5623433219,-2.436879986153795,-1.8767243739621255,-8.226189516598566,-4.404344139866206,3.5333333333,3.3928571429,3.8,3.75,1.75,3.6,1.7142857142999999,51.0,2.7593925199,0.3212890814,1.9470061422,0.8333333333,0.0,8.5,0.35000000000000003,2.0,-0.0113333333,-0.1666666667,6.1666666667,0.2257326821,3.0,-0.0120728242,-1.8756660746,1.1818181818,-0.17000263370000002,0.7465981916000001,6.9,6.2,1.835951075,0.4005489164,2.1956124865,-0.1505749217,0.2222222222,2.3333333333,2.8333333333,0.6061358035521338,2.6666666667000003,4.1666666667,4.1666666667,4.8333333333,2.1666666667,2.1666666667,1.3333333333000001,2.0,1.3333333333000001,4.8333333333,4.5,7.0,-1.1155230753,-0.9479979658000001,-0.9342144304000001,3.4517060764,1.8895137022,0.0133022473,2.688207426,33.3333333333,0.0,40.7407407407,5.5,7.0,4.125,3.75,3.0,3.1428571429,2.625,47.0,-0.7122733402,3.5596877282,35.0,243.0,1.2928725743,0.0438060331,4.0,1.4,0.6009450912000001,0.0014539508000000001,1.0,0.0015858775,0.5,-3.664674886451777,-3.664674886451777,-2.748384152235016,3.0,-0.9943136926,1.6200739505000001,0.4180757181,2.2911458641999998,-0.48277826220000003,4.8,356.4216666666761,2.739726607658001,0.32405510536700005,1.6257774999320003,16.77,68.21,1.0986122886681098,-3.7211716929,0.5476535495,12.0,0.8778362230000001,0.6289606523,2.2672173301,-0.1398061119,0.6666666667000001,0.5833333333,0.5,0.22314355131420976,125.0,0.1,0.5,0.4,0.6000000000000001,2.1947236344,0.4151030814,2.1146058083,-0.46950982820000003,0.5570652174,0.1101726953,-0.0063673144,6.4911208342,0.8999001224000001,0.2205315424,0.9669384087,0.0752449405,1.9752698271,-0.1428262977,304.0,7.1,6.6,359.3333333333,2.9517262295,0.398234864,0.5609217949654255,293.0,305.3333333333,2.3862088201000002,0.3908079942,1.7249846888,12.3333333333,14.1363300796,2.6593046779,0.3521378028,2.3500099479,-1.173857326,5.0,6.0,6.0,1.5,5.5,46.0,-0.4485438739,-0.0476124131,1.7357804678000002,0.0253942249,3.1398982946,0.0990548645,-0.1210620912,4.6153846154,3.5,2.4444444444,1.5555555556,2.4666666667,2276.1979166667,-2.0,6.0,4871.9090909091,1.5278667287,-0.40513623330000004,1.0207379394,1.7000000000000002,1.9090909091000001,2.0833333333,2.0714285714,2.4166666667,0.460401486,0.4004562781
s328,1.1561141775000001,0.3445143674,1.9575643912,2.6,45.2173913043,0.2333333333,32.0,0.5,-1.4563306924,-0.7168852584000001,2.7275771201,0.2966016207,1.5084906663000002,-0.8079873698000001,0.15831506850000002,-2.9834112303089637,-3.113787178663525,-5.153228766471501,-3.120939036259325,2.8666666667,2.75,2.7333333333,3.0,2.0,3.6,1.2857142857000001,58.0,3.2811046172,0.23397987320000002,1.6797173901,0.5,0.33333333330000003,13.875,0.10416666670000001,1.0,-0.0171666667,-0.7916666667000001,19.6666666667,0.0079196217,1.0,-0.0050165485,-3.4208037825,1.5454545455000002,0.1073485774,0.8386280328,11.5,11.5,1.7163375143000001,0.3506375182,1.7378970595,-0.12039666500000001,0.35055555555600015,2.8333333333,3.1666666667,0.287682072426781,3.5,4.6666666667,5.8333333333,6.0,6.1666666667,4.5,3.0,2.0,1.6666666667,1.8333333333000001,3.3333333333,5.1666666667,-0.35149928820000004,0.1598550366,-0.3719338943,3.8121088774,2.3224684085,0.1452540684,2.6293625685,0.0,0.0,3.7037037037,5.8333333333,2.75,5.0,4.375,4.625,4.0,3.625,40.0,-1.2494826612,3.4664424285,35.0,279.0,10.925098711,0.2565783653,8.0,1.5333333332999999,0.9,0.0031285626000000003,1.0,0.0026114347,0.5,-1.3862943611198906,-1.3862943611198906,-1.3862943611198906,3.0,-1.5281176529,1.4304698689,0.3954397059,1.3111016896,-0.175098065,5.6,270.8333333333,3.9218561681,0.316404581,1.5786132893,-5.5,24.0,0.6931471805599453,-0.1492815015,0.4412296886,9.0,1.4518527774,0.3592918932,2.1588827355,0.24830624450000002,0.677499999996,0.8333333333,0.8333333333,0.08004270764276712,126.5,0.0,0.1,0.5,0.5,2.8253472151,0.4048299799,1.6368202413000001,-1.4000330594000001,0.4285714286,0.0203194464,-0.00015863190000000002,12.5430586678,0.5293352429,0.1290458497,3.4854831759,0.2291871672,1.7490588856,-0.8700429995000001,273.5,6.1,6.7,329.8333333333,2.3773924175,0.3096521303,0.19831021090014264,237.6666666667,263.0,3.3930574154,0.3471930783,1.6496670212,25.3333333333,55.3803517845,2.7316680323,0.378957123,1.7651623313,-1.5920725709,6.5,6.5,6.0,6.5,6.0,36.0,-0.2835062707,-0.5672771562,1.3076128531,0.3000694739,1.7346052622,-0.6517416718,-0.1244000277,3.6923076923,2.1,4.4444444444,1.3333333333000001,2.8,1564.4393939394,20.0,7.0,1948.1666666667,-0.29262084110000003,-0.2878890201,-0.8338214049,1.6,2.0909090909,1.25,1.0714285714,2.8333333333,0.8702555623,0.4784388498
s329,1.4568727554,0.1968046143,1.1621957603,2.05,22.962962963,0.1,23.380952381,0.30000000000000004,-0.1125905871,-0.9211530617,2.2778335086,0.3388294913,1.0123092269,-2.2536978297,0.0788202055,-2.7467607700012016,-1.790869454408771,-4.36568740193222,-2.3594345014046194,2.8,2.9642857143,3.9666666667,3.0,2.25,3.2,2.2857142857,53.0,4.3119314518,0.2143058791,1.1938218602,0.5,0.33333333330000003,22.5,8.326672685e-17,2.0,-7.979727989e-17,-2.5,25.625,0.0349358974,1.0,-0.0020219780000000002,-1.483974359,1.1818181818,0.0886830754,1.2726696039,8.5,9.1,2.483699198,0.4544321881,1.7134975782000001,-0.3076228338,0.34000000000400016,1.5,2.6666666667000003,0.6061358035521338,3.5,4.0,5.1666666667,4.8333333333,5.3333333333,5.1666666667,2.8333333333,1.0,2.5,1.5,2.8333333333,6.3333333333,-3.047524907,0.1254860726,-0.1448413667,3.3579238221,2.3346628712,0.0858026842,1.4725592789,72.2222222222,0.0,18.5185185185,5.8333333333,2.75,4.0,4.0,4.0,4.1428571429,3.5,47.0,-1.3646783862,3.2360509786,38.0,117.0,59.8991114415,0.8568707964000001,6.0,1.5333333332999999,0.6138065338,0.0018209004,0.934375,0.0021590645,0.7222222222,-3.664674886451777,-3.664674886451777,-3.664674886451777,1.0,-3.5316166054,1.0608847963,0.3354739751,0.9598594293,-0.0281202444,5.4666666667,309.32500000000095,2.848797354232001,0.306338161866,1.4891279881410002,18.015,71.395,0.0,-5.001493818,0.3267903837,11.0,1.9553919316,0.37773743400000004,1.9978041057,-0.6360246715,0.9166666667000001,0.9166666667000001,0.9166666667000001,0.15415067985582961,150.0,0.1,0.1,0.7000000000000001,0.6000000000000001,3.0565596353,0.36466901700000004,1.2223149841,-2.2361181657,0.5,0.0296551135,0.0016733681,3.1315771098,0.48287072010000004,0.3421296433,3.7167942581,0.22079136130000002,1.5566426029,-0.8618245933,237.5,5.8,6.3,297.338333333335,3.0390127552510005,0.3114905414400001,0.3431249632174959,227.5,215.6666666667,2.4375067461,0.2368262401,1.1349848425,-11.8333333333,44.025990676,1.9033373117,0.3131582243,1.4469300848,-1.4822524354,6.5,6.0,6.0,4.0,6.0,18.0,-0.2127217362,-1.2825896074,1.1275655777,0.24844632700000002,1.3246359652,-0.20467381010000002,0.2826813485,3.9230769231,2.8,3.8888888889,2.1111111111,2.6,1172.1319444444,0.0,12.0,4660.5833333333,-0.8646031592000001,0.0779533625,-0.7594122621,1.1,1.5454545455000002,1.25,1.0714285714,2.4166666667,0.1297352548,0.1790249761
s334,1.2102080493800003,0.19855765063499994,1.6013534552779998,2.316394736842,29.0909090909,0.2666666667,26.5652173913,0.2333333333,-0.18482628280000002,-1.5939259852,2.5302821915,0.3913465763,1.5188186752,-0.9963661284,0.6938955479000001,-2.55777566324504,-2.8967861210081916,-9.302546673797467,-4.920204558532054,3.2666666667,3.5,4.0333333333,3.25,2.25,3.2,2.2857142857,48.0,3.2909684876,0.2646618553,1.3828706205999999,0.1666666667,0.33333333330000003,14.9583333333,0.1625,2.0,-0.0031666667,-3.375,13.1666666667,0.0608333333,1.0,-0.0029000000000000002,-1.6916666667,1.9090909091000001,0.15937007520000002,0.6457734909,8.7,6.1,0.6862524376,0.2613204474,1.6829250034,-1.0197486375,0.33333333330000003,2.5,2.6666666667000003,0.847297860372918,3.8333333333,3.1666666667,4.6666666667,4.5,4.8333333333,3.8333333333,2.1666666667,1.3333333333000001,2.5,3.3333333333,5.0,5.0,-1.548804349,0.3432213679,0.0,5.3201349372,2.8335019758,0.0288972856,2.8793488464,5.5555555556,0.0,3.7037037037,6.0,4.25,3.75,4.0,4.0,4.0,4.0,48.0,-1.1195720593,3.7262636324000002,39.0,221.0,7.6113128603,0.3752535483,7.0,1.7333333333,0.6412079215,0.0016730231,0.7213916779,0.0019438672,0.5,-7.824046010856292,-5.553730190361736,-5.553730190361736,3.0,-0.7970701083,1.6224379916,0.4136446941,2.0066599367,-0.0726288493,3.8666666667,361.5,2.6381715503,0.3126140846,1.7194250640000002,58.0,126.5,1.6094379124341003,9.202121283907003,0.5700085365,7.0,1.4844144098420005,0.502711305646,1.9544890190190012,-0.36394309880700004,0.8333333333,0.6666666667000001,0.5,0.08004270764276712,134.0,0.1,0.4,0.6000000000000001,0.8,3.3899909378,0.35863866320000004,2.0531447812,-1.9638398613999999,0.570719603,0.1315493098,0.001677448,6.0976169908,0.7315060427000001,0.2335399863,2.7095693885000003,0.2485147427,1.6795012883,-0.31679626180000003,334.5,5.5,5.7,334.5,4.3523949843,0.2801973464,0.8980654183059812,308.3333333333,464.3333333333,2.5321824989,0.3207813473,1.6134071796,156.0,-86.7671294223,1.9456729121,0.3068028156,2.1199426294,-0.9769596659,6.5,6.0,6.5,2.5,5.0,37.0,-0.4638693619,-0.1840346542,1.396114851,0.20777183400000002,2.0775925595,-0.1568242098,-0.3819014055,3.6923076923,1.4,4.1111111111,1.4444444444,3.0,1574.1208333333,-1.0,7.0,6936.5833333333,0.7045818174,-0.1514263854,0.1977674364,1.7000000000000002,1.6363636364,1.75,1.0714285714,2.9166666667000003,0.8237506082,0.7231050189
s336,1.4067839525,0.045300976400000005,1.5103781264,2.15,45.5555555556,0.4,33.3333333333,0.30000000000000004,-0.6825050762,-0.45224614030000004,2.4505954923,0.2830753327,1.4340382497,-1.4658919443,0.4537517123,-0.19752733428020441,-2.64705497973098,-7.964026439597859,-8.263636833693832,3.7333333333,3.7142857143,6.2,2.0,2.5,3.0,2.8571428571,41.0,1.7026660927,0.2940725798,1.5095006287000001,0.6666666667000001,0.33333333330000003,17.5,0.09166666670000001,2.0,0.001,-2.5833333333,18.4166666667,0.2608934708,3.0,-0.0086423826,-3.1243986254,1.5454545455000002,-0.2163964041,0.6929760420000001,5.5,4.1,1.265977848,0.2576493543,1.5195187815,-0.7583400221000001,0.39194444444900023,3.0,2.5,0.9162907318741551,2.8333333333,3.6666666667000003,3.5,3.5,4.1666666667,3.1666666667,2.1666666667,2.8333333333,2.8333333333,2.1666666667,1.8333333333000001,4.1666666667,-0.045125965000000004,-0.3857872633,-1.0856455288,3.1488438797000002,1.8790406035,0.0477781093,2.5095856862,27.7777777778,66.6666666667,77.7777777778,5.1666666667,5.75,3.375,2.75,4.0,3.2857142857,1.75,38.0,-1.4184071275,2.6215454703,22.0,168.0,2.3916188301,0.3492235958,5.0,1.2666666667,0.6340867996,0.002702227,0.8225616455,0.0035750197000000003,0.5833333333,-2.748384152235016,-1.3862943611198906,-1.3862943611198906,1.0,-1.8076518921,1.8067388537,0.3321736158,1.2806772395000001,0.0178482057,3.8666666667,265.1666666667,3.6246439556,0.3515515784,1.283608431,25.0,71.5,2.70805020110221,3.7252611594359992,0.4267267717,4.0,1.1532460707,0.378600351,1.2065081546,0.4869265582,0.0,0.33333333330000003,0.5,0.5596157879354227,90.5,0.1,0.2,0.1,0.0,2.6865628992,0.3559012559,1.313663525,-0.6850310436,0.3447432763,-0.0207907437,-0.0001305356,0.9371889735000001,0.5074718533,0.3117341071,2.3745019373,0.2789600702,1.9273957834000002,-0.4319138389,363.5,7.5,5.2,275.6666666667,2.3101243329,0.2996879525,0.04290761595506991,249.5,245.0,3.0848114267,0.32089998270000003,1.3285369631,-4.5,35.2789692868,1.893299302,0.31738857260000003,1.5822725152000001,-0.5020507512,3.0,4.5,6.0,2.0,3.5,52.0,-0.31231342160000003,0.0433442826,1.8236186166000001,0.32455550520000004,1.9040548333,-0.38616885980000004,-0.3463110338,2.3076923077,2.8,3.2222222222,3.7777777778,3.0666666667,1429.1984848485,18.0,6.0,2846.25,-0.17444694393300003,-0.09914684730400002,-0.015698878494999995,2.2,1.9090909091000001,1.9166666667,1.9285714286000002,2.1666666667,0.1622214628,0.2831216916
s339,0.7158452882,0.0319545876,1.5877338351999999,1.7894736842,34.4583333333,0.2,26.4347826087,0.2333333333,-0.7539159313,-0.9926765872000001,3.4856503051,0.39452774300000004,1.8331351514,-2.2707914791,0.4031643836,-2.1773564810067128,-0.8632085847880727,-8.00702248205988,-5.970055367870483,2.8666666667,3.8571428571,2.7333333333,2.75,3.0,3.6,3.0,53.0,1.9593157498,0.2926240853,1.3668337668000001,0.8333333333,0.1666666667,10.9166666667,0.0166666667,1.0,0.0003333333,-0.5833333333,14.75,-0.0830508475,1.0,-0.001465387,-0.8915662651,1.7272727273,-0.2450198324,0.3432985746,7.3,4.4,1.0470704547,0.46314338120000004,2.3901683633,-0.930285161,0.9444444444000001,1.5,2.0,0.0,2.8333333333,4.6666666667,5.3333333333,6.3333333333,6.3333333333,4.8333333333,2.1666666667,1.0,1.0,1.5,2.0,6.1666666667,-1.6036118821,0.0724066924,-0.7548590441,3.810416849,2.7809558889,0.2530076511,1.3983483454,33.3333333333,22.2222222222,25.9259259259,5.6666666667,1.5,3.75,5.0,4.25,3.0,3.25,45.0,-0.7458764829000001,2.9788724795,35.0,105.0,25.7627506452,0.3968411315,9.0,1.2,0.7411956787,0.0012560481,0.897001648,0.0011747586000000001,0.75,-8.511264302067358,-8.511264302067358,-8.511264302067358,2.0,-0.9377881231,1.739459203,0.3280525897,2.126512287,-0.4461609735,6.0,342.316666666668,3.014397842382,0.320648405835,1.6078159748449996,27.925,77.425,1.9459101490553132,5.979266519622004,0.4675669965,16.0,1.6088469721,0.4590267394,2.0778072962,-0.4259968516,0.9166666667000001,0.33333333330000003,0.9166666667000001,0.0,134.0,0.0,0.30000000000000004,0.30000000000000004,0.5,2.0426054036,0.055111182200000004,2.9256942315,-0.7344712046,0.4218362283,0.0778813477,-0.0010412332,5.7380228333000005,0.6638865347,0.19558951830000001,2.4507838289,0.2593331047,1.5519338932,-0.6409095011,313.5,5.5,4.5,389.0,2.032627247,0.25641765180000003,0.24506443618453272,286.6666666667,313.8333333333,4.6644645231,0.1170388796,3.6967214318,27.1666666667,-3.7764691715,1.7320918121000002,0.3056425613,1.7458387852000001,-0.7484071859,3.5,6.5,4.0,6.0,5.5,28.0,-0.43073648280000004,-0.4025562516,1.3162239047,0.1227506084,1.9254988355,0.2606905863,0.0772688149,3.6923076923,1.4,4.0,1.7777777778,3.4,2504.4621212121,-3.0,11.0,4934.9166666667,-1.1760305877000001,0.5436242119,-1.167431979,1.9,1.7272727273,1.5833333333000001,1.0,2.1666666667,0.8811110506000001,0.5132530579
s346,0.6119894695,0.0491221013,1.4467664228000001,1.35,34.0909090909,0.2666666667,26.1,0.33333333330000003,-0.3135818224,-1.053762983,2.2157543458,0.3933420288,1.408458639,-0.7074857228,0.4877671233,-1.1159483370467265,-2.218687863849943,-8.063815446910679,-7.263857101472061,2.8666666667,2.9285714286,3.5,2.75,2.75,3.2,1.7142857142999999,53.0,2.2720771087,0.2915077929,1.4776654028,0.8333333333,0.1666666667,7.75,0.125,2.0,-0.011,-2.4166666667,13.8333333333,-0.0501117659,1.0,-0.0014241008,-5.439544808,1.7272727273,-0.136,0.4510709677,6.4,5.1,1.4641197891,0.2212045494,2.3327053564,-0.5292669033,0.47222222220000004,2.1666666667,3.0,0.1541506798558298,3.0,4.3333333333,4.6666666667,5.1666666667,4.6666666667,4.6666666667,2.6666666667000003,1.5,2.5,2.3333333333,3.5,6.0,-1.5575102695,-1.713035266,-0.5437925163,2.0651378548,1.7668198221,0.12292551480000001,1.7572040108,33.3333333333,0.0,3.7037037037,4.6666666667,2.25,4.875,4.75,5.0,4.5714285714,2.75,38.0,-0.5000413294,1.6562268739000001,33.0,152.0,0.0331595576,-0.6040336065,3.0,1.6666666667,0.6240500331000001,0.0013407786000000001,0.9929687500000001,0.0022007083,0.6111111111,-5.553730190361736,-4.625581180301964,-4.625581180301964,4.0,-0.47007716400000005,1.5226813247000002,0.472126117,1.7704568182,0.007783935200000001,5.9333333333,391.1666666667,3.231154344,0.3326601283,1.2767202892,46.0,-21.0,1.0986122886681098,15.5703237487,0.9044041769000001,2.0,1.1244740141,0.4092973485,2.2351526265,-0.5578190336000001,0.8333333333,0.5,0.6666666667000001,0.08004270764276712,147.0,0.4,0.7000000000000001,0.6000000000000001,0.8,3.1685510825,0.4314889006,1.795155924,-1.7498798179000001,0.3143564356,-0.004738060200000001,-0.0007996335000000001,7.6594404475,0.6695744674,0.182816434,2.6271965846,0.2422278289,1.6199466168,-1.325617616,292.0,6.1,4.6,290.8333333333,4.4908641555,0.3405078248,0.2679577969940158,279.45666666666597,307.66333333333,3.0547425306620006,0.3230493881079999,1.503048171421,28.757500000005003,12.90150486345,1.812741563,0.4382637714,1.8170337364,-0.8748502032000001,5.5,7.0,7.0,4.0,6.0,27.0,-0.598684815,-0.5394184040000001,1.1139426581,0.2422299446,1.6520293966000001,-1.0929336419,-0.5143609662,4.5384615385,1.7000000000000002,3.7777777778,1.4444444444,2.7333333333,3136.2962962963,-5.0,9.0,7703.25,-0.15832016073600005,-0.012372030736000001,-0.37840995326100013,1.4,1.2727272727,1.25,1.0714285714,2.9166666667000003,0.4883568647,0.7118443056
s357,0.9391357759000001,0.1952998967,1.9110829530000002,2.15,23.625,0.2,24.4444444444,0.4,-0.8648030217,-0.3685551398,2.7577327082,0.4102019893,1.2961829715,-0.8650418781,0.3184417808,-1.5104529859711844,-1.3338643841608184,-7.365615024575681,-6.087573677988737,2.8666666667,2.8928571429,3.1333333333,2.0,2.0,2.8,1.8571428571,55.0,4.5628300921000005,0.3003681827,1.3678206582,1.0,0.0,5.9583333333,0.0625,2.0,-0.0121666667,-2.4583333333,4.0833333333,0.027804878,2.0,-0.0039121951,-1.2713414634,1.0909090909,0.26598437080000004,0.8931267205000001,8.1,6.2,2.3485765284,0.5009660061,2.0382318262,-1.140955749,0.2777777778,1.5,3.1666666667,0.4054651081081644,3.3333333333,5.5,5.6666666667,5.5,5.8333333333,3.8333333333,2.8333333333,1.3333333333000001,2.6666666667000003,2.0,2.6666666667000003,6.5,-4.2965098239,0.07167237230000001,0.4207109379,4.4787130615,2.1085534553,0.1550969489,1.9159658751,27.7777777778,0.0,7.4074074074,6.3333333333,5.0,4.375,3.875,4.875,3.2857142857,2.75,44.0,-1.1652624446,3.6348828618,36.0,132.0,7.6113128603,0.3752535483,7.0,1.2666666667,0.8143432617,0.0009143621000000001,0.9866577148000001,0.0008029716000000001,0.47222222220000004,-6.449609932071972,-6.449609932071972,-4.625581180301964,3.0,-0.4755900012,1.7327515568,0.4657896848,1.7818343762,-0.67867222,4.7333333333,353.3333333333,2.7154412424,0.3109353277,1.3388767046,14.5,32.5,0.6931471805599453,31.9509677333,0.690064714,13.0,1.6801666,0.695187981,1.8252528792,-0.5647526482,0.5833333333,0.5833333333,0.6666666667000001,0.15415067985582961,136.0,0.30000000000000004,0.30000000000000004,0.7000000000000001,0.5,2.9797907689,0.4357524015,2.2335509845,-1.9799001449,0.47654320990000004,0.0747388157,-0.0009829369,9.2300320996,0.7086344233,0.2000891931,3.9827546754,0.28326395190000003,1.5761884392,-0.3965392816,286.5,5.3,5.3,399.5,3.4633076913,0.2700625453,0.7597831013662513,317.8333333333,297.3333333333,3.0326522011,0.3523802467,1.4257375474,-20.5,10.3513431013,2.1408037764,0.3463514039,1.4854455562,-0.7388782036,6.0,6.5,6.5,3.5,6.0,17.0,-0.2573659743,-0.9550413731,1.9248373834999999,0.3709030739,1.7840356719,-0.6490522332,0.6253274496,4.6153846154,1.9,2.0,1.3333333333000001,1.9333333333,2535.6625,1.0,11.0,3278.25,1.4218031576,-0.6062252483,1.0574360165,1.2,1.3636363636,1.3333333333000001,1.0,2.1666666667,0.9008088678,0.3320862918
s359,0.4898282863,0.1146667283,1.4937830508,1.35,45.1666666667,0.4,33.2352941176,0.4333333333,-0.2731061924,-0.5434082657,3.0386599888,0.4336939548,1.8099643347,-0.8777619576000001,0.2433553082,-1.2093123768376175,-2.686888706308336,-6.740331393472964,-6.187664947024421,3.6666666667000003,5.2142857143,3.5,3.0,2.75,3.0,2.7142857143,43.0,3.2350423378,0.3562996456,1.4204981346,0.1666666667,0.33333333330000003,17.7916666667,0.0625,0.0,-0.0011666667,1.2083333333,29.5909090909,0.003995401,1.0,-0.0002420236,-0.8972405864,1.7272727273,0.8257123048,0.2061309386,8.5,9.9,1.6495114716,0.5755898733,1.8739616367,-0.3875309968,0.0833333333,4.1666666667,4.5,1.2039728043159361,5.1666666667,3.6666666667000003,4.5,4.0,6.3333333333,5.0,4.6666666667,2.5,4.0,1.8333333333000001,4.5,3.6666666667000003,-3.6449178399999997,-1.1528417554,-0.4683283594,2.7109498368000002,2.1577643834,0.2859727541,1.3405837630000002,61.1111111111,44.4444444444,44.4444444444,4.3333333333,4.0,3.125,3.125,2.625,3.5714285714000003,3.5,50.0,-1.2083775268,3.5486526974,27.0,158.0,-233.6275859577,1.0026336628,6.0,1.4666666667000001,0.7819671631,0.0007870647,0.8208786011,0.0016567992,0.1666666667,-2.748384152235016,-2.748384152235016,-3.6869826661541367,1.0,-1.1498221943,1.4047044874,0.3730348274,1.7204229674,-0.3044394427,3.2,430.1666666667,1.820750394,0.3325473158,1.3518128525,58.5,103.0,2.1972245773362196,3.2990826658390007,0.6657862474,9.0,1.4606506261,0.5001820145,1.9332756158,-0.1316314574,0.5833333333,0.6666666667000001,0.5475000000040001,0.3483066942917451,92.0,0.30000000000000004,0.30000000000000004,0.30000000000000004,0.6000000000000001,2.5947457646,0.5110277584,1.4632325479000001,-2.1799905814000002,0.4029484029,0.009793419900000001,-0.0017672361,7.5019523859,0.43708293200000004,0.0395469977,2.3542387395,0.3524020029,1.309736249,-0.5094304590000001,364.5,7.0,6.0,324.5,1.3638475371,0.2768427777,0.7475051712421719,330.1666666667,336.8333333333,1.9020207542,0.3393709628,1.4267779407,6.6666666667,61.8806803083,1.8424884402,0.43827559650000003,1.8218339224000002,-0.5046085767,6.5,7.0,5.5,4.5,5.5,39.0,-0.7581992296000001,-0.972748381,1.2125147938,0.4152793725,1.6164479834,-0.4565072086,-0.8947754160000001,3.2307692308,3.3,3.7777777778,3.2222222222,3.6,4249.125,6.0,4.0,4810.7083333333,-1.1049887709,0.07054440690000001,-0.8760403106,1.8,2.1818181818,2.4166666667,2.9285714286,2.8333333333,0.9022685609000001,0.3023687047
s365,1.2460888401,0.2471070814,1.8685106076,3.0,30.2,0.33333333330000003,17.6428571429,0.5333333333,-0.4730988815,-0.6671635026,4.3506129185999995,0.3331819031,2.5243479165,-1.2267445904,0.1591267123,-2.62717275299835,-1.6302873201437789,-5.878652388034832,-3.868346689960456,5.2666666667,4.25,5.2333333333,2.0,3.25,2.6,3.1428571429,34.0,4.8167489971,0.2541139659,1.9339257362,0.8333333333,0.1666666667,13.875,0.0791666667,2.0,-0.0068333333,-3.625,14.7083333333,0.1869818256,2.0,-0.0054915254,-4.6445783133,1.0909090909,-0.08104145600000001,0.5017947422,7.9,7.6,1.5960188356,0.4351443371,1.8352678689,0.20810298940000002,0.1666666667,2.8333333333,5.6666666667,0.5108256237859907,2.8333333333,3.3333333333,3.3333333333,5.6666666667,2.8333333333,3.5,2.6666666667000003,2.3333333333,4.8333333333,5.0,5.5,5.5,-2.007199619,0.1394298998,0.1910395678,4.9380558016,3.0325435272,0.1764946051,2.5325918083,27.7777777778,100.0,77.7777777778,3.8333333333,6.0,2.25,1.125,2.125,2.4285714286,2.5,27.0,-0.8075379761,4.3503317988,26.0,299.0,59.8991114415,0.8568707964000001,6.0,1.8666666667,0.7861946940000001,0.0013919175,0.9652343750000001,0.0014605114,0.6388888889000001,-1.8444397271102142,-2.748384152235016,-1.8444397271102142,2.0,-0.6989435714000001,2.0249438332,0.3578728456,2.127832154,-0.5267611428,2.4,330.2133333333411,3.162602105393,0.2876812150410001,1.6648051406960003,18.555,66.675,1.791759469228055,8.686040654619998,0.6483614592,13.0,1.6443093978,0.4319958101,2.0440205403,-0.8540893596,0.33333333330000003,0.5833333333,0.5833333333,0.28768207242678084,88.0,0.30000000000000004,0.9,0.7000000000000001,0.8,2.5069772353,0.4333576758,2.3815864401,-1.2843189639,0.5283950617000001,0.0809846531,-0.0014207975,5.8679706899,0.32413436,0.2365381434,3.9676472344000002,0.30432463400000004,1.3938760888,-1.1530487905,278.0,7.2,6.2,222.1666666667,3.1333632996,0.33046088560000003,0.5933969406662991,193.6666666667,268.3333333333,3.4233989451,0.337850437,1.6896476251,74.6666666667,130.852564577,2.5406606918,0.29018080020000003,1.5727442581000002,-0.8982356709,7.0,4.0,3.0,1.0,4.0,42.0,-0.5780270113,-0.4449630956,1.9693382425000001,0.3340104762,1.6253696011,-0.20087945440000002,-0.8387836903,3.2307692308,4.6,1.7777777778,3.2222222222,3.2,1741.0138888889,9.0,8.0,3326.3333333333,0.6410784152,-0.1098328033,1.2633668637,2.0,2.1818181818,3.1666666667,2.0,3.6666666667000003,0.2055873917,0.2404315179
s368,1.1604990509,0.21357158710000002,1.1497151794,1.35,16.6666666667,0.1,15.2,0.1666666667,-0.5327853811000001,-1.0757643239,3.487319864,0.369488922,1.9591004098,-0.37333525980000004,0.4287619863,-2.22472865099709,-3.409640458333823,-7.628394938101594,-5.339046532043706,3.4,3.0714285714,3.3666666667,1.0,1.25,3.2,3.4285714286,57.0,5.2570494928,0.29779776210000003,1.4082527157,0.5,0.33333333330000003,11.2083333333,-0.0291666667,0.0,0.0011666667,-0.5416666667,3.8333333333,0.048936170200000004,0.0,-0.0040425532,-0.9893617021000001,1.2727272727,0.1849224525,1.2949847015,8.9,8.4,2.3476559036999998,0.33301384040000004,2.101359094,-0.4613099339,0.0555555556,1.0,3.8333333333,0.0,2.5,3.5,6.3333333333,5.8333333333,7.0,7.0,4.1666666667,1.0,2.5,1.3333333333000001,2.1666666667,5.8333333333,-0.774655795,-0.3272886722,0.0,5.3201349372,5.2805853633,0.2775728711,4.2204064632,50.0,55.5555555556,40.7407407407,5.0,5.0,4.0,3.875,4.0,3.4285714286,4.875,48.0,-1.2494826612,3.4664424285,32.0,213.0,2.3916188301,0.3492235958,5.0,1.0666666667,0.7247164256580001,0.0014921688660000003,0.874042577265,0.0017794924679999998,0.5891666666630002,-4.625581180301964,-3.664674886451777,-2.748384152235016,1.0,-1.0503458529,1.7007624982,0.42531499970000003,1.6238740267,-0.4158085368,5.5333333333,257.8333333333,3.3579714408,0.3061237256,1.4852832616,11.0,88.5,0.6931471805599453,-3.5833429608,0.47387600280000003,3.0,2.1842100565,0.4153172265,1.6116236877999999,-0.540268192,0.5833333333,0.4166666667,0.5833333333,0.15415067985582961,141.0,0.0,0.1,0.4,0.1,3.4660802704,0.4014583688,1.5088685078,-1.8202352321,0.3870967742,0.033028809900000004,0.0004245551,2.9718332651,0.5940023718,0.3783073047,4.6437705715,0.2725023232,1.3765715337,-1.1289266249,254.0,5.0,4.7,226.0,3.8223269063,0.3181159602,0.384622692139057,228.5,248.1666666667,4.653861876,0.2908351563,1.8312555162000002,19.6666666667,31.1877599809,3.3790535867,0.3388479238,1.9436392396,-1.6666409226,7.0,6.5,3.5,5.5,5.5,45.0,0.1258798751,-0.37143774830000004,2.4685769516000002,0.33508530810000003,1.6416434161,-0.6133782868000001,-0.4507192506,4.3076923077,4.0,4.0,2.7777777778,2.7333333333,2668.1,20.0,3.0,2023.0833333333,-1.0805893345,0.5069031215,-1.2838602301,1.1,1.0,1.5833333333000001,1.0,1.3333333333000001,0.12705031590000002,0.35602075180000003
s369,0.36719864290000004,0.0296901397,1.6918546918000001,1.5,10.7777777778,0.1,9.1304347826,0.2333333333,-0.465485048,-0.3269350635,3.1665840162,0.4598689897,1.3698985539000001,-0.6460034417,0.0327662671,-3.4194537740758633,-3.4273058067171567,-1.2127986538053273,-0.9341270807683557,3.8666666667,3.8928571429,4.1333333333,3.25,3.5,4.0,3.2857142857,51.0,5.0333296458,0.26632599430000004,3.0011054438,0.0,0.6666666667000001,9.0416666667,0.3208333333,2.0,-0.00016666670000000001,-2.4583333333,5.8333333333,0.022804878,1.0,-0.0009146341,-2.0280487805,1.9090909091000001,0.033161068,0.8742463394000001,6.1,4.2,1.4617522693,0.38806795990000004,1.9332469076,-0.6550098914,0.34055555555500006,2.8333333333,3.6666666667000003,0.6931471805599453,2.6666666667000003,4.5,5.1666666667,4.6666666667,4.8333333333,5.5,1.8333333333000001,1.3333333333000001,4.5,3.5,2.6666666667000003,5.5,-1.0772980734,-0.8285668059,-0.0892876196,3.1807471314,2.095521358,0.0561522059,2.9450075378,44.4444444444,66.6666666667,37.037037037,5.0,2.0,3.75,4.625,3.375,2.1428571429,4.75,52.0,-1.070541321,3.8243251091,25.0,141.0,59.8991114415,0.8568707964000001,6.0,1.6,0.8884643555,0.0011158020000000002,0.898046875,0.0011191042,0.5555555556,-1.3862943611198906,-1.3862943611198906,-1.8444397271102142,3.0,-1.240424398,1.2257388725,0.4382658633,1.6123596204,-0.2229870608,4.4,277.3333333333,2.6333040891,0.42074934080000004,1.6006381033000001,-14.5,132.5,2.3978952727983707,-0.5847387605000001,0.5833076173,6.0,1.089855618,0.6899608463,1.669803912,0.2076398183,0.6666666667000001,0.5,0.6666666667000001,0.15415067985582961,131.5,0.6000000000000001,0.8,1.0,0.5,3.3903956947,0.42930037790000003,2.0765686294,-2.2620028535,0.5257985258,0.0872279148,-0.0002192451,9.1534862691,0.6891717740000001,0.2244144263,4.3071458358,0.35465996400000005,1.6287255067,-0.8143332631,366.0,5.4,3.7,270.0,2.8648158102,0.5120437244,0.17440310519281516,267.8333333333,240.6666666667,3.2186227625,0.43621795950000003,1.9150346767,-27.1666666667,122.9850493504,2.703806589,0.4458015772,1.4390560237,-1.4193813425,3.5,7.0,3.0,3.0,7.0,35.0,-1.1151499916,0.048034456100000004,1.2016101812,0.1256461354,2.5501039755,0.056392104400000004,-0.41926951300000004,4.0,3.9,1.7777777778,1.6666666667,3.4666666667,3247.7142857143,-9.0,7.0,6261.6666666667,-0.06025901180500002,0.16724427200799993,-0.13507051077800003,1.3,2.0,3.1666666667,2.7142857143,2.9166666667000003,0.8356451978,0.44774769610000004
s372,1.4244347673,0.1702198493,2.0937872691,4.05,43.3333333333,0.4,21.3333333333,0.4,-0.6208544705,-0.9760420061,3.1483437087,0.3372142295,2.2137822035,-0.0078357806,0.2489229452,-3.0194005811738616,-3.3732191599189516,-5.968899190645348,-4.371612300595773,2.0,2.5357142857,2.4,3.25,2.25,3.8,3.0,64.0,4.1418500524,0.2976324569,1.6966042959,0.33333333330000003,0.6666666667000001,12.9166666667,-0.0833333333,1.0,-0.0033333333,-2.5,15.0833333333,-0.0715364121,1.0,-0.00045559500000000005,-4.7975133215,1.0909090909,0.24990933410000002,0.77150621,8.3,7.3,2.2969704162999998,0.5073878647,2.0897613464,-0.7939365293,0.0833333333,2.5,2.8333333333,0.4054651081081644,5.6666666667,4.8333333333,6.5,5.1666666667,6.8333333333,4.5,2.5,1.0,2.0,1.0,1.0,5.3333333333,-5.0793620793,0.3415847211,0.0,5.3201349372,4.5961069593,0.1771094813,2.8830978987,66.6666666667,0.0,3.7037037037,5.0,3.5,4.75,4.75,4.5,3.5714285714000003,3.75,55.0,-0.4884848921,3.7122256308,40.0,205.0,2.3916188301,0.3492235958,5.0,1.4,0.7372843623,0.0014087124,1.0,0.00174379,0.6944444444,-3.664674886451777,-2.748384152235016,-2.748384152235016,3.0,-1.0282873714,2.280131651,0.5139329038,2.0005618022,-0.30660121830000003,6.0,156.5,2.4244515873,0.34100333520000004,1.767627778,-2.0,298.0,0.6931471805599453,-0.5772251391000001,0.4806348897,13.0,1.6080182396,0.5441426777,2.0934719836,-0.6135240271,0.6666666667000001,0.75,0.6666666667000001,0.28768207242678084,150.0,0.4,0.2,0.30000000000000004,0.5,3.087442478,0.4672157422,2.3384585638,-0.5688977928,0.3930348259,0.0124708791,-0.0032536834,5.4799496822,0.5983706594,0.24816140320000002,4.6301176762,0.3274555551,1.6770365239,-0.8042605824,394.5,7.3,5.7,230.8333333333,3.5151718962,0.3715779139,1.311770426277222,265.859999999997,274.9566666666711,3.4531972587229984,0.32476796091599985,1.8890905409269998,31.878333333338023,32.89518472071598,2.6755214166,0.3279707374,2.6179869359,-0.8251125663000001,7.0,7.0,7.0,7.0,7.0,42.0,-1.1880628711,-0.2138659306,2.8394654316,0.3830948404,2.2090908633,0.2259810243,-0.30750884430000003,4.8461538462,2.2,4.2222222222,1.7777777778,3.6,2035.7424242424,-5.0,11.0,4426.9090909091,0.7418059682,0.5151847512000001,0.673406578,1.0,1.6363636364,1.0,1.0,2.9166666667000003,0.866350701,0.1630939526
s373,0.8773380071,0.24091127580000002,1.2910954722,1.05,38.0,0.2333333333,24.0,0.30000000000000004,0.11298678820000001,-0.49173895170000004,2.5415347589,0.4188845205,1.7184809639,-0.6113529442,0.050551369900000004,-2.661929937948604,-3.4354325979632043,-4.488616679225999,-3.614140750912868,5.4666666667,5.6071428571,4.3666666667000005,3.0,3.25,3.0,3.2857142857,27.0,2.748689269618,0.26791160838800004,1.6611458150569995,0.5,0.1666666667,6.0,-0.033333333300000004,1.0,-0.0013333333,-1.8333333333000001,10.75,-0.0064285714,0.0,-0.0016238095,-0.9357142857,1.2727272727,0.037738356300000005,-0.1677407924,7.0,4.2,1.3945006873830001,0.444494469742,1.9266165386829996,-0.40849233656000017,0.4166666667,3.5,3.6666666667000003,0.7731898882488663,3.1666666667,3.8333333333,3.1666666667,6.1666666667,4.1666666667,4.5,3.0,3.1666666667,2.6666666667000003,3.6666666667000003,3.3333333333,3.3333333333,-0.9388504535000001,-1.8615156528,-0.8933464270000001,2.0661134518,1.8763698798,0.18035908250000002,1.8351037801999999,33.3333333333,77.7777777778,55.5555555556,3.6666666667000003,3.25,3.0,3.125,2.75,2.7142857143,3.0,29.0,-0.6036409714000001,2.3391795867000003,18.0,101.0,2.3916188301,0.3492235958,5.0,1.4,0.7457366943,0.0017198581000000001,0.9772750854000001,0.0019584771,0.5,-1.3862943611198906,-1.3862943611198906,-1.3862943611198906,2.0,-0.5784202714000001,0.9017784549000001,0.4535619308,1.587758944,-0.2765054339,4.4,361.4666666666711,2.701548227369999,0.338610455436,1.575311216419999,18.805,58.46,2.1972245773362196,7.2196410215,0.8287028634,11.0,0.7244665649,0.5009176208,2.7652679424,-0.18452808380000002,0.5,0.5,0.6666666667000001,0.22314355131420976,84.5,0.5,0.5,0.6000000000000001,0.4,2.3932345208,0.4531302532,2.2414838908,-1.1044361634,0.348973607,0.002287631,0.002819157,1.0,0.0,0.1,1.8425092869,0.3391964632,1.7127774555,-1.3212581317,385.0,5.2,4.3,345.90833333332995,2.6327039602719986,0.3351936881800001,0.49634133653014195,214.1666666667,287.3333333333,1.9452002366,0.3482478623,1.4568312974,73.1666666667,-83.4726410869,0.5774014273,0.12347832600000001,1.6748369422,-0.1922460694,4.0,5.0,3.0,1.5,3.5,51.0,-0.35429479801999975,-0.17309675502900002,1.0538281510290006,0.2419614141759999,1.8662978160059998,-0.295889057126,-0.413231920461,3.0769230769,3.5,3.2222222222,3.1111111111,3.5333333333,2259.0388888889,-6.0,7.0,7160.7272727273,-0.9534279603,0.32328998330000003,-0.2526262131,2.4,2.2727272727,3.0,2.8571428571,2.5833333333,0.1549043765,0.1910827283
s374,2.0626806448,0.3354880118,1.6467026165,2.9,45.3684210526,0.36666666670000003,28.125,0.4666666667,-0.9220328417,-0.6142375035000001,3.0154150852,0.3294685128,1.4639939141,-0.8354272072000001,0.8631181507000001,-0.5212940397637602,-0.9744523683619386,-10.4727123595782,-8.009862166654754,7.6,3.7142857143,5.4666666667,1.25,2.5,1.8,4.0,39.0,4.6689253819,0.2803943047,1.2987632304,0.8333333333,0.1666666667,13.75,0.1333333333,3.0,-0.0143333333,-5.1666666667,9.2083333333,0.2743702771,3.0,-0.0108161209,-4.064231738,1.0,0.17222618620000002,0.450588655,9.1,8.6,2.9486111156,0.6021526439,1.9746966289,0.0105027116,0.5924999999959999,2.8333333333,2.0,0.7731898882488663,3.8333333333,3.8333333333,3.8333333333,4.1666666667,3.0,3.3333333333,3.3333333333,2.8333333333,3.0,5.0,5.5,5.3333333333,-2.2062439348,3.9861464296999998,0.1910395678,4.9380558016,3.6853501188,0.286181713,1.7160956744,27.7777777778,22.2222222222,25.9259259259,2.8333333333,6.5,1.375,1.625,1.25,1.1428571429,2.375,29.0,-1.1195720593,3.7262636324000002,10.0,224.0,2.3916188301,0.3492235958,5.0,1.9333333333,0.8190433502000001,0.0015751381,0.9998046875000001,0.0021372092000000002,0.7222222222,-8.511264302067358,-8.511264302067358,-7.365900695568905,3.0,-1.1420965481,1.9196115569,0.5176890844,1.3980724038,-0.4789390687,2.7333333333,376.1666666667,3.3293069873,0.3374860595,1.1834550681,-6.0,82.5,2.0794415416798357,13.2140760026,0.3635486638,13.0,1.652683501,0.6800261425,1.9334592779,-0.40316496490000003,0.0,0.0,0.25,0.5596157879354227,72.0,1.0,0.9,0.8,1.0,3.5025217484,0.4661560448,1.3389421657,-2.4839944271,0.4950980392,0.0020839745,0.0017325377000000002,3.3253206682,0.5313582520000001,0.32519532770000004,4.2153467976,0.309873159,1.2246325089,-0.8307098049,386.5,6.8,7.0,312.441666666666,4.027363610510001,0.31348872865099986,0.5259647339941644,273.18666666666195,307.52999999999395,3.617218395105,0.32935242941700005,1.678135827022,10.770000000001,29.73412154240301,2.3807760719,0.3487237443,1.2841474501999999,-1.2313030624,5.0,5.0,1.5,2.0,4.5,57.0,-0.4641275829,-0.1997716559,2.5189245088,0.3845502666,1.6752354816000001,-0.5432119131,0.1680721675,2.8461538462,4.3,1.0,1.8888888889,3.0666666667,2250.7533333333,4.0,7.0,4215.25,0.5800526309,-0.21724361120000002,0.7031243612,3.8,2.0909090909,2.5,1.2857142857000001,3.0833333333,0.8781447599000001,0.264771988
s376,1.6423120642,0.2735965117,1.4159949705,2.25,4.7142857143,0.0666666667,5.8518518519,0.1,-0.6009070547,-2.0725611306,2.8204011534999998,0.4280947772,1.0809171788,-0.6700064954,0.4227773973,-0.9599080823681372,-3.051505668622459,-7.7838065859967935,-6.149813078933136,4.0,3.6428571429,4.0,2.25,2.5,3.0,3.0,43.0,5.8404922572,0.287649394,1.3517216897,0.6666666667000001,0.1666666667,8.2916666667,0.30416666670000003,2.0,-0.0121666667,-0.125,7.6666666667,0.053296113400000004,2.0,-0.0105166416,-2.4031565385,1.0909090909,0.17667246690000002,0.0650959448,7.8,6.2,1.0258289852,0.4202626303,1.3053446655,-0.37577207452500017,0.3611111111,3.8333333333,3.8333333333,0.9162907318741551,2.8333333333,4.0,4.1666666667,4.5,4.6666666667,5.0,3.8333333333,2.6666666667000003,3.1666666667,3.3333333333,2.0,4.1666666667,-2.3939488039,1.9262445905,0.1910395678,4.9380558016,3.2543472299,0.2345801387,1.1057540409,38.8888888889,33.3333333333,44.4444444444,5.3333333333,4.5,4.0,3.25,3.75,3.4285714286,3.25,35.0,-1.4375347416,3.0903382679,30.0,239.0,7.6113128603,0.3752535483,7.0,1.2,0.7292953491,0.0016403507,1.0,0.0015428359,0.47222222220000004,-6.449609932071972,-5.553730190361736,-4.625581180301964,2.0,-1.697962606,2.0108593004,0.4067304779,1.6891626302,-0.08068176810000001,4.5333333333,321.46833333333205,3.251887094901999,0.32119319318200007,1.547610361692,28.12,55.63,1.0986122886681098,13.1666017289,0.3339087087,10.0,1.6926347763049991,0.5115973138830001,1.7936581026210008,-0.4362537896060001,0.75,1.0,0.7024999999990001,0.2532224780582623,116.0,0.1,0.7000000000000001,0.1,0.2,3.2331561246,0.3789002293,1.3074089749,-3.2699594249,0.5599022005000001,0.067650608,-0.0054169146,6.0623720407,0.5615447747,0.24269688090000002,3.1381445438,0.2814464217,1.183278991,-1.3914065387,295.0,5.3,5.6,288.5,5.2360176907,0.3072269857,1.2697110356046681,251.3333333333,307.5,3.2458766484,0.3670366466,1.5018661915,56.1666666667,61.8444608204,2.8490856825,0.3502064385,1.5741657101,-1.5921355257,6.0,6.0,5.0,3.0,4.5,60.0,-0.7281795342,-0.18485328180000002,1.654816244,0.3086316649,1.7625462269,-0.7986368495,-0.9297564247000001,3.6923076923,2.5,3.4444444444,2.0,2.9333333333000002,1932.8055555556,-4.0,8.0,5755.8181818182,-0.31256098050000003,0.1908167217,0.2493715789,2.1,2.0,2.0,2.0,2.0833333333,0.5817495435,0.3269256613
s380,1.0569214547,0.24753221220000002,1.4888281203,2.0,10.448275862100001,0.033333333300000004,10.0,0.1333333333,-0.35886490660000003,-0.9674165528,3.1852261138,0.2801248561,1.9087403706,-1.8833498837,0.148510274,-3.169148395307329,-3.178478578140519,-4.6579534740756685,-4.2110855100406726,3.0,3.1785714286,3.3333333333,3.0,3.25,3.6,2.8571428571,60.0,5.2073687582,0.23470490830000001,1.6607676076,0.33333333330000003,0.5,13.1666666667,0.05,1.0,-0.0026666667,-7.9166666667,23.125,-0.012142857100000001,1.0,-0.0021666667,-3.5214285714,1.3636363636,0.4935800356,0.7434648054,7.3,6.4,1.9895253177,0.38359978040000003,1.5790932189,-0.5812197298,0.4166666667,1.0,3.3333333333,0.0,4.0,4.5,6.0,5.3333333333,7.0,5.8333333333,3.0,1.0,3.1666666667,1.0,3.3333333333,5.0,-3.9058063404,1.2694752710000001,0.33223158610000003,4.6556717651,2.411812094,0.1861854708,1.6518678292,94.4444444444,55.5555555556,22.2222222222,4.6666666667,3.75,4.375,3.625,5.0,4.0,3.25,43.0,-0.9575666758,4.0502743994,36.0,143.0,59.8991114415,0.8568707964000001,6.0,1.1333333333,0.5513073802,0.0011369346,0.5651728868,0.0007369001,0.6111111111,-6.449609932071972,-6.449609932071972,-5.553730190361736,4.0,-1.0486841207,1.5994780523,0.4950804111,1.7278790312,0.11389075060000001,5.6,315.41833333333506,3.049517719839,0.2944150053149999,1.5757657078700007,19.325,74.65,1.6094379124341003,9.8561362,0.5106811502,11.0,1.9224979591,0.38808307480000004,1.8376866061000001,-0.46078583300000003,0.75,0.5,0.6666666667000001,0.15415067985582961,136.5,0.1,0.0,0.7000000000000001,0.4,4.6380622135,0.361585621,1.9646094598000001,-1.9786818843,0.4592592593,0.06993045690000001,0.0021166626000000003,6.3166245935,0.6044382834,0.18596190640000002,2.7438981223,0.2609663971,1.3238937385,-1.2902732912000001,277.0,7.1,6.5,259.1666666667,2.8304060491,0.2548053677,0.31108592519171463,273.8333333333,249.5,3.5348050845,0.25845239670000003,1.4481463544,-24.3333333333,4.5216519647,1.836872288,0.3330470245,1.8263483061999999,-0.7148484062,7.0,6.5,4.5,2.0,5.5,42.0,-0.4571520785,-0.07561217020000001,1.5971099447000001,0.3155336302,1.5224873616,0.2521251158,-0.1576279774,4.2307692308,2.6,4.1111111111,2.4444444444,3.2,1822.8444444444,4.0,7.0,4042.1818181818,-0.7813368722,0.1131200351,-0.9188196735,1.2,1.0,1.0,1.2142857143,1.75,0.2812061161,0.1773542774
s383,1.8919041638,0.3449033859,1.4263765651,2.75,28.125,0.2,21.7391304348,0.2333333333,-0.4402549197,-1.3276919312,4.929066745,0.47306531890000003,1.9635546225,-0.7977618120000001,0.6280907534,-3.4066402482229137,-3.0937567505322607,-7.04694711889659,-2.6869415564298844,3.0,3.5,3.8,2.75,2.0,3.0,2.8571428571,43.0,4.6629287048,0.33363560400000003,1.5367162303000002,0.8333333333,0.0,10.7916666667,-0.0125,2.0,-0.0041666667,-2.7916666667000003,6.5833333333,0.1014084507,3.0,-0.0092112676,-2.3521126761,1.7272727273,0.0427078397,1.0917263226,9.7,8.6,2.8811749475,0.5039552277,1.9603353044,-0.8874575417,0.75,2.5,3.1666666667,0.6931471805599453,2.6666666667000003,4.0,4.3333333333,4.6666666667,3.3333333333,4.1666666667,2.5,2.0,2.5,2.8333333333,2.5,4.5,-3.7445729944,-0.024448438700000002,0.0,5.3201349372,3.3915542044,0.2932060617,2.0036067808,44.4444444444,33.3333333333,33.3333333333,4.3333333333,3.0,4.125,3.0,4.125,2.7142857143,2.875,35.0,-0.4884848921,3.7122256308,29.0,127.0,1.2928725743,0.0438060331,4.0,1.0666666667,0.7943527222000001,0.0007649658,1.0,0.0013236482,0.7222222222,-6.449609932071972,-6.449609932071972,-5.553730190361736,2.0,-0.7614475936,1.7230682358,0.5330395631,1.768819453,-0.7863312384000001,4.2,414.1666666667,3.2906751671,0.368038297,2.0247753529,58.5,100.0,1.6094379124341003,0.8997080901000001,0.7429602581,13.0,2.0760091813,0.6410098526,1.7870477335000001,-0.4096937178,0.5833333333,0.6666666667000001,0.9166666667000001,0.0,119.0,0.0,0.5,0.4,0.1,3.7814577106,0.4828302661,2.065862816,-1.3155618977,0.5318627451,0.1031380498,-0.0048008939,6.8974258175,0.5921772066000001,0.2339651842,5.0060353586,0.3161422479,1.7928256993,-1.6283742116000002,413.5,5.5,5.4,361.8333333333,3.4792569376999998,0.3887917631,0.6542617195913698,262.0,325.1666666667,3.6895942353,0.3944005,1.8902025306999999,63.1666666667,46.7384445723,2.7049827794,0.4076089673,1.9379185255,-1.3800951645000001,6.5,5.5,6.0,1.0,1.5,40.0,-0.2636202049,-0.1213896517,1.8690486558,0.4063573263,2.1327843714,0.12110124400000001,-0.4029418737,3.6153846154,2.1,3.6666666667000003,2.0,2.5333333333,2096.0625,1.0,7.0,3998.6666666667,0.2585820989,0.4595710633,0.4235649467,2.0,1.9090909091000001,2.25,1.7142857142999999,1.8333333333000001,0.8042242650000001,0.6109922974
s384,1.8165142377999999,0.332570069,1.2097026386,3.5,56.0,0.4666666667,27.4,0.5,-0.1081394558,-0.4427307834,2.6478689525,0.3936318066,2.2827268756,-0.6918792569000001,0.8312619863,-0.5731413508306156,-3.305529234117746,-10.013876243863884,-8.221944815767072,4.3333333333,3.9642857143,4.9,2.0,3.5,2.6,2.7142857143,36.0,3.0514879867,0.26650869520000003,1.7620811882,0.5,0.0,14.6666666667,0.0666666667,1.0,-0.0033333333,-3.5,14.125,0.0728614762,2.0,-0.0077997978,-3.9286147624,1.7272727273,-0.054947912700000004,0.9178075905,8.2,7.7,1.9618301972,0.4911392418,1.5789646134000002,0.074319959,0.8611111111,2.5,2.5,0.6931471805599453,3.0,3.6666666667000003,2.8333333333,5.3333333333,2.8333333333,3.5,3.1666666667,3.3333333333,2.3333333333,5.8333333333,5.0,5.1666666667,-1.8918335353,-0.445472299,0.4741960811,4.3717427751,1.9409663019,0.046477152300000005,2.3821895901,38.8888888889,33.3333333333,33.3333333333,4.5,5.25,3.875,3.125,3.25,3.8571428571,3.0,47.0,-1.1193850506,2.7454643075,21.0,130.0,7.6113128603,0.3752535483,7.0,1.8,0.8893036842,0.0018797391,0.9042663574,0.0021048583,0.6944444444,-5.553730190361736,-5.537595558952301,-3.664674886451777,4.0,-1.0222824733,1.4694661089,0.3419096782,1.6577022235999999,-0.2204670706,4.2666666667,343.6666666667,3.3417519484,0.3100004579,1.9648421968,12.0,78.0,1.9459101490553132,3.4504683646430014,0.4178286969,8.0,1.6466755138,0.4058877032,2.0617491274,-0.1612200869,0.4166666667,0.5,0.4166666667,0.5596157879354227,92.0,0.6000000000000001,0.9,0.7000000000000001,0.7000000000000001,1.8202307512,0.283706514,2.2445892413,-0.8759672381,0.5062972292,0.0509821471,1.61227e-05,5.3508437733,0.6137855829000001,0.2609732736,2.9418523849,0.2614462212,1.4255899878,-0.9507614494000001,407.0,6.4,4.6,310.0,2.7744834417,0.4463639334,0.5402764860268852,310.0,297.5,2.9657494612,0.40933739210000003,1.8785626554000001,-12.5,38.7140804598,2.4253276427,0.3303327813,2.3633131679,-0.3720436972,6.5,5.0,6.0,6.0,6.5,53.0,-0.4093374021,-0.0198415439,1.3464165808000002,0.2304560041,1.8209893140000002,-0.20133768170000002,-0.143364751,3.0,3.5,2.2222222222,3.0,3.6666666667000003,2046.6666666667,0.0,8.0,4882.25,0.1517329561,0.41074034200000004,0.38018864100000005,2.4,1.9090909091000001,1.8333333333000001,1.1428571429,3.4166666667,0.8143547596,0.1272265411
s388,0.9981845752,0.2657556779,1.196611399,1.1,42.380952381,0.30000000000000004,37.8666666667,0.5,-0.6851156218000001,-0.8466348651000001,3.1141697118,0.40029878480000003,2.2554746646,-0.3895912684,0.3055034247,-1.1970618086984008,-2.759767162065877,-5.727850725201127,-5.8308199470687265,4.9333333333,3.0,4.7333333333,3.25,3.75,3.6,3.0,38.0,1.9407214886,0.3037831867,1.5066115998,0.5,0.1666666667,12.1666666667,0.0083333333,1.0,-0.001,-2.1666666667,14.6666666667,0.0589340412,1.0,-5.22769e-05,-1.6186440678,2.0,0.0403792526,0.7969882878000001,10.3,6.9,1.6095375010000001,0.34262211740000004,2.1059577886,-0.9994298144,0.1666666667,1.3333333333000001,1.6666666667,0.0,1.5,2.8333333333,5.6666666667,6.0,4.8333333333,4.0,4.0,1.6666666667,1.6666666667,3.8333333333,4.8333333333,6.1666666667,0.1436251264,1.1482999943,-0.06425717410000001,3.1967554368,1.8329322412,0.0404040385,2.1945225215,33.3333333333,77.7777777778,62.962962963,5.0,4.25,3.25,3.625,3.5,2.8571428571,3.0,53.0,-1.1622509791,3.1338577672,31.0,108.0,2.3916188301,0.3492235958,5.0,1.8,0.7531066895,0.0018536196000000001,0.8417526245,0.0020777728,0.7777777778,-1.8444397271102142,-3.664674886451777,-3.6869826661541367,3.0,-1.1649544179,1.1666944425,0.3848697755,1.8579959726,-0.1152416815,4.2666666667,446.3333333333,1.9868704983,0.3004845728,1.1752789854,79.5,113.5,2.0794415416798357,-8.9500105761,0.45253378520000004,12.0,1.5331340224,0.5436771825,2.036251439,-0.2160066861,0.9166666667000001,0.33333333330000003,0.75,0.08004270764276712,130.0,0.0,0.30000000000000004,0.5,1.0,2.4450068662819997,0.3593405638040002,2.1801611374999994,-1.0880550907469997,0.46531791910000003,-0.0467335589,-0.00034862,9.5071684523,0.5260532042,0.1471845504,2.0313827661,0.3031467658,1.6829342985,-1.171171229,402.0,6.2,6.8,323.0,2.0147318254,0.26336793340000003,0.4835824804972745,280.5,356.3333333333,1.8803296586,0.3277558084,1.374966689,75.8333333333,69.8467209247,1.3778449418,0.33755102200000003,2.035641482,-0.8799793795,7.0,6.0,5.5,4.0,7.0,25.0,-0.5011775861000001,-0.2167735733,0.5064856062,0.0063249137,2.2655703642000002,0.2129489889,-0.3277852646,3.7692307692,3.5,4.4444444444,2.7777777778,3.4,1840.5333333333,11.0,6.0,4639.4166666667,-0.3199271963,0.0372646536,-0.27091722300000004,1.6,2.2727272727,1.4166666667,1.3571428571,3.25,0.8568106470000001,0.46917213300000005
s391,1.1378417516,0.2269007452,1.3490062126,1.75,28.5714285714,0.30000000000000004,23.1578947368,0.36666666670000003,-0.8258090639000001,-0.31229461750000004,3.3881024178,0.3310932179,1.7817623755,-0.7813448411,0.22500171230000002,-0.5841054351702806,-3.107391119898418,-6.8112069569014935,-8.175622545229649,4.3333333333,3.8571428571,3.7333333333,3.5,2.75,4.0,4.0,41.0,3.2867410229000003,0.2773122789,1.7445225563000002,0.5,0.1666666667,5.6666666667,0.09166666670000001,3.0,-0.007666666700000001,-2.9166666667000003,6.0833333333,0.1167682927,3.0,-0.0043292683,-2.506097561,1.0909090909,-0.017020668000000003,1.1021418866000001,7.1,5.5,1.7977956584,0.4745379529,1.6584411462,-0.1883124685,0.3611111111,2.1666666667,3.0,0.1541506798558298,2.6666666667000003,5.1666666667,5.1666666667,5.8333333333,6.5,5.6666666667,3.1666666667,2.3333333333,1.5,1.0,1.1666666667,4.8333333333,-1.4109605675,-0.3075663332,0.0,5.3201349372,2.3730453737,0.0040514266000000005,3.4221408466,27.7777777778,88.8888888889,37.037037037,5.0,2.25,4.125,3.75,1.75,3.2857142857,1.875,61.0,-1.0385004382,3.3813588491,36.0,218.0,59.8991114415,0.8568707964000001,6.0,1.0666666667,0.7578666687000001,0.0013825694,0.9613037109,0.0025659852000000003,0.4444444444,-4.625581180301964,-3.664674886451777,-3.664674886451777,2.0,-1.2004466044,1.5907734592,0.4995580482,1.3728128634,-0.39859037270000003,3.2666666667,281.1666666667,2.1941860451,0.3713268811,1.3920510179,-2.0,18.0,1.3862943611198906,0.11133146980199977,0.46048239100000005,5.0,1.0234912321,0.5468402862,1.4825186998,-0.6225124132000001,0.8333333333,0.75,0.6666666667000001,0.15415067985582961,142.0,0.4,0.6000000000000001,0.5,0.1,3.0737905144,0.3951589171,1.9765673022999999,-1.6146464834,0.5479115479000001,0.0995821445,0.0008655129,8.377456937,0.6230637032,0.21659522790000002,2.6527925847000002,0.30666488210000004,1.6368665047,-0.37248709300000005,341.5,6.6,5.1,309.6666666667,4.4381465677,0.37311430360000003,0.7650675389126455,264.5,315.1666666667,1.7140643594,0.31114574030000003,1.6331078252,50.6666666667,84.6613845841,2.0356665546,0.44438731530000003,1.5718730227000002,-1.6057088456000002,6.0,6.0,1.0,1.0,4.0,46.0,0.1958513081,0.22481328490000002,1.1069591741,0.3889138037,1.2071178881,-0.9208405218,-1.0514319819,4.2307692308,4.9,1.5555555556,2.1111111111,3.0666666667,1271.6515873016,27.0,7.0,3030.6666666667,1.3244216434,-0.8164993490000001,0.96994671,1.3,1.0909090909,3.4166666667,1.3571428571,1.9166666667,0.8169250534,0.29785604
s396,2.0723875952,0.2580840712,1.3157578453,3.1,37.6842105263,0.36666666670000003,31.3333333333,0.30000000000000004,-1.2130563851,-1.5598033275,2.2219990884,0.3312144452,1.0906749241,-2.1793969223,0.8037517123,-0.7826616877676936,-0.8956323064169227,-9.971147741011128,-6.7440525654332655,4.5333333333,3.8214285714000003,3.8666666667,2.0,1.5,2.2,2.8571428571,53.0,5.6026642634,0.2660641733,1.6138175009,1.0,0.0,10.625,0.1958333333,3.0,-0.0098333333,-3.7083333333,11.4583333333,0.10416666670000001,2.0,-0.011857142900000001,-4.5416666667,1.0909090909,-0.1490909091,0.8363636364,8.4,7.5,3.4302709156,0.4430585897,1.4425168164,-0.6034815344000001,0.7777777778,4.3333333333,5.6666666667,0.4054651081081644,4.0,4.8333333333,4.6666666667,4.5,5.0,3.5,2.6666666667000003,1.6666666667,2.3333333333,2.5,2.6666666667000003,4.1666666667,-4.3265043549,-0.8930491326000001,0.1910395678,4.9380558016,2.8097984628,0.0425299949,1.8998998031,50.0,77.7777777778,37.037037037,4.8333333333,6.25,3.75,1.75,2.875,3.5714285714000003,3.375,35.0,-1.1195720593,3.7262636324000002,34.0,215.0,59.8991114415,0.8568707964000001,6.0,1.2,0.8590270996,0.0017042650000000002,1.0,0.0020980883000000002,0.6666666667000001,-7.365900695568905,-6.449609932071972,-6.449609932071972,2.0,-1.1359335885,2.145835604,0.3319690248,1.4958222937,-0.4832001664,3.9333333333000002,311.3333333333,2.6805603210999998,0.263255561,1.0135598314,20.5,5.0,0.6931471805599453,3.8532563335,0.3913725262,18.0,1.8093811872,0.516420376,1.6374745742,-0.5876886735,0.5833333333,0.8333333333,0.5,0.15415067985582961,120.0,0.5,0.2,0.5,0.30000000000000004,3.0622021364,0.3260896298,1.2685313335,-3.1745539484,0.44827586210000003,0.07935503990000001,0.0022489483000000003,7.8831556541,0.5334447028,0.1842733072,4.3070772617,0.2415794225,1.2288610978,-1.5981212132,250.0,6.2,7.2,322.1666666667,3.2536275748,0.2970617062,0.011611280613096363,251.0,228.5,2.8812252495,0.3110298596,0.9959548461000001,-22.5,13.1841083648,2.3708647174,0.29840858740000004,1.4584120562,-0.9761940848,3.5,6.0,6.0,1.0,3.5,43.0,-0.8705412464000001,-0.3885189982,2.434084389,0.29393745790000003,1.3668302435,0.19203519600000002,0.1953699716,4.6153846154,2.8,3.4444444444,1.7777777778,2.0666666667,1569.3256944444,17.0,8.0,3334.75,2.4559660894,-0.9971707412,0.7610815599,1.2,1.1818181818,1.8333333333000001,1.4285714286,2.25,0.6242468504,0.42693907940000003
s397,1.6579119762999999,0.189280305,2.1523734515,7.55,35.1666666667,0.2,28.2,0.33333333330000003,-0.2185407365,-0.5072200837,3.7140454436,0.3281525471,1.5058705721,-1.3686597464,0.6506181507000001,-0.8107224038358173,-0.18481026750701213,-8.933467256391406,-8.019306313370377,3.4666666667,3.8214285714000003,4.4333333333,2.0,2.5,2.8,2.7142857143,42.0,2.8288635876,0.19753844850000002,1.6741312654,0.6666666667000001,0.33333333330000003,17.0416666667,-0.0041666667,1.0,0.0005,-2.9583333333,11.5416666667,-0.0070291777,1.0,0.0005119363,-3.1054376658,1.0,-0.1826783115,0.9053857351,8.1,8.6,2.2277951438,0.38669310970000004,1.7693756398,-0.3748544655,0.9166666667000001,2.3333333333,3.1666666667,0.0,2.8333333333,3.5,4.1666666667,4.8333333333,5.0,4.8333333333,3.0,2.6666666667000003,2.6666666667000003,2.6666666667000003,2.1666666667,5.1666666667,-0.35346574080000004,-0.3977872329,-0.5629734621,4.194188013,2.5528634545999997,0.28734325650000003,1.9221932219000002,55.5555555556,22.2222222222,33.3333333333,5.0,5.75,3.125,2.25,3.5,3.4285714286,2.875,41.0,-1.1195720593,3.7262636324000002,22.0,135.0,59.8991114415,0.8568707964000001,6.0,1.3333333333000001,0.7522890091000001,0.0014577191000000001,0.9300781250000001,0.0019152839000000001,0.6944444444,-8.511264302067358,-8.511264302067358,-6.449609932071972,2.0,-1.2755517731000001,1.9366987554000001,0.35010989340000004,1.3609561105,0.1815850314,4.1333333333,223.8333333333,3.0686581453,0.325365824,1.6015796618,7.0,149.5,1.0986122886681098,-0.9352962321,0.5081787552,14.0,1.4806908233,0.3061027743,2.1036207416,-0.2852722318,0.0,0.0,0.0,0.6931471805599453,91.0,0.1,0.5,0.6000000000000001,0.1,2.4115022319,0.3594670005,1.7756450731000002,-0.8314872209,0.4447174447,0.1105852882,0.0001049135,11.7740432484,0.6005623328,0.1399875467,3.1074076891,0.2788975628,1.3538086686,-0.8132269291,300.5,6.3,6.1,300.1666666667,2.9677920222000003,0.3211798433,0.6274905003287651,201.3333333333,181.8333333333,2.482367188,0.2746861324,1.6230248475,-19.5,63.8916908467,2.2884842192,0.3255543569,1.7634869771,-0.4962276874,4.5,5.0,6.0,3.5,4.0,48.0,-0.7192513584,-1.1394670389,1.6916661925,0.3082584409,1.5621651716,-0.9505186485,0.1326328522,3.3846153846,3.4,4.0,3.3333333333,3.0,2067.494047619,21.0,5.0,3340.6666666667,0.6930428539,-0.6574552771000001,0.5903882471,2.3,1.7272727273,1.9166666667,1.9285714286000002,2.0833333333,0.8247091964000001,0.3918977625
s402,1.714843584,0.2193649269,2.6246127263,2.5789473684,21.2,0.1666666667,25.0,0.30000000000000004,-0.2797293321,-0.4528994203,2.3550697169,0.6123585931000001,1.6872978921000001,-0.6630132774,0.2242722603,-2.217837978262529,-3.205777057033553,-6.883867770889236,-3.6713052962476196,3.2666666667,2.9285714286,4.3333333333,2.0,2.75,2.8,2.8571428571,41.0,3.4077202607,0.4422813258,2.4783256905,0.5,0.33333333330000003,15.0,1.804112415e-16,2.0,5.2041704280000005e-18,0.0,16.4166666667,-0.0087511191,0.0,0.0014601611,-0.11168307970000001,1.0,-0.0671990412,0.0225015898,7.8,8.4,1.7787095619,0.756351086,1.9760189810000002,-0.3675910676,0.35416666667300023,1.6666666667,2.0,0.287682072426781,2.8333333333,2.8333333333,5.3333333333,6.1666666667,4.5,4.6666666667,2.3333333333,1.6666666667,2.5,3.5,2.1666666667,5.3333333333,-1.4179718278,-0.0847576419,0.1932209246,4.933693088,2.1478914453,0.0033344606000000002,3.5141714608,44.4444444444,33.3333333333,33.3333333333,4.6666666667,5.0,3.0,3.625,2.25,3.1428571429,2.875,37.0,-1.6553879915,2.654631768,20.0,108.0,10.925098711,0.2565783653,8.0,1.3333333333000001,0.689743042,0.0004905462,0.9926757812,0.000756605,0.75,-2.748384152235016,-2.748384152235016,-1.8444397271102142,1.0,-1.4420030715,1.8358726797,0.5686932872,1.5311036219,-0.3276383883,3.8,356.97333333333705,2.6778776511049993,0.3533862100710001,1.4699952707440005,22.24,76.85,1.6094379124341003,5.711338168805996,0.41316341830000003,12.0,1.5769520131,0.7368576458,1.9855746583,0.0339728368,0.25,0.1666666667,0.0833333333,0.6061358035521337,92.0,0.0,0.0,0.6000000000000001,0.2,3.0705185414,0.5033486956000001,1.7260634057000002,-1.5455517359000002,0.2875318066,0.0343419512,-0.0001906082,0.2190998698,0.0065370789,0.44614547390000003,1.5698411639,0.38430837700000003,1.4802482594000002,-0.5098023810000001,704.0,5.5,4.7,704.1666666667,1.5249097541999999,0.5475279755,0.1101400284577665,465.1666666667,443.5,1.9806071418000002,0.5362417443,1.296300772,-21.6666666667,3.3616350257,1.1265766138,0.5723094005,1.6550091783,-0.1532001204,5.5,6.0,5.5,1.0,5.0,60.0,-0.37747881310000003,-0.5988625457,1.2938388679,0.5790292892000001,1.9081404795,-1.1430432858,-0.5181054483,3.3076923077,3.6,3.6666666667000003,2.6666666667000003,2.8,2745.2729166667,11.0,7.0,2883.4166666667,-0.381421001526,0.13419212017700002,-0.07318018455699997,2.9,1.9090909091000001,1.75,1.9285714286000002,2.25,0.8674306435,0.17458179170000002
s403,1.1022683866,0.2178783574,1.5589460783,2.1,44.384615384599996,0.5666666667,42.1428571429,0.5333333333,-0.5796287577,-0.6142071109,2.8996155420000003,0.3192169955,1.6230133297,-1.0422919343000001,0.4462619863,-0.42120041891378596,-1.362604589938623,-8.93761458930821,-7.14959374633124,6.0666666667,4.1428571429,5.7,1.5,1.25,3.0,4.0,31.0,2.0384703851,0.2649306341,1.4187582551,0.1666666667,0.5,15.3333333333,-0.0166666667,2.0,-0.006666666700000001,-3.0833333333,26.9545454545,-0.0314327062,0.0,-0.000512301,-0.9143270622,1.0,-0.25081818640000003,0.9586627058,6.3,5.5,1.0979622597,0.45186285800000003,1.7647907537,0.031280242,0.2777777778,2.3333333333,2.8333333333,0.0,1.6666666667,4.0,5.5,6.1666666667,6.3333333333,5.8333333333,3.1666666667,3.3333333333,2.8333333333,2.1666666667,1.1666666667,5.5,-2.6043732417000003,-1.0237357093,0.1954308362,4.9292732649,2.4249614357000002,0.2100289659,1.7768604619000001,16.6666666667,100.0,88.8888888889,3.1666666667,4.0,2.125,1.25,1.25,1.2857142857000001,3.625,38.0,-0.9928100529,3.4727396196,12.0,124.0,7.6113128603,0.3752535483,7.0,1.0,0.7021194458000001,0.002240109,0.8258712769000001,0.0024563923,0.5833333333,-5.553730190361736,-4.625581180301964,-5.537595558952301,2.0,-0.7140091274,1.4527250014,0.3184731334,1.7947555779000002,-0.39291345590000004,1.8,315.15000000000515,3.0065411004460003,0.32118171204599993,1.5382023745220004,17.12,68.98,1.3862943611198906,7.1036079313,0.5443285807,10.0,1.5809159396,0.5623534808,1.5008085185,-0.18362945860000002,0.33333333330000003,0.1666666667,0.75,0.5108256237859906,81.0,0.2,0.30000000000000004,0.5,0.1,2.9250323422,0.38469154580000003,1.7252129521000001,-1.7927422109000002,0.45771144280000003,0.0548731587,-0.0018305451,3.8295888524,0.6906928383000001,0.3001701451,2.2127124241000002,0.2770429015,1.5463929213,-0.1846888052,345.5,6.1,4.3,219.0,3.1762019718,0.3835395974,0.5684694793966716,222.3333333333,257.5,2.6430155058,0.3622346816,1.355716254,35.1666666667,36.185520362,2.3324252266,0.3678794737,2.0759547441,-1.5441879935,3.5,5.0,1.0,1.0,2.0,71.0,-0.1619081292,0.1075780218,0.80931182,0.07264755860000001,1.8301113942,-0.47620383520000004,-0.9574655146000001,3.1538461538,4.5,1.5555555556,3.4444444444,2.8,1503.9148148148,16.0,7.0,3136.25,-0.463192349,-0.1110726732,-0.708779354,2.9,1.3636363636,3.3333333333,1.2142857143,1.0833333333,0.9095457374,0.2468086555
s408,0.9368085131,0.3630729904,1.4273127684,1.8,29.5238095238,0.30000000000000004,15.0,0.1666666667,-0.3105074664,-0.626024594,3.6685391438,0.3395325127,2.3068772304,-0.3276687733,0.4410205479,-2.208100284624121,-3.223983021925179,-7.194799155124512,-6.1495056581918845,4.4666666667,3.7857142857,5.2333333333,2.25,2.25,3.6,4.0,34.0,3.1711417949,0.2437596851,1.7633434802,0.8333333333,0.1666666667,7.25,0.0083333333,2.0,-0.0016666667,-2.75,8.0416666667,0.0025550661,1.0,0.0002881057,-2.3566079295,1.0,0.1041058182,0.988330248,9.2,7.3,1.7349976386,0.4021507285,1.6905819976,-0.3328643475,0.30555555560000003,1.6666666667,1.0,0.287682072426781,1.3333333333000001,3.0,5.8333333333,6.5,6.3333333333,5.6666666667,2.3333333333,1.5,1.1666666667,3.6666666667000003,1.0,3.5,-4.5968057435,-1.7314726125000002,0.1910395678,4.9380558016,3.3212920187,0.22021171520000002,2.1105118765,5.5555555556,0.0,14.8148148148,1.0,1.0,4.125,1.125,4.0,1.1428571429,1.375,34.0,-1.0385004382,3.3813588491,18.0,204.0,25.7627506452,0.3968411315,9.0,1.2,0.7333805084,0.0007687047000000001,0.9687500000000001,0.0008826677,0.5277777778,-2.748384152235016,-3.664674886451777,-3.664674886451777,1.0,-1.0152348935,0.6293049749,0.5391169152,1.6533149595,-0.3264682707,5.6,381.0,2.4138121658,0.3248483205,1.1190684619,-10.5,39.0,2.9444389791664403,1.1232677557,0.6436460329,4.0,2.1802034364,0.419546531,1.6055749875,-0.2506783829,0.1666666667,0.6666666667000001,0.8333333333,0.6061358035521337,79.0,0.2,0.30000000000000004,0.5,0.2,2.6431248935,0.4387271982,1.59731936,-1.7452782113,0.5771144279,0.09082416210000001,0.002472657,5.3830382242,0.5255378175000001,0.23629318270000002,2.297415944,0.2587664703,1.4917005078,-0.6226125941,348.5,6.2,5.3,363.3333333333,3.4193912118,0.33358574690000004,0.41434753582038136,286.1666666667,291.8333333333,2.9409352602,0.32892063850000003,1.1823271539,5.6666666667,17.948482933,2.0440499638,0.3029378118,2.5353451261,-0.7524848009,5.0,1.0,1.0,5.0,3.0,58.0,-0.7810504834,0.6598582352,1.498488882,0.3215879176,1.3423587844,0.058133862200000004,-0.6568008473,3.3076923077,4.4,2.7777777778,2.6666666667000003,2.5333333333,3290.2666666667,-1.0,9.0,4519.1666666667,-0.7479982802,0.2503683699,-0.4884360056,3.0,2.4545454545,3.5833333333,1.2857142857000001,2.25,0.820936714,0.33923751420000003
s409,2.1095605763,0.3539281325,1.6293609066,3.35,22.6086956522,0.2333333333,11.7,0.33333333330000003,-0.3997212235,-0.7300912616,3.9064030436,0.3532175796,2.1773526113,-0.7110265295,0.6760933219,-0.8100100489251326,-1.416347634924351,-9.048735259882378,-7.854091128830166,3.1333333333,3.1428571429,4.2666666667,2.5,2.5,3.0,3.7142857143,52.0,3.732666333,0.29689985,1.5223823285,0.8333333333,0.0,7.2916666667,0.1791666667,3.0,-0.0045000000000000005,-0.9583333333,7.25,0.1104018913,3.0,-0.0030827423,-1.7517730496000001,1.0,0.2105263158,0.2631578947,8.5,8.9,2.6813819967,0.5535866469,1.8893870177,-1.1243653939,0.4444444444,1.6666666667,2.0,0.287682072426781,1.0,3.5,5.0,5.1666666667,5.0,6.0,3.6666666667000003,2.3333333333,2.3333333333,2.6666666667000003,1.5,4.8333333333,-1.2644728121,0.9070562184000001,-0.5629734621,4.194188013,2.8410106772,0.2140203688,2.0360238713,66.6666666667,33.3333333333,37.037037037,2.0,2.0,4.0,3.75,3.125,2.1428571429,3.125,40.0,-0.8893284577,4.1867508355,28.0,187.0,10.925098711,0.2565783653,8.0,1.0,0.7082961082,0.0012391523,0.9926025391000001,0.0016923651,0.6388888889000001,-5.553730190361736,-4.625581180301964,-4.625581180301964,2.0,-1.195162352,2.0532222981,0.43970730610000003,1.9316033392,-0.3854102941,4.5333333333,349.1666666667,3.713377384,0.32461894,1.6214091738,4.0,69.5,0.6931471805599453,3.8291262029789994,0.5922426608,13.0,2.0308163934,0.5618088450000001,2.0867590452,-0.5126215668,0.5833333333,0.8333333333,1.0,0.28768207242678084,119.0,0.1,0.2,0.2,0.0,3.1753901496,0.4539247913,1.5940161376000002,-2.0122090391,0.5405405405,0.1128570326,-0.00038064690000000004,5.6921835177,0.6874711855,0.25644502620000004,2.5355350516,0.3027913259,1.6080625964,-0.3785112447,305.0,6.0,5.7,251.8333333333,5.6970437266000005,0.3092838753,1.101202609754494,237.3333333333,253.5,4.3619913027,0.35703980360000004,1.8484277131,16.1666666667,16.2087621565,2.7439305891,0.32821343950000004,2.6924218848,-1.360408491,5.5,6.0,3.0,2.0,5.0,42.0,-1.5846198622,0.1653166171,1.6737452081000002,0.3235178466,2.0425987609,-0.1859441831,-0.6364589315,4.0769230769,3.5,3.2222222222,2.3333333333,2.1333333333,1975.5606060606,0.0,11.0,4805.4166666667,0.4843304285,-0.22174384490000001,0.6248507702,2.0,1.9090909091000001,2.0833333333,2.0,1.9166666667,0.8497311315,0.2050711358
s420,1.5225536603,0.3173925704,1.5114504862,2.5,35.2631578947,0.36666666670000003,20.0,0.33333333330000003,0.1157223574,-1.1482772716,2.2040667559,0.4109395853,1.7847480172,-1.1578669574,0.5662619863,-0.09773177386790922,-1.377056341325762,-8.373986753350852,-9.319010803812349,5.8666666667000005,4.3214285714,5.1333333333,2.5,3.0,3.8,3.5714285714000003,27.0,3.2938635927,0.3253852719,1.526668954,0.6666666667000001,0.1666666667,8.5,-0.09166666670000001,2.0,-0.0053333333000000005,-3.25,14.375,-0.11820448880000001,1.0,0.0020174564,-2.6758104738,1.5454545455000002,-0.0761073171,0.7094930700000001,9.1,7.7,1.6762529779,0.37910273380000004,1.968252864,-0.8530443778000001,0.30555555560000003,1.8333333333000001,2.5,0.287682072426781,3.3333333333,2.8333333333,4.1666666667,5.0,5.0,4.8333333333,2.5,1.3333333333000001,1.0,2.0,4.0,5.1666666667,-2.048088915,-0.7804349099,-0.235643119,2.6928294713,1.9923809665,0.16916293300000002,1.8216666415,66.6666666667,33.3333333333,37.037037037,5.0,3.5,2.75,1.25,2.375,2.4285714286,3.625,44.0,-1.070541321,3.8243251091,22.0,220.0,46.0626954627,0.8291899447000001,10.0,1.2666666667,0.6410208702,0.0009659589,0.6870723724000001,0.0013621814,0.6944444444,-3.664674886451777,-2.748384152235016,-4.609202534990781,1.0,-1.5095217012000002,0.8941543797,0.0529148796,2.0311801177,-0.1681686026,3.1333333333,355.6133333333391,2.772354641781999,0.3274265478,1.5205089859130008,17.12,67.28,2.0794415416798357,3.1153785655,0.6422481307,7.0,1.4246169445,0.3715557736,2.0895990381,-0.0496846821,0.0,0.33333333330000003,0.33333333330000003,0.45953232935738747,87.5,0.1,0.5,0.5,0.30000000000000004,2.1415249576,0.3288845287,1.8426842051,-0.7369409128000001,0.45580110500000004,-0.0084093181,-0.0020759226,4.2018060727,0.44835414690000003,0.2252091535,3.0584727886,0.3112978717,1.7258085786000001,-0.8163293688000001,420.5,7.8,5.7,382.1666666667,3.0002754854,0.3796573898,0.27787535419383047,356.6666666667,371.6666666667,2.9025392378,0.32501053950000003,1.5280891572000002,15.0,24.9308070763,3.1514458346,0.31371359330000004,2.8388150068,-0.7755956431000001,4.0,4.0,2.0,2.0,4.0,46.0,-0.7743024145,0.0683721258,2.1777704037,0.3681638407,1.6912766087,-0.3874222961,-0.5973638731,3.1538461538,4.5,1.8888888889,3.1111111111,3.6,2210.3796296296,2.0,7.0,3312.25,-0.1805130577,0.1636471042,0.17276408070000002,2.1,2.3636363636,3.0,2.7857142857,2.4166666667,0.8217529209000001,0.3179942208
s421,2.3463415443,0.2769332796,1.1853237479,2.7,39.0909090909,0.2666666667,22.5,0.4,-0.07370058800000001,-0.2515223178,3.2872937756000002,0.3694224044,1.6320980848,-0.5423926054,0.3277328767,-2.2400123295677714,-3.172616584595884,-7.431091164095845,-6.0639971761511235,2.6666666667000003,3.2142857143,2.4,1.75,1.75,2.6,3.1428571429,57.0,4.0087245611,0.2439192121,1.6000625097999999,0.5,0.1666666667,16.4583333333,0.22916666670000002,2.0,-0.0045000000000000005,-8.125,15.1666666667,0.0364812942,1.0,0.0038592518,-6.3073811931,1.3636363636,-0.055308833700000004,0.9085467256,8.5,6.7,1.4849312771,0.38963917870000003,1.7682967018,-0.4671210857,0.1111111111,2.5,4.0,0.0,1.5,3.3333333333,4.5,5.0,5.3333333333,5.1666666667,3.3333333333,1.3333333333000001,1.5,1.3333333333000001,1.1666666667,5.3333333333,-1.9760303893,0.5133402758,-0.5616381195,3.4239749998,2.1931815302,0.16631056160000002,1.6247058341,66.6666666667,11.1111111111,25.9259259259,5.0,2.5,4.375,5.0,4.75,3.2857142857,3.0,40.0,-0.6807759697,4.096807786,37.0,173.0,10.925098711,0.2565783653,8.0,1.0666666667,0.8157928467000001,0.0017959870000000002,0.88671875,0.0016432629,0.5833333333,-4.625581180301964,-4.625581180301964,-2.748384152235016,4.0,-0.8469677045,2.4200274603,0.35058249140000003,1.9728093202,-0.4997671374,5.8,268.1666666667,3.2451451452,0.4006155905,1.6625439647,31.0,195.0,0.0,-2.0755633171,0.3793708562,10.0,2.0778643481,0.47147564500000005,2.3495813667,-0.3156897162,1.0,0.4166666667,0.5833333333,0.0,142.0,0.0,0.0,0.30000000000000004,0.0,2.0683794304,0.3531865802,2.3339064946,-0.8951355501,0.4187192118,0.0266642282,0.0010203138,3.6678087778,0.4318299312,0.34742306700000003,3.6020630713,0.2789849782,1.1391318178,-1.194156759,295.0,6.3,5.5,226.6666666667,2.1986753955,0.3053407816,0.43789366064864654,236.5,242.5,2.3971367613,0.2996718873,1.4265024948,6.0,58.6230042017,3.1875353066,0.2849343776,2.9207245095000003,-1.4440186455,6.5,7.0,5.5,5.5,4.0,36.0,0.0494478015,-0.22243064040000002,1.4044829495,0.2601143669,1.5279258171999999,-1.1094185766,-0.6525961254,4.6923076923,2.4,4.1111111111,2.3333333333,2.5333333333,2005.8452380952,15.0,9.0,2570.6666666667,-0.8456330771,0.6190152002,-0.7134042403,1.2,1.2727272727,1.3333333333000001,1.0,1.8333333333000001,0.85833508,0.517058028
s425,1.8073880668000002,0.3168100933,1.5592693153,2.65,27.3157894737,0.36666666670000003,33.4090909091,0.2666666667,-0.4085315666,-0.6865621915,3.7700978038,0.3959974379,1.5087988721999999,-0.7503585974,0.48811815070000003,-0.686402851561815,-1.4737379609589052,-7.482449426162087,-7.973354060169115,5.5333333333,3.3214285714000003,4.4333333333,2.5,3.25,3.6,4.0,35.0,6.4920372959,0.2918855157,1.8961649597,0.5,0.33333333330000003,7.9166666667,0.17500000000000002,3.0,-0.0046666667000000005,-3.6666666667000003,8.75,0.2971188475,3.0,-0.013939976000000001,-2.1651860744,1.0,0.45905321990000003,0.8203784198,8.2,6.1,2.5403408592,0.4103680348,2.4668962934,-0.059638035000000006,0.5833333333,2.6666666667000003,3.8333333333,0.1541506798558298,2.8333333333,3.5,4.0,3.5,6.1666666667,5.0,2.5,2.6666666667000003,1.5,2.1666666667,1.8333333333000001,5.1666666667,-0.6891232748,-0.062293852600000005,0.0,5.3201349372,3.4211545481,0.0815824222,4.849020901,72.2222222222,66.6666666667,37.037037037,3.3333333333,1.5,3.125,3.875,2.5,2.7142857143,3.75,40.0,-0.9575666758,4.0502743994,15.0,125.0,7.6113128603,0.3752535483,7.0,1.2,0.8235885620000001,0.0007136634,0.99921875,0.0010976759,0.8055555556,-6.449609932071972,-5.553730190361736,-5.553730190361736,2.0,-0.2531605381,1.4762671018,0.6240773876,2.2534183524999998,-0.2194381165,3.9333333333000002,248.1666666667,4.03177858,0.29992271740000004,1.6248865473,-10.5,44.0,2.3978952727983707,7.9541336193,0.5446675214,16.0,2.0368711642,0.4230618948,2.161900169,-0.4591695491,0.9166666667000001,0.0833333333,0.4166666667,0.5108256237859906,95.0,0.2,0.9,0.7000000000000001,0.1,3.4772282316,0.4243615489,1.5769012342000002,-3.059619223,0.5392156863,0.1153885788,0.0001472206,94.835876289,0.9983962242000001,0.1808958941,4.5997207389,0.28251250380000004,1.7124546887,-0.6274679031,287.0,7.2,5.8,326.8333333333,5.8501019351,0.3609602991,0.31706657702864166,214.8333333333,213.6666666667,4.4867329191,0.3102402647,1.4647796518,-1.1666666667,5.7517823367,3.4209445221,0.38043314100000003,2.0039832938,-0.5412883615,5.0,3.5,1.5,5.5,6.5,54.0,-0.7674774721000001,-0.8699953457,2.0713669946,0.3243541307,1.6379622713000002,-0.2164481908,0.38172824310000003,3.9230769231,4.1,4.4444444444,2.1111111111,3.5333333333,1772.2986111111,0.0,12.0,5576.0,1.7804966188,0.0100898481,2.7218679953000002,2.6,1.3636363636,2.8333333333,2.0,2.0833333333,0.213998563,0.3581534031
s427,2.0633028987,0.3302469977,1.1962927747,3.1,37.7777777778,0.4,28.0,0.30000000000000004,0.1074768401,-1.1619423389,2.9002950965,0.4096509652,1.1796353756,-0.603367133,0.7012517123,-0.5687165782601055,-0.7902051197462849,-8.680372338809892,-8.569528080707046,4.4,3.75,3.6666666667000003,3.0,2.0,3.4,2.5714285714000003,46.0,4.7477631108,0.266331571,1.9522470069,1.0,0.0,10.625,-0.1375,2.0,-0.0008333333,-0.9583333333,12.3333333333,-0.08094347460000001,0.0,-0.0026334165,-0.9761014131,1.8181818182,0.3064672174,0.8306382164,8.3,7.7,2.1916317794,0.44125115210000004,2.6939632380000003,0.3337656449,0.8611111111,2.5,3.3333333333,0.6061358035521338,3.8333333333,4.0,4.6666666667,3.8333333333,4.0,2.1666666667,2.8333333333,1.6666666667,3.5,2.5,3.6666666667000003,3.6666666667000003,-3.9843480349,-1.8347798859000002,-0.36754262600000004,3.8033263406,2.5371797926,0.0993375719,1.817877903,72.2222222222,33.3333333333,55.5555555556,5.6666666667,5.0,3.5,3.0,3.25,3.8571428571,2.5,45.0,-1.2083775268,3.5486526974,29.0,222.0,59.8991114415,0.8568707964000001,6.0,1.2666666667,0.7554122925000001,0.0008289222,1.0,0.0012577632000000001,0.5555555556,-8.511264302067358,-8.511264302067358,-8.511264302067358,5.0,-0.9277174007000001,1.9509394251,0.46448138170000003,1.9919031123000002,0.0667503282,3.8,343.5,2.6962242517,0.27250202490000003,1.1995939239,16.0,48.5,1.0986122886681098,17.1454996006,0.4602496474,13.0,1.7425281969,0.40233778610000004,2.1899093729,-0.095181074,0.9166666667000001,0.5833333333,0.9166666667000001,0.22314355131420976,117.0,0.2,0.6000000000000001,0.5,0.5,3.1616873736,0.3927093568,2.379140568,-1.6132086041,0.5365239295,0.1220488928,-0.0031236479,5.8533061382,0.49393743970000004,0.2652115286,2.7806190699,0.32103145510000003,1.0334214691999999,-2.4847439418,292.0,6.2,6.2,307.6666666667,3.0752619230000002,0.3344623923,0.032210697420306356,289.3333333333,290.5,2.8788234043000003,0.30683676400000004,1.0726653977,1.1666666667,3.4022212544,2.5681816191999998,0.3241615781,1.7335494072,-0.6088608515,5.5,6.0,6.0,5.5,3.5,40.0,-0.3263388854,-0.46548208630000004,1.8284126047,0.2910811427,1.9197210281000001,-0.255847564,-0.3449102201,4.0769230769,2.6,4.2222222222,1.8888888889,2.5333333333,2138.8054761905,10.0,7.0,3462.8333333333,2.136701171,-1.1967568689,0.7285041717,1.5,1.9090909091000001,2.0833333333,1.9285714286000002,2.4166666667,0.5467039102,0.5648713336
s430,1.0836798865,0.1977278562,1.5619860982,2.05,29.6153846154,0.1333333333,16.0869565217,0.2333333333,-0.7361808233,-1.0873997105,3.4172794226,0.34111194240000003,2.1890422283,-0.040590736100000004,0.3974606164,-3.213028230423166,-2.114713895648229,-6.351721384087475,-2.495676349776394,2.7333333333,3.1785714286,4.2333333333,2.75,2.5,3.2,3.2857142857,55.0,2.181653062,0.25181801470000004,1.4403680354000001,0.1666666667,0.33333333330000003,12.2916666667,0.0791666667,1.0,0.0008333333,-4.7916666667,9.0833333333,0.0772717991,3.0,-0.0036209924,-3.6101694914999998,1.2727272727,0.1814291827,0.5479246898,6.5,6.0,0.9682471318,0.2767151383,1.8435719384,-0.8474490065,0.27972222222400017,1.0,3.0,0.0,2.1666666667,3.6666666667000003,4.8333333333,4.3333333333,4.5,4.5,2.5,2.3333333333,2.8333333333,2.3333333333,2.5,4.5,-0.47003723010000004,0.8575666609,0.5536567586,4.21282142,1.9943062018000002,0.2147631922,1.5335007101,38.8888888889,33.3333333333,25.9259259259,5.0,3.75,3.875,3.25,3.875,3.0,2.625,46.0,-0.6617687581,1.5388063010000002,32.0,117.0,0.0574694643,0.16315927530000002,5.0,1.1333333333,0.8707984924000001,0.0011463783,0.9746093750000001,0.0013419236,0.4166666667,-1.3862943611198906,-1.3862943611198906,-1.3862943611198906,2.0,-0.7762350689,1.7787428757,0.4372333628,2.2766207864,-0.5710539241,4.4666666667,335.0,2.0211220941,0.3003681914,1.8619355405,-24.0,181.0,1.0986122886681098,3.902229313819999,0.5380925979,7.0,1.0501898423,0.5015028333,1.3813552936,-0.3028081731,0.5,0.6666666667000001,0.4166666667,0.08004270764276712,113.0,0.1,0.1,0.30000000000000004,0.1,2.0637442479,0.14474124400000002,2.6581330232,-1.2637028369,0.4510385757,0.0654722489,-0.0013687763,4.0650279408,0.6804018205,0.3243183196,2.4472008634,0.2586813616,1.9440181811000001,-0.3051947537,311.0,5.4,5.3,301.0,2.9212717048,0.3082836054,0.636792181172628,250.8333333333,250.0,2.7506246361,0.3160397323,2.08713014,-0.8333333333,60.0858445245,2.0654397692,0.4072806363,1.6749959786000002,-0.6594463518,6.0,6.0,6.0,2.5,3.5,34.0,-0.1686242359,-0.1873683234,0.8326919519,0.0378493335,2.0532793687,0.3039422922,0.2265414134,3.7692307692,2.8,4.5555555556,2.2222222222,3.0,3032.125,3.0,3.0,4066.9,-0.34354774911199987,0.11057129895800005,-0.42869959769499993,1.6,1.5454545455000002,2.0,1.6428571429,1.75,0.4262416183,0.2421250577
s441,0.8412023024,0.0744956613,1.7350378431,1.8,31.4,0.1666666667,27.1764705882,0.4333333333,-0.4042421467,-1.0137893265,3.6273171921,0.3265873567,1.936223922,-0.6597122502,0.5887517123,-1.5207498596845255,-2.1269568339239324,-8.423150177764295,-6.990309947322137,5.7333333333,4.2142857143,4.8666666667000005,3.0,3.75,4.0,3.1428571429,24.0,3.6195766086,0.2852983324,1.424402711,0.5,0.5,15.0,2.4980018049999996e-16,1.0,-2.7321894750000005e-17,0.0,11.8333333333,0.0153627312,0.0,-0.0005088397,-0.1564722617,1.7272727273,0.07856859170000001,0.8046398882,8.3,7.3,1.5484577731,0.4393794668,2.2155609283,-0.2139834596,0.4444444444,1.8333333333000001,2.3333333333,0.1541506798558298,2.8333333333,3.8333333333,4.3333333333,5.0,4.0,4.1666666667,2.6666666667000003,2.0,1.6666666667,4.0,2.6666666667000003,6.5,-4.3487389828,0.3818778067,0.1932209246,4.933693088,2.4066200194,0.1923909823,1.6930251122,22.2222222222,11.1111111111,40.7407407407,5.3333333333,5.0,2.25,4.375,3.5,4.0,4.25,53.0,-0.8893284577,4.1867508355,17.0,217.0,7.6113128603,0.3752535483,7.0,1.6,0.7579256058,0.0013438107,0.79921875,0.0017645508,0.3611111111,-6.449609932071972,-6.449609932071972,-5.553730190361736,1.0,-1.3907656212,1.9008022054,0.49850417420000004,1.8141779183,-0.49225267770000003,3.0,296.6666666667,3.7759737741,0.2752976748,2.2716592546,33.5,55.0,1.9459101490553132,7.941880417069004,0.8005203462,8.0,1.3097299359,0.5814790507,2.0858049305,-1.0435655541,0.6666666667000001,0.1666666667,0.5883333333309999,0.3483066942917451,105.0,0.2,0.7000000000000001,0.9,0.5,2.8041339395,0.35078774830000004,3.6824659879,-0.39534080860000004,0.4701492537,0.0267752359,0.0039339553,6.7544536339,0.564911905,0.2076471613,3.540746056,0.3346559228,1.8077309351,-0.7695096552,323.0,4.7,5.1,280.5,4.4495455523,0.3394060277,0.4547137137169421,211.3333333333,241.6666666667,3.5958790921,0.3327093242,1.3615863323,30.3333333333,35.2062643239,2.6711610461,0.3449342165,2.0055181038,-0.8931614598000001,5.5,3.0,6.5,2.5,6.5,50.0,-0.132822021,0.40773622340000004,2.3831221319,0.34165454500000003,1.8740556928,0.0348959972,-0.8920146282,3.6923076923,4.9,2.6666666667000003,3.6666666667000003,3.6,2101.3541666667,-9.0,8.0,5842.2916666667,-1.1116904385,0.36635632030000004,-0.8929858483,2.6,2.3636363636,3.5,3.3571428571,3.1666666667,0.1123515379,0.2400188182
s442,1.0064038678769998,0.11769028533599998,1.5429289696500006,1.766894736842,16.192307692299998,0.1333333333,14.347826087,0.2333333333,-0.0781611551,-0.5839380603000001,1.2081632042,0.0257962809,2.0695841171,-0.2556917879,0.22554794520000002,-2.191981496836258,-2.077170150443121,-6.5559744617677405,-3.09459538756069,4.8666666667000005,5.3214285714,4.1333333333,3.25,3.0,3.6,2.7142857143,39.0,2.4843480145,0.2575100467,1.339909499,0.0,0.33333333330000003,8.9583333333,-0.0375,0.0,0.0011666667,-0.2916666667,22.25,0.1303698435,0.0,0.0025775249,1.8215809795,1.5454545455000002,0.1044394074,-0.1387239397,9.3,8.6,0.2002244387,0.0172594545,1.5722311606,0.45798239960000003,0.0833333333,4.3333333333,4.5,1.4271163556481459,5.0,4.5,5.1666666667,4.6666666667,5.1666666667,5.8333333333,2.6666666667000003,5.0,4.1666666667,4.5,4.6666666667,4.6666666667,0.9953461675,0.9783691017,-0.6118858827,1.6446285539,1.0338734057,0.030559889200000002,1.4529691141,38.8888888889,77.7777777778,51.8518518519,5.0,5.75,3.25,3.25,2.75,3.1428571429,3.0,51.0,-1.3199953136,1.8306348181,24.0,114.0,-0.4585630845,0.1533472536,5.0,1.2666666667,0.7632318497,0.0017736754,0.695666933,0.0020347135000000002,0.2777777778,-1.3862943611198906,-1.3862943611198906,-1.3862943611198906,3.0,-1.3606292526,1.3163650653,0.38721980240000003,1.6393244374,-0.16378572200000002,3.6,330.93000000000205,2.681330221562999,0.2923989616969999,1.716261509887999,13.325,94.605,1.791759469228055,7.043388421223001,0.23066575520000002,2.0,1.0068753208919998,0.46287209897099985,1.9432850353970013,-0.31683053314499987,0.6666666667000001,0.5833333333,0.5833333333,0.295423871888594,107.5,0.5,0.4,0.9,0.4,1.4545665501,0.0494010764,2.9220154381,-0.1529732358,0.27329192550000003,-0.0155054005,-3.03496e-05,1.9948793661000002,0.22302830580000002,0.0073918823,2.061731661,0.1451708977,1.9071384841999999,-0.7540702172,371.0,6.0,4.9,321.03166666666095,2.4053028035370003,0.27375483210200013,0.5711007548114718,197.6666666667,288.5,2.0383887926,0.1275721195,2.0652367874,90.8333333333,30.3768548735,2.1548397834,0.3198296923,1.5090172044,-1.1489173228,6.0,4.0,3.5,3.5,5.5,43.0,-0.30739614031499984,-0.17973269704700004,1.1705989441449995,0.22394451174699997,1.8001570116769998,-0.3296244008020001,-0.40375022726400017,3.6923076923,3.5,3.4444444444,3.8888888889,3.1333333333,1699.5666666667,19.0,5.0,2776.5,-0.5397101071459999,0.012130059636999996,-0.31284630187800017,1.8,1.8181818182,3.1666666667,2.7857142857,3.25,0.1815193471,0.1918970506
s449,1.4422407982,0.2471226943,1.6420333366,3.3,35.7894736842,0.36666666670000003,23.85,0.33333333330000003,-0.1774836373,-1.2144303275000001,3.4140976713,0.3672378244,1.6928324523,-0.7109179372000001,0.2514229452,-3.003674689198805,-3.3133088222595344,-6.022379858592307,-4.630037377566487,3.6,4.2142857143,4.4,2.25,2.25,3.2,4.0,41.0,3.209855852,0.2808669606,1.4008440377,1.0,0.0,6.6666666667,0.09166666670000001,2.0,-0.0116666667,-1.6666666667,6.5416666667,0.0567621145,2.0,-0.0063497797000000005,-1.7920704846,1.1818181818,-0.1263366831,0.8415413553000001,8.6,7.3,1.9828611578,0.3648129605,1.8575185266,-0.3004501277,0.47222222220000004,2.8333333333,3.3333333333,0.6061358035521338,3.8333333333,5.3333333333,4.3333333333,4.8333333333,4.0,4.6666666667,2.5,3.0,3.1666666667,3.1666666667,3.1666666667,6.1666666667,-0.867454378,-1.5079544414,-0.7558235790000001,2.4891999802,2.0852947281,0.11101496920000001,2.0052913808,55.5555555556,88.8888888889,48.1481481481,4.5,4.75,3.625,2.75,2.125,2.4285714286,3.625,35.0,-0.8742787237,3.2356769612,24.0,294.0,46.0626954627,0.8291899447000001,10.0,1.2,0.7626342774,0.0014512173,0.9,0.0020811163,0.8333333333,-6.449609932071972,-5.553730190361736,-4.609202534990781,2.0,-1.6008860962,1.9485655906,0.3735950611,1.5489506657,-0.0245851061,3.0666666667,515.6666666667,2.5615371611,0.1460167142,2.5050201999,24.0,-8.0,1.3862943611198906,-1.9462782272,0.3871837302,17.0,2.13023322,0.4296543497,2.1968169309,-0.2210060819,0.6666666667000001,0.25,1.0,0.4054651081081644,86.0,0.30000000000000004,0.7000000000000001,0.4,0.2,3.1431104325,0.4009067921,1.678822979,-0.5909620055,0.45208845210000004,0.060374424,-0.0036916506,7.750563913,0.4802677628,0.20646749860000002,2.4117747405,0.2920736436,1.477565088,-0.7052086485,351.5,7.2,6.2,333.8333333333,3.8800437227,0.337138139,0.5301227942815885,238.8333333333,301.5,2.9980672684,0.3096953866,1.6915289675,62.6666666667,80.5816091954,2.6475547559,0.29390376,2.744859024,-0.6708996162,2.5,5.0,2.0,2.0,5.0,49.0,-0.9834343120000001,0.1154675411,1.5433923795,0.3121085616,1.513281547,-0.0509478639,-0.2673022812,4.1538461538,4.1,4.1111111111,2.3333333333,2.0666666667,1343.4930555556,11.0,7.0,2510.0,-0.0241661939,0.0741489862,0.6363823823,1.5,1.6363636364,2.4166666667,1.6428571429,2.25,0.1481889747,0.36252367620000003
s451,1.7780311366000001,0.2821827886,1.7623186671000002,2.8,33.15,0.33333333330000003,21.0526315789,0.36666666670000003,-0.6042832661,-0.4116850334,4.1118758516,0.3593068156,2.6144994693,-1.5228891469999999,0.9062517123,-0.38016042097120245,-1.6655010359705884,-10.70374789485229,-9.056748419636632,3.2666666667,3.0357142857,3.1,2.0,1.75,2.8,3.4285714286,56.0,4.9487050171,0.2779302513,2.423523505,1.0,0.0,7.1666666667,0.17500000000000002,2.0,-0.0033333333,-4.1666666667,11.2083333333,0.0728125,1.0,0.0014125,-4.446875,1.3636363636,-0.2929504469,0.8424824158,8.1,7.7,3.0006509822,0.5988382137,1.8329482076999999,-0.5924648201,0.6388888889000001,3.1666666667,3.1666666667,0.5108256237859907,2.0,4.8333333333,3.5,3.5,4.1666666667,3.0,2.5,1.8333333333000001,1.6666666667,2.3333333333,1.0,6.0,-2.1638175456,0.48308639600000003,0.0,5.3201349372,4.0044427745,0.20928168800000002,3.8767577396,50.0,11.1111111111,7.4074074074,5.0,2.0,4.125,4.875,4.5,3.0,4.25,40.0,-0.7017421781000001,4.5619233948,37.0,284.0,59.8991114415,0.8568707964000001,6.0,1.0,0.8120998382,0.0008232849000000001,1.0,0.001004076,0.6666666667000001,-8.511264302067358,-7.365900695568905,-6.449609932071972,3.0,-0.274521014,1.6658730673000002,0.40442299670000004,2.2544474396,-0.48422761210000004,4.8666666667000005,327.1666666667,3.6513254924,0.3442839196,1.4812187471,12.0,46.0,0.0,2.9855971223,0.5720845845,15.0,1.7078201669,0.7008633949,1.876764869,-0.462531517,0.75,0.75,0.9166666667000001,0.08004270764276712,137.0,0.2,0.30000000000000004,0.7000000000000001,0.0,3.5761705112,0.48045624410000004,1.7290777941000002,-1.4526316689,0.6136919315,0.1074973414,0.0036813803000000003,7.304887752,0.6188430231000001,0.2420730396,3.0588483785,0.3130937596,1.8501864526,0.6021526791,334.0,5.1,4.8,282.1666666667,3.2027374107,0.2973433415,0.9527535768718588,254.5,268.1666666667,3.1161298414,0.3406582101,1.8192037811000001,13.6666666667,27.9276933149,2.4497618732,0.3518513521,1.5379057341,-0.39962786510000003,6.0,6.0,6.5,2.0,6.5,22.0,-0.6940884849000001,-0.3897963585,1.7860938583000001,0.3494562295,2.0875829788,-0.1150002017,-0.2838889994,4.7692307692,2.3,3.0,1.1111111111,2.0666666667,2854.575,-2.0,10.0,5443.25,0.4374843443,-0.2832678384,0.1131443243,1.2,1.4545454545,1.5833333333000001,1.0,1.1666666667,0.8526234898,0.4166756709
s453,0.2870658168,0.0591568904,1.7551856124,1.25,23.5,0.2666666667,34.375,0.4666666667,-0.458275776,-0.40690606690000003,3.4380422573000002,0.26156768480000003,3.5070350248,0.0311660672,0.4286258562,-3.3047592591335553,-3.418303475175642,-6.229260624286584,-3.44236657394858,3.2666666667,3.3571428571,4.3666666667000005,2.75,3.0,3.0,1.7142857142999999,51.0,3.8517953112,0.3666114368,1.5051302076000002,0.1666666667,0.33333333330000003,14.7916666667,-0.0208333333,0.0,-0.0008333333,0.2083333333,21.6818181818,0.1528571429,0.0,0.0038857143000000003,0.6714285714,1.3636363636,-0.0862998558,0.757841459,6.9,4.1,0.6964512324000001,0.3691031004,1.7102370911,-0.3727743325,0.34444444443800004,2.3333333333,1.8333333333000001,0.0,3.3333333333,2.8333333333,5.3333333333,5.5,5.6666666667,6.0,2.3333333333,2.0,2.5,3.6666666667000003,3.8333333333,4.6666666667,-2.1822721417,-1.6452085694,-0.8209008483,2.887653143,1.537809867,0.2448188316,2.1296154279,16.6666666667,11.1111111111,29.6296296296,5.1666666667,3.25,4.125,3.25,4.125,2.4285714286,2.875,50.0,-1.070541321,3.8243251091,28.0,107.0,25.7627506452,0.3968411315,9.0,1.6,0.9735351562000001,0.0027045476,0.977734375,0.0030724254000000003,0.3611111111,-1.3862943611198906,-2.067339257049917,-1.3862943611198906,2.0,-1.0246138887,1.6456183293,0.39706018400000004,1.9218767744,-0.0604238572,5.2666666667,347.47333333333495,2.539716695506999,0.33631203402200005,1.4914912038549997,20.29,82.76,2.302585092994046,2.2815039026530015,0.6563796772,3.0,1.0957548223,0.49814185460000004,1.6126636572000002,-0.35996552730000003,0.33333333330000003,0.5833333333,0.5,0.3483066942917451,133.0,0.30000000000000004,0.2,0.5,0.7000000000000001,2.6475212797000003,0.4052823112,2.2440690294,-0.8787728973000001,0.3955223881,0.0101389958,-0.0005025465,25.0130943397,0.6623150004,0.0144935753,2.3892013393,0.3318818934,1.8953895032,-0.0927889771,388.5,5.1,4.8,294.0,2.9164915222000003,0.42370259460000004,0.487506257873112,334.3333333333,306.0,1.3626711873000001,0.3490681631,1.5043733656,-28.3333333333,119.150948603,3.1084240274,0.34536603650000003,3.2959782548,-1.0615342646,5.5,5.5,6.5,3.5,5.5,44.0,-0.3172188488,-0.17688618663900008,1.267305819681,0.2498318446550001,1.911455912029999,-0.2932721573780002,-0.413905418001,2.7692307692,2.3,3.3333333333,2.5555555556,3.2,1890.2516666667,2.0,8.0,3717.8333333333,-0.4921082822070001,0.11709427240000002,-0.39380681003299983,2.1,1.4545454545,2.0833333333,1.5,2.5833333333,0.8562071306,0.32643855780000003
s456,1.0731234361,0.2057397815,1.0268801294,1.15,31.8260869565,0.2333333333,17.347826087,0.2333333333,-0.3521502425,-0.3889496465,2.7292878839,0.14484291970000002,3.0405670142,-0.567791856,0.4384417808,-2.2808705152288296,-2.209940355053118,-7.897397115660228,-5.710213338405847,4.3333333333,3.4642857143,4.3333333333,3.5,3.0,3.4,2.4285714286,41.0,0.8003461183,0.2441755801,1.4175405143,0.5,0.33333333330000003,11.2083333333,0.0625,0.0,0.0045000000000000005,-1.4583333333000001,7.875,-0.0297900262,0.0,-0.0025249344,-0.030183727,1.7272727273,-0.2887919463,0.6605201342,7.5,8.4,1.3799139942759995,0.35179853282699985,1.8890220220870007,-0.443756224571,0.4444444444,3.8333333333,3.8333333333,1.252762968495368,4.1666666667,4.1666666667,4.5,5.0,4.8333333333,4.3333333333,3.6666666667000003,2.8333333333,3.1666666667,3.3333333333,4.8333333333,4.6666666667,-1.1867884624,-0.7277376445,-0.48589816760000004,2.6550388022,1.5368022145,0.1788509439,1.6395421115,38.8888888889,44.4444444444,29.6296296296,4.3333333333,5.5,3.375,3.375,3.125,3.1428571429,3.25,49.0,-0.8728782135,2.401900642,24.0,114.0,0.0331595576,-0.6040336065,3.0,1.6,0.6504592895,0.0013474370000000002,0.6574838638,0.0010097058000000001,0.5,-3.6990849535198307,-2.067339257049917,-1.3862943611198906,3.0,-1.7340171325,1.1901532435,0.43110329000000003,1.498168995,-0.056816084100000004,4.6,261.0,2.9903330646,0.3259149153,1.9597978555000002,-5.0,170.0,2.0794415416798357,5.8198212499699995,0.4490968186,5.0,1.0696454123,0.6527793537000001,1.818703631,-0.4867885414,0.564166666662,0.6666666667000001,0.33333333330000003,0.28768207242678084,119.0,0.5,0.5,0.5,0.8,1.0653530678,0.0428548752,2.4374121698,-0.4966919765,0.3324099723,0.0477620563,-0.0026408414000000002,11.0391080415,0.7297048827,0.0455654427,1.5528615571,0.22536321750000002,1.6201288593,0.0833644506,334.5,6.4,4.9,439.3333333333,1.480838297,0.0671179707,0.6427100321011721,239.3333333333,299.3333333333,1.478487085,0.206934795,1.5650627885000001,60.0,9.1486486486,1.8817185449,0.5042397999,1.4726655806,-1.0352793238,5.0,6.5,5.5,2.5,6.5,54.0,-0.7529226364,-0.1680985859,1.3051509817,0.3661428781,1.4610471904,-0.5349143123,-0.5862551215,3.3846153846,2.9,3.4444444444,3.5555555556,3.8,1667.3,4.0,9.0,5433.6666666667,-0.5793859897,0.09730671340000001,-0.290284783,2.3,2.2727272727,2.1666666667,2.4285714286,2.8333333333,0.14533620360000002,0.3308138323
s467,1.3063865968,0.0881892296,1.8316553611000002,2.45,19.4583333333,0.2,35.2380952381,0.30000000000000004,-0.1324944741,-1.1538238538,3.7403755901,0.37953651320000004,1.8583802806,-1.6228107711000002,0.0315359589,-3.39631207522769,-3.2837797087426086,2.934594733350845,-2.5146150917450085,2.4,3.4285714286,4.8,2.25,2.25,3.0,2.0,54.0,3.3543457701,0.31535284950000003,1.3961002565,0.33333333330000003,0.5,10.0,2.2204460489999999e-16,0.0,1.2576745200000002e-17,-2.2204460489999999e-16,12.2083333333,-0.086547619,2.0,-0.0017714286,-1.4428571429,1.5454545455000002,0.009376104500000001,0.1765506634,2.3,4.5,1.6905980498000002,0.29643892980000003,1.6784680338,-0.7663204258,0.38611111111500007,1.0,1.0,0.0,2.1666666667,3.5,5.5,5.5,6.1666666667,5.6666666667,4.5,1.0,1.0,1.0,1.8333333333000001,1.6666666667,-0.8954651261000001,-0.3612978156,-0.16358795580000002,2.6278746724,2.1721861135,0.2688831251,1.4178010901,50.0,22.2222222222,48.1481481481,5.0,5.0,4.875,3.625,5.0,3.0,3.0,41.0,-0.3826890941,3.9238172268,34.0,105.0,46.0626954627,0.8291899447000001,10.0,1.2666666667,0.7222919464,0.0013473894,1.0,0.001678942,0.5,-1.3862943611198906,-1.3862943611198906,-1.8444397271102142,3.0,-2.1242495631,1.3568145122,0.40614074710000003,1.2773210574,-0.1070594777,6.0,265.5,2.1263114366,0.3632524334,1.2608315824,-59.5,18.5,0.6931471805599453,3.6163947947839996,0.49673576290000004,1.0,1.3736429144,0.4243014396,1.7038270746,-1.0260278178,0.5,0.75,0.75,0.22314355131420976,135.0,0.2,0.1,0.5,0.4,2.3323477365,0.1445725682,3.0016388086,-0.7321674878000001,0.3830845771,-0.013886667200000001,0.00020856960000000002,63.7609200119,0.6993172356,0.0068872943,3.0839766874,0.2921520648,1.8522784803999999,-0.6073219848,425.5,5.8,5.4,354.1666666667,0.9644488007,0.445073612,0.21867762196029303,238.1666666667,245.3333333333,2.9515356356,0.3361222944,2.1149558688,7.1666666667,-90.4411106135,2.7376268561,0.337054888,2.0492885337,-1.3086877368,6.5,6.5,6.5,3.0,4.0,38.0,-0.440011358,-0.4882486608,1.4939321913,0.3175061502,1.7637945597,-0.156985924,0.2154185566,3.6923076923,1.6,4.1111111111,2.3333333333,2.0666666667,2645.3575757576,6.0,6.0,3869.3333333333,-0.9423798352,0.5686472208000001,-0.8100984033,2.0,2.0909090909,1.75,1.7142857142999999,1.75,0.4516486635,0.1724203359
s469,1.0203415738,0.305674748,1.3470694254,1.9,30.9090909091,0.2666666667,19.9565217391,0.2333333333,-0.4542686857,-1.2240466318,3.483221486,0.3737976885,1.8516524752999999,-1.3178909219000001,0.06468065070000001,-2.89104835573687,-2.3043846562371226,-5.215924751302064,-3.618814242056373,2.9333333333000002,3.7142857143,4.3333333333,2.0,1.75,3.6,3.0,49.0,4.8518998276000005,0.28860632280000004,1.6415792229,0.1666666667,0.33333333330000003,15.4583333333,0.1458333333,2.0,-0.0025,-4.2083333333,18.375,0.1215051503,2.0,-0.0023287786,-1.4192768552000001,2.0,0.0893832772,1.0389658639,6.1,5.2,2.4431622439,0.452451743,1.3819319073,-0.449775515,0.29972222223,2.3333333333,3.1666666667,0.1541506798558298,2.5,3.3333333333,4.5,5.6666666667,4.8333333333,4.3333333333,3.6666666667000003,1.5,1.8333333333000001,1.6666666667,2.3333333333,4.6666666667,1.2049077492,0.0320000702,0.1910395678,4.9380558016,3.7381469132,0.3376181874,2.6244648041,27.7777777778,11.1111111111,22.2222222222,5.6666666667,3.5,3.625,4.125,4.125,3.2857142857,2.875,39.0,-1.2890129854999999,3.38738178,39.0,182.0,10.925098711,0.2565783653,8.0,1.4666666667000001,0.7059070587,0.0017827435,0.7587882996,0.0018790962,0.5277777778,-1.3862943611198906,-1.3862943611198906,-1.8444397271102142,2.0,-1.4692700359,1.940824305,0.4099954662,1.3690570043,-0.5299431457,4.6666666667,309.8333333333,3.743250517,0.37980921440000004,1.4865312536,11.5,59.0,2.0794415416798357,-6.3603895082,0.4702995245,12.0,1.8571645675,0.5494880467000001,1.4772462232,-1.1500481508,0.8333333333,0.5833333333,0.5833333333,0.22314355131420976,124.5,0.2,0.4,0.5,0.7000000000000001,3.865282267,0.4518783001,1.5479292759,-2.7984060797,0.5220588235,0.08372277110000001,0.001831813,6.8635573121,0.7285170443,0.2303556387,4.4841930151,0.34196511760000003,1.6155123357,-1.1395369537,302.0,5.6,6.0,258.6666666667,5.7577154705,0.3943770662,1.067406932780811,267.6666666667,246.6666666667,4.7575227365,0.3204984878,2.2609256603,-21.0,24.7501551831,3.1119686824,0.34621867040000004,2.4767510709,-1.0574040629,6.0,4.0,6.5,3.5,6.5,32.0,-0.4701761318,0.4916505581,2.1844132145,0.34252998500000004,1.6472096448,-0.8133224941,-0.5457163394,3.8461538462,2.7,4.4444444444,2.6666666667000003,3.2,2069.5433333333,7.0,8.0,4204.8333333333,0.3838811407,0.7388092502,0.2513447307,1.2,2.1818181818,1.75,1.0714285714,2.3333333333,0.17599690240000002,0.2465153723
s471,0.9698590447000001,0.1878313818,1.5686400321,1.85,35.0952380952,0.30000000000000004,36.7222222222,0.4,-0.44007247720000003,-0.9910808084,3.8100005767000003,0.39593779,2.9991827613,-1.3920069326,0.4404280822,-2.202274980077484,-2.327077810689733,-7.250972048920912,-5.915177362591867,3.4,3.25,4.0666666667,2.25,2.75,3.4,2.7142857143,46.0,3.645494328,0.2939398453,1.6649347923,0.0,0.8333333333,15.2083333333,0.10416666670000001,0.0,-0.0021666667,-1.125,19.625,0.1258865248,1.0,0.0024255319,-2.0921985816,1.5454545455000002,-0.2363561576,0.6028025338,7.5,9.4,2.2923321591,0.3924046718,2.5939323378,0.08574228610000001,0.0833333333,3.8333333333,4.5,0.5108256237859907,2.3333333333,4.3333333333,4.1666666667,4.5,5.5,4.1666666667,2.5,3.3333333333,3.3333333333,2.5,2.5,4.5,-2.5477879152,-1.9900170708,-0.9092231175000001,3.5016887022,2.4491970855,0.2281341742,1.5454365197,16.6666666667,33.3333333333,44.4444444444,5.3333333333,4.5,4.0,3.625,3.875,2.5714285714000003,3.125,46.0,-0.5622446405,3.8597451277,31.0,144.0,2.3916188301,0.3492235958,5.0,1.5333333332999999,0.7918487549000001,0.0014158977,0.8559463501000001,0.0015126755,0.4444444444,-1.8444397271102142,-2.92008656560793,-2.748384152235016,4.0,-0.6655039586,1.2860760893,0.4767027177,1.4554642454,0.025408898500000002,4.3333333333,349.8750000000071,2.970623671592998,0.30339444173200003,1.6110450291380005,25.27,57.965,1.9459101490553132,19.3462317892,0.6017069247,4.0,1.4734288057,0.5244557473,1.8941160954,0.0021446929,1.0,0.75,0.4166666667,0.0,133.5,0.6000000000000001,0.9,1.0,0.6000000000000001,3.0610839159,0.5015049405,1.7799828569,-4.3728880566,0.47536945810000003,0.0792916205,-0.0031327890000000004,4.4861485443,0.8116459241,0.2891779919,4.6481665071,0.2474816497,1.840180393,-2.1150696884,372.5,6.3,5.3,321.993333333332,3.372860678839999,0.339248665511,0.5332353381124707,272.0,299.5,3.5630129052,0.33874084190000003,1.6631775951,27.5,16.1920387712,1.9629218953,0.4610315186,1.6440107881000001,-1.9861817129000001,6.5,6.0,6.0,3.5,6.5,55.0,-0.4304243259,-1.2142734048000001,1.2049700838,0.3127605224,1.5379870621,0.0049942041,-0.5027066651000001,4.3846153846,2.5,3.6666666667000003,1.3333333333000001,3.2,2350.2916666667,3.0,10.0,4079.25,0.1107832151,0.035301902600000004,-0.6300115198,1.3,1.8181818182,1.9166666667,1.8571428571,2.9166666667000003,0.8775883334000001,0.3509380512
s473,0.94812034,0.1596042416,2.317777057,2.15,42.3913043478,0.2333333333,31.2941176471,0.4333333333,-0.6526223694000001,-1.0216110909,3.5087679243,0.34557998910000004,1.7966084035,-0.7085623942,0.5029075342,-1.5603216433474192,-1.726741610928399,-7.909486803677375,-5.485954546265852,2.9333333333000002,3.0714285714,3.4333333333000002,2.75,2.25,3.2,3.2857142857,46.0,2.9016898421,0.28038708360000003,1.6163059267,1.0,0.0,10.875,-0.0458333333,2.0,-0.007500000000000001,-3.2916666667,11.7916666667,0.1176190476,1.0,-0.0120380952,-0.0571428571,1.0909090909,-0.3012737123,0.8530298915000001,7.1,8.4,1.8212497904,0.4093376798,1.945413354,-0.1051258567,0.6944444444,2.5,3.1666666667,0.6061358035521338,3.1666666667,3.1666666667,4.3333333333,4.8333333333,5.3333333333,4.0,3.5,2.8333333333,3.0,2.1666666667,3.3333333333,3.5,-3.7655166095,0.3993264925,0.3298219498,4.6604910377,1.9707723684,0.0056165824,2.1087285968,38.8888888889,44.4444444444,59.2592592593,5.1666666667,5.0,3.25,2.25,3.25,3.4285714286,2.875,56.0,-0.5749801717,4.308399382,30.0,217.0,2.3916188301,0.3492235958,5.0,1.4666666667000001,0.7911956787000001,0.0020816544,0.8884689331000001,0.0027746605,0.6666666667000001,-7.365900695568905,-6.449609932071972,-7.365900695568905,6.0,-0.573598766,1.6273592346,0.4967909499,1.7390538643,0.081555418,3.8,400.1666666667,3.5742652007,0.3184577427,1.2091737149,30.0,11.0,1.0986122886681098,19.895253874,0.4561239851,18.0,1.579039166,0.5307215239,2.0195551437,-0.9244880616000001,0.9166666667000001,0.5833333333,0.75,0.08004270764276712,112.0,0.1,0.30000000000000004,0.1,0.4,2.4650503928,0.4150713083,2.2737004965,-1.4390173021,0.4502487562,0.1067935186,0.0008628856000000001,9.4255130064,0.5609821939,0.2136289535,2.6123881188,0.28795461310000003,1.4664458042000001,-0.8403440981,272.0,6.6,5.3,298.306666666663,3.7114686704050017,0.3245213186770001,0.5555905593483602,228.8333333333,263.0,4.4252725682000005,0.3306573816,1.6731715054,34.1666666667,55.0296610169,2.8655642111,0.3299786892,1.8551509093,-1.3807024059000002,5.5,6.5,6.5,4.5,4.5,48.0,-0.3981799748,-0.3988721011,1.6644998819999999,0.3223846331,1.9717204922,-0.053195882,-0.020498721600000002,3.9230769231,3.0,3.7777777778,2.0,3.2,1482.1968614719,17.0,5.0,2023.8333333333,0.6292150716,-0.0444788447,1.2456672092,1.8,1.4545454545,1.25,1.0714285714,2.6666666667000003,0.16769827610000002,0.3507380453
s477,0.7699102192,0.0969724663,1.2193632836,1.45,47.375,0.4666666667,25.461538461499998,0.5666666667,-0.3904368541,-0.8888500285000001,3.3427527983,0.3158050141,1.8688971482,-1.0748362007,0.12024315070000001,-3.169148395307329,-3.235276709606921,-6.243737726272242,-4.176273663517831,6.7333333333,5.0,6.1,2.25,3.0,3.2,4.0,26.0,4.4188158706,0.23917408040000002,1.8075409528000002,0.33333333330000003,0.33333333330000003,15.0,3.885780586e-16,1.0,1.2143064330000001e-17,-5.0,15.0,0.1049450549,0.0,0.0047435897,-0.8525641026,1.0,-0.0031728826,0.8846753159,5.9,4.2,1.7555592135,0.42384708930000004,1.9200734031,-0.3473647066,0.4997222222200002,1.8333333333000001,1.6666666667,0.0,1.5,3.6666666667000003,4.6666666667,5.6666666667,5.3333333333,4.8333333333,2.3333333333,3.0,1.8333333333000001,5.5,2.6666666667000003,6.0,-4.1308195929,0.4118451483,0.0,5.3201349372,2.8174700227000002,0.0831139667,2.0253831528,5.5555555556,0.0,7.4074074074,3.8333333333,5.5,1.625,1.25,1.125,1.4285714286,3.0,42.0,-0.8893284577,4.1867508355,23.0,110.0,3.8594254336000002,0.1210723489,4.0,1.5333333332999999,0.7323261261,0.0018050048,1.0,0.0021544391,0.0833333333,-7.365900695568905,-8.511264302067358,-7.824046010856292,3.0,-1.0105320708,1.4674656335,0.4098678445,1.5361905031,-0.8900714376000001,2.8,331.921666666672,2.923214555282,0.307830840365,1.5688732878770002,16.7,69.09,2.1972245773362196,7.147434970283005,0.5929517895,2.0,1.3466031969,0.46591632920000003,1.4951984488,-0.349525884,0.5833333333,0.5,0.584999999994,0.39001360669282853,75.0,0.5,0.4,0.6000000000000001,0.4,3.6343090096,0.3749266217,1.5625746176000002,-3.4076968636,0.45232273840000004,0.054487639000000004,0.00044812540000000004,6.5416846349,0.6131646688,0.2506783969,3.1071983274,0.2792718333,1.1758636194,-0.805769571,284.0,5.4,4.9,337.1666666667,2.5740056087000003,0.3157518734,-0.05384685954059416,267.8333333333,296.3333333333,2.0761533022,0.3092276738,1.0428324229000001,28.5,-5.1225,3.452546928,0.27352239700000003,1.8269811474000002,0.3247195323,4.5,5.0,1.0,1.0,3.0,60.0,-0.33961167217899996,-0.16675749413699997,1.6065742523609998,0.28556484045299996,1.7733082005850003,-0.30017185403000024,-0.533312703384,3.3846153846,4.8,2.3333333333,4.2222222222,3.6,1931.8958333333,2.0,10.0,4056.0833333333,-0.3622769777,-0.2651081979,-0.6453637256,2.3,1.9090909091000001,3.4166666667,3.2142857143,2.4166666667,0.24511914980000002,0.3387585067
s481,1.6405999996,0.1373346502,1.7251809864,3.0,30.9444444444,0.4,15.45,0.33333333330000003,-0.4612499597,-0.6534255401,4.1561411569,0.2541778926,3.4802201848,-1.1120471911,0.9062517123,-0.11232726911561497,-0.03173986057298802,-10.510600166363616,-10.291594194348146,4.6666666667,4.3571428571,4.5333333333,2.0,2.25,3.4,3.8571428571,29.0,2.6119999539,0.2263330465,1.823144964,1.0,0.0,9.125,0.0208333333,2.0,-0.008833333300000001,-3.0416666667,8.625,0.0054597701000000005,2.0,-0.0078817734,-2.184729064,1.0,-0.2235576923,0.8107060850000001,8.7,8.3,2.1618220737,0.39853287670000004,2.0508695448,-0.3878040029,0.8611111111,3.5,3.3333333333,0.6061358035521338,3.5,4.5,4.3333333333,6.0,5.1666666667,5.0,3.3333333333,4.6666666667,1.5,4.1666666667,3.5,5.1666666667,-0.7453189577,1.7108840472,-0.3719338943,3.8121088774,2.334608001,0.1708871491,1.955732247,27.7777777778,88.8888888889,59.2592592593,2.8333333333,4.5,2.875,2.25,3.25,1.8571428571,2.5,44.0,-0.9928100529,3.4727396196,18.0,154.0,59.8991114415,0.8568707964000001,6.0,1.2,0.7689626694,0.0018402835,0.8969497681,0.0020857331000000002,0.5833333333,-8.511264302067358,-8.511264302067358,-6.449609932071972,3.0,-1.3692538264,1.7800877326000002,0.38149355430000004,1.6726908852,-0.7304926897,3.3333333333,298.5,2.7148761748,0.3126729516,1.2209929112,58.0,14.0,1.6094379124341003,1.1310270473,0.5356776273,8.0,1.4279498846,0.3924888915,2.0563791371,-1.0154987394,0.33333333330000003,0.75,0.5833333333,0.6061358035521337,82.5,0.6000000000000001,0.8,0.7000000000000001,0.4,3.0425637945,0.3725524921,2.0182455483,-1.3855318867,0.40740740740000003,0.021520335300000002,-0.0012299333,4.2497329986,0.5131779757,0.2894620275,2.0647198288,0.2687512916,1.557326517,-0.7692786506,340.0,6.4,5.8,271.5,2.7217028921,0.2332668738,0.4262661841740585,355.3333333333,257.3333333333,2.2054127269,0.2564221215,1.385464101,-98.0,67.6366316565,1.7731107468,0.3022951383,1.9481844951,-0.0997151352,2.0,4.5,1.5,2.0,5.0,57.0,0.29511458900000004,0.0322296856,1.4965912533,0.27325548980000003,2.1860633028,-0.6099879831,-0.08896250900000001,2.9230769231,3.8,2.2222222222,2.8888888889,2.6666666667000003,1842.8214285714,21.0,6.0,3380.8333333333,1.160891254,-0.5010745199000001,1.2470806038,3.1,1.8181818182,3.25,2.0714285714,2.0,0.39505890590000003,0.3003962986
s484,0.7985622361,0.35568716440000003,1.4713040080000002,1.6,25.6363636364,0.2666666667,11.4210526316,0.36666666670000003,-1.0246556658,-0.5934166818000001,3.5766271574,0.4589426753,1.4965904184,-0.2760142761,0.9062517123,-1.8129498743625936,-3.1478302665850384,-10.337531163536292,-6.446666141006674,3.8,2.7857142857,3.6,3.0,1.75,3.4,3.7142857143,55.0,2.9541531262,0.2633568054,1.9383638106,0.1666666667,0.5,5.1666666667,-0.0083333333,1.0,0.0003333333,0.33333333330000003,6.8333333333,0.0443115029,0.0,0.0021209068,0.1097816961,1.2727272727,0.5091879832,0.0728056133,6.7,6.1,1.4728768606,0.39865483830000004,1.9429554366000001,-0.9002139926,0.0555555556,1.3333333333000001,1.5,0.0,1.1666666667,2.8333333333,5.3333333333,4.6666666667,5.8333333333,5.8333333333,4.0,1.5,2.0,1.0,1.1666666667,4.0,-3.3212252015,-1.8814119974999999,-0.24725917520000001,3.4966902426,2.1739185446000002,0.1370618513,2.456075629,61.1111111111,33.3333333333,33.3333333333,5.0,2.5,3.875,3.875,3.125,3.0,3.375,43.0,-0.915317409,2.6399906271,29.0,140.0,7.6113128603,0.3752535483,7.0,1.1333333333,0.7403660298,0.0016447946,0.6757835865,0.0011417873000000001,0.5555555556,-4.625581180301964,-4.625581180301964,-3.664674886451777,5.0,-0.7999493453000001,1.3989368089,0.4879491831,1.5595621620000002,-0.7455941912,4.8,350.23833333333295,2.4177348424229987,0.3410374035819999,1.4859263822300002,15.055,68.98,1.3862943611198906,5.936427457047,0.7056337253,5.0,1.1544136131,0.6176243421000001,1.8775668327,-0.25644021510000004,0.33333333330000003,1.0,0.1666666667,0.15415067985582961,142.0,0.1,0.1,0.4,0.0,2.4365322299,0.4663626141,1.6404776048,-1.3335818202,0.3759213759,0.0723142199,0.0014017686,1.0,0.0,0.1,2.8341595657000003,0.3134315283,1.2000863572,-1.2140497704,345.0,6.0,4.2,319.1666666667,2.7407123449,0.3925733558,0.13624221103395553,333.6666666667,320.0,2.676306228,0.4223315185,1.1651697228,-13.6666666667,31.1179629259,1.6829271424,0.36148036440000003,1.9984742675,-0.7330804870000001,6.5,6.5,6.0,4.0,5.5,39.0,0.2513894374,-0.20485048960000002,1.0926943705,0.140795002,1.9322082883,-0.5557496125,0.2950516838,4.5384615385,3.5,3.7777777778,2.2222222222,2.8,4542.7875,2.0,7.0,5588.9166666667,-0.5098458365099999,0.08858919572300003,-0.39666593519000004,1.2,1.0,1.5,1.0,1.5833333333000001,0.18142563920000002,0.18330668690000002
s489,1.7610442018999999,0.3487148391,1.6606258433,2.6,11.8888888889,0.1,17.3846153846,0.1333333333,-0.057784736,-0.4906639524,3.6011079167,0.45603575090000004,2.6480424075,-0.38249464580000003,0.0385128425,-3.4640387134407113,-3.4640387134407113,-2.2101837196682896,3.274107844473008,4.8,3.0714285714,4.1333333333,3.5,2.25,3.4,4.0,48.0,3.0730968313,0.3053566893,1.6999926338,0.33333333330000003,0.5,2.375,0.0125,2.0,-0.0061666667,-0.875,2.25,0.0405172414,2.0,-0.0021034483,-0.525862069,1.0909090909,1.0175955364,-0.44090144010000004,8.8,6.9,0.637528713,0.5359175073,1.6710954167,-0.5118187071069997,0.37805555555900017,2.3333333333,1.8333333333000001,0.0,2.0,3.8333333333,6.1666666667,6.0,7.0,6.3333333333,4.5,1.3333333333000001,1.0,1.3333333333000001,1.3333333333000001,3.6666666667000003,-1.6847454386,-0.2988742043,0.49583813730000004,4.3284586626,1.7985359282000002,0.4479620286,1.6027290938,100.0,22.2222222222,44.4444444444,5.1666666667,2.0,3.5,4.125,3.125,3.0,4.25,42.0,-0.9437793146000001,3.5708010963,27.0,116.0,46.0626954627,0.8291899447000001,10.0,1.2666666667,0.7401384830000001,0.0013557319,0.9961593628000001,0.0020990320000000002,0.6111111111,-1.3862943611198906,-1.8444397271102142,-3.664674886451777,2.0,-0.3805005461,1.6331436729000002,0.5179206459,2.2963079657,-0.1134216247,4.6666666667,336.5,1.9845153607000001,0.1140269045,2.6015922958,11.5,117.0,0.6931471805599453,1.0027270213,0.5670022606459999,5.0,1.0419848235,0.6982694115,2.0886393156,0.3968940776,0.5816666666639998,0.1666666667,0.8333333333,0.22314355131420976,124.0,0.2,0.2,0.5,0.2,3.358839481,0.0868848863,4.4895448204,-0.39357599990000003,0.4663341646,0.0082851316,-0.0010504403,3.2910035784,0.6715592787,0.2887824824,3.6824683361,0.2908603469,2.1389612868,-1.1300146707,361.0,5.5,5.8,384.0,1.9762814148,0.3035821537,0.780622959706532,325.1666666667,395.0,1.8529982936,0.37969586790000004,1.5832995847,69.8333333333,8.1430491767,1.4265091364,0.4279732214,1.7752939609,-0.6692756375000001,6.5,5.5,3.0,1.5,6.0,48.0,-0.1810327227,0.0907517068,0.7872733441,0.011411430600000001,2.842481088,-0.1916557056,-0.5489935662000001,4.4615384615,4.6,2.2222222222,2.4444444444,2.7333333333,3044.3928571429,-3.0,6.0,6498.7272727273,-0.5724547936000001,0.28661314120000003,-0.2410275665,1.5,1.1818181818,2.0833333333,1.5714285714,1.9166666667,0.8858800486,0.16818801790000001
s492,0.9824459818000001,0.2436006828,1.347341908,1.7000000000000002,23.0869565217,0.2333333333,15.3846153846,0.1333333333,-0.9099638126,-0.629744174,3.389338557,0.41887700980000003,1.6464983203,-1.4895845923,0.0384109589,-3.4539156287074273,-2.2264488465371817,-3.174193113315962,1.2660237063187003,2.6,3.3214285714000003,4.2333333333,2.25,1.75,3.0,2.1428571429,57.0,3.7656403155,0.2857116301,1.6232811232,0.33333333330000003,0.1666666667,15.5,0.3166666667,2.0,-0.0056666667000000006,-2.4166666667,9.2083333333,0.1402932255,1.0,0.0019676441,-2.3216380182,1.8181818182,-0.2897251956,0.8299916269000001,10.3,7.3,2.35671785,0.4230840917,1.7508822851999999,-0.7024233219,0.30944444444400016,1.8333333333000001,1.5,0.1541506798558298,2.6666666667000003,3.5,6.0,7.0,6.1666666667,5.3333333333,3.8333333333,1.8333333333000001,1.0,1.8333333333000001,2.0,1.8333333333000001,-1.5504737721000001,-0.09839526180000001,0.0,5.3201349372,3.2356920361,0.1460739714,2.8527577312,61.1111111111,0.0,0.0,4.5,3.5,4.5,3.5,3.75,3.0,3.625,45.0,-1.0170844173,3.9312389163,24.0,224.0,46.0626954627,0.8291899447000001,10.0,1.5333333332999999,0.7901260376,0.0012826473000000001,0.9,0.0012424709,0.47222222220000004,-1.3862943611198906,-1.3862943611198906,-2.748384152235016,2.0,-0.8533729961000001,2.1633411682,0.45033569770000004,1.5268691677000001,-0.2075533212,5.6666666667,348.82333333333605,2.9333433972470004,0.327857854274,1.4793461990910002,30.755,59.945,1.3862943611198906,-8.5714182545,0.3720471838,4.0,1.7375223584000001,0.4014910148,2.2014699787,-0.3088881778,0.5,0.75,0.683333333333,0.22314355131420976,140.0,0.5,0.5,0.5,0.5,3.3508730047,0.4042724421,1.9459472687,-0.2525030935,0.4365853659,0.0361982132,-0.005027654800000001,4.3847502889,0.4637827607,0.2060251514,2.5563646125,0.3540417473,1.4379817001,0.23513644420000002,327.0,5.7,5.6,317.4366666666599,3.211702840581,0.3503285980759999,0.42109216440857433,330.1666666667,324.0,3.3115655518000002,0.3652477941,1.3380397489,-6.1666666667,-3.656641604,1.9058224752,0.3399258242,2.0003735862,-0.8331187942,4.5,5.0,3.5,4.0,7.0,49.0,-0.07578243750000001,0.0306850983,0.4093022217,0.0566356827,1.560489277,-0.2014859246,-0.7313873174000001,3.7692307692,2.7,4.5555555556,2.8888888889,3.0666666667,2599.3148148148,13.0,8.0,3723.5,-0.5887847144,-0.1512273791,-0.6193239837,1.3,1.2727272727,1.5833333333000001,1.3571428571,2.25,0.6933736886,0.4798348877
s495,1.1414110493,0.27765831750000003,1.6971915045000001,2.2,39.9090909091,0.2666666667,13.8095238095,0.30000000000000004,-0.2524546044,-1.0552214626,3.8277144259,0.3754616646,2.4722195479,-0.2947378162,0.4448535959,-1.2154193453969067,-0.818663810743201,-9.008429445918043,-7.253012369688495,4.0,3.75,4.7666666667,2.25,2.0,3.0,2.7142857143,47.0,3.5265098648,0.3157499467,1.6727772372,0.6666666667000001,0.33333333330000003,18.7916666667,-0.0625,1.0,0.0008333333,-6.7916666667,23.5,0.0614764141,1.0,-0.0011325301000000001,-4.6355932203,1.0,-0.0758848617,0.9060378039,7.7,5.7,1.8937728824,0.4648104516,2.7205984506,-0.43455331820000004,0.6666666667000001,1.6666666667,2.3333333333,0.7731898882488663,2.6666666667000003,4.0,6.3333333333,5.6666666667,5.6666666667,5.6666666667,3.6666666667000003,1.3333333333000001,1.6666666667,2.3333333333,1.6666666667,4.6666666667,-1.8135079114,-1.283044046,-0.7962484724000001,3.7276379925,2.0834455553,0.1311396433,2.9936566313,55.5555555556,66.6666666667,33.3333333333,5.8333333333,2.5,4.0,4.0,3.5,3.8571428571,3.625,47.0,-0.6807759697,4.096807786,32.0,190.0,59.8991114415,0.8568707964000001,6.0,1.0,0.8790130615,0.0015840798,1.0,0.0015111806,0.5,-5.553730190361736,-4.625581180301964,-5.553730190361736,2.0,-0.6269594061,2.4888403864,0.3706976218,2.6205477347,-0.4517136987,4.6666666667,486.6666666667,2.5942078813,0.3424462693,1.7391483544000002,68.0,54.5,1.0986122886681098,6.434761770823999,0.6830312686000001,9.0,1.5151913308,0.712445686,2.5512263686,-0.3114524528,0.75,0.5833333333,0.5,0.08004270764276712,120.0,0.1,0.5,0.7000000000000001,0.0,2.3331774897,0.3799819451,2.1138398166,-1.2147330296,0.5351758794,0.0761234764,0.0020636457,5.8430171074,0.6413778817,0.1939171697,2.6521338497,0.3056055476,2.4129268426,-0.6829460011,345.5,6.3,6.8,532.0,3.9470100132,0.3443379072,0.7317896861026505,291.8591666666751,314.169999999997,3.0325816981290012,0.3443664495299998,1.8106488510720005,21.020833333336,19.247616489657,2.5304424144,0.2945174172,3.4361622784,-0.300369074,6.0,5.5,4.5,2.0,3.0,45.0,-0.1809028682,-0.07104335240000001,1.6136473283,0.28600784090000003,2.5720616743,-0.17964552020000002,0.2329165543,3.8461538462,2.4,4.0,2.4444444444,2.6,3024.8958333333,6.0,6.0,4755.0909090909,-0.7404496357,0.3842591967,-0.5298413044,2.0,2.0,2.0833333333,2.0714285714,1.6666666667,0.2990012492,0.1994789565
s500,0.6972139427,0.0257279828,1.7995162210000002,1.7000000000000002,15.9285714286,0.0666666667,9.88,0.1666666667,-0.5491252651,-0.3259269594,3.5056744682,0.4198367033,1.5018117817999999,-0.5094192364,0.8037517123,-0.3129881723336707,-1.790869454408771,-9.178662457416713,-7.706002786829616,4.6666666667,3.25,3.3,2.25,3.0,2.8,3.2857142857,39.0,3.8723690709,0.3047131218,1.1412310424,0.6666666667000001,0.33333333330000003,8.7916666667,-0.0458333333,0.0,-0.0031666667,-0.2083333333,10.4166666667,0.1024096386,2.0,-0.0060318562000000004,-2.2028793139,1.4545454545,0.0132760314,0.7968565815,8.3,6.0,1.342845121,0.46064411710000003,1.97959883,-0.42534080300000005,0.5,2.1666666667,3.8333333333,0.5108256237859907,3.1666666667,4.0,4.3333333333,3.0,5.0,4.1666666667,3.5,2.5,4.0,2.5,4.5,5.6666666667,-1.7586415575,0.2881643834,0.1932209246,4.933693088,2.3358662361,0.030518664900000003,3.0068178115,38.8888888889,33.3333333333,40.7407407407,4.1666666667,4.25,3.75,3.375,2.375,2.7142857143,3.75,35.0,-1.2890129854999999,3.38738178,23.0,98.0,1.2928725743,0.0438060331,4.0,1.4666666667000001,0.6600288153,0.0011750945,0.7800827026,0.0013104869000000001,0.5277777778,-6.449609932071972,-5.553730190361736,-4.625581180301964,2.0,-1.0654773135,1.3940890553,0.42836981630000004,2.004194602,-0.3108506533,4.0,336.1666666667,3.3246632859,0.35271065430000004,0.9206774911000001,39.0,18.5,1.791759469228055,4.188002612662002,0.5690631232000001,6.0,1.212814423,0.5943811801000001,1.8873861008000001,-0.0017841414,0.5,0.1666666667,0.75,0.6061358035521337,109.0,0.6000000000000001,0.6000000000000001,0.7000000000000001,0.9,3.0942273729539993,0.411681116107,1.905385593361,-1.654331231352,0.6314496314,0.1105298311,0.001411137,5.5488986931,0.5381794830000001,0.2669387418,3.4237604375,0.35429481620000003,1.6280723236,-1.0027493587,348.0,6.3,5.8,265.8333333333,5.3439975344,0.3335198111,0.8192459392625315,287.5,314.8333333333,3.9436640880000002,0.3528276864,1.3620790056,27.3333333333,-24.3520114943,2.6191376088,0.38824139560000004,2.1283538123,-0.4709250762,3.5,5.5,4.0,2.5,5.5,41.0,0.07921993000000001,0.0210651808,1.9397857067,0.4105482613,1.6112964754,-0.2034779405,-0.5746014422,3.9230769231,4.0,4.1111111111,2.1111111111,2.8666666667,2924.7916666667,4.0,8.0,5440.3333333333,-1.0648828583,0.5726804411,-0.7418929161000001,2.1,1.9090909091000001,2.5833333333,1.7857142857000001,2.9166666667000003,0.7882678466,0.6691724853000001
s501,1.1895747896,0.27694476490000003,1.3948496776,1.9,43.3529411765,0.4333333333,34.2380952381,0.30000000000000004,-0.4970575666,-1.4003530728,3.2579301869,0.41641762050000003,1.4045727471,-1.5003555881000001,0.5662517123,-1.5516779861779124,-2.9899102126894195,-8.153367773161165,-6.908736159888563,3.8,3.75,3.5,4.0,3.25,4.0,2.8571428571,47.0,2.655202118,0.3036504002,1.3506740726,0.33333333330000003,0.6666666667000001,22.875,-0.1375,2.0,-0.0005,-1.625,16.9583333333,0.0157801418,1.0,-0.0015744681000000001,-1.9255319149,1.0909090909,0.1692394716,0.4782132691,7.1,6.2,0.6876269614,0.0162114314,1.3117361611,-0.5473013809,0.6944444444,2.5,4.0,0.1541506798558298,3.1666666667,4.8333333333,4.3333333333,5.1666666667,5.6666666667,4.6666666667,2.3333333333,1.6666666667,1.6666666667,2.0,2.1666666667,4.0,-1.2911285707,0.9740873615000001,0.0,5.3201349372,2.3504060232,0.0378618043,2.2602651744,16.6666666667,66.6666666667,55.5555555556,5.3333333333,2.0,4.25,3.875,4.0,2.7142857143,3.125,52.0,-0.8893284577,4.1867508355,29.0,175.28,2.3916188301,0.3492235958,5.0,1.2,0.6878027916,0.0014254551,0.7545106411,0.0016828473,0.8055555556,-6.449609932071972,-6.449609932071972,-6.449609932071972,3.0,-1.0299384486,1.5332740183,0.4188561377,1.8953633716,-0.5633708913000001,4.8666666667000005,348.5649999999989,2.890976623671,0.3139474059620001,1.5437850265199995,29.49,56.1,0.6931471805599453,3.8599274276500006,0.4996598941,11.0,1.4883780845,0.47908910860000004,2.047107847,-0.4071385249,0.33333333330000003,0.75,0.33333333330000003,0.22314355131420976,127.0,0.2,0.4,0.6000000000000001,0.2,2.6344576249,0.3938585335,1.7773892042,-1.5833779637,0.6231527094,0.0390591312,-0.0002844433,4.7529664481000005,0.5953806257,0.2912758971,4.162796856,0.3039978967,1.4221880848000001,-2.0735755556,421.0,5.6,5.6,429.1666666667,3.0816346899,0.2517089686,0.7715954582668536,341.1666666667,326.1666666667,2.2629303101,0.3357043388,1.1986089881,-15.0,15.6252212642,3.0584793795,0.4100836666,1.3688051899,-2.2098713237,6.5,6.5,7.0,5.0,6.5,42.0,0.1287970757,-0.8001910471,1.6370312500000002,0.3471176633,1.6463243073,-0.3177508618,-0.0018044307000000001,4.0769230769,2.4,4.4444444444,4.0,3.9333333333000002,3160.6018518519,-6.0,9.0,7457.8333333333,-0.2256152773330001,0.05001086358000004,-0.13856679983599995,1.2,1.6363636364,2.25,2.4285714286,1.9166666667,0.9071361217,0.3788261502
s502,0.77283431,0.21743063240000002,1.4083660314,1.75,32.25,0.0666666667,16.7307692308,0.1333333333,-0.3253284581,-1.1365844263,3.7088155853,0.2854444601,2.4390107799000003,-1.614399037,0.4441768664270001,-1.737647984348502,-2.4925453164608387,-7.423020273521889,-5.6962973808993755,2.8666666667,4.0,5.8333333333,2.0,3.25,3.8,3.1428571429,42.0,5.1758990288,0.1560598564,2.9674251882,0.8333333333,0.1666666667,9.75,0.025,0.0,-0.002,3.330669074e-16,29.0476190476,-0.0184507042,0.0,0.0022816901,-0.5704225352,1.0909090909,-0.0058905304,0.9388091704,7.2,6.9,1.9122590537000002,0.3636142891,2.2445756844,-0.7744514015,0.30555555560000003,1.6666666667,1.5,0.287682072426781,2.3333333333,4.0,3.6666666667000003,6.0,3.8333333333,4.0,2.5,3.6666666667000003,3.0,3.3333333333,3.5,4.8333333333,-0.2026775354,-0.3711836082,-0.0658959303,1.1093446829,0.8113041656000001,0.1173916933,1.5531836452999999,11.1111111111,0.0,44.4444444444,4.6666666667,5.5,3.875,2.25,4.625,2.2857142857,3.125,60.0,-1.1195720593,3.7262636324000002,22.0,112.0,2.3916188301,0.3492235958,5.0,1.5333333332999999,0.6919198990000001,0.0015943219,0.6936035156,0.0014199634000000001,0.5,-3.664674886451777,-4.625581180301964,-2.748384152235016,1.0,-1.0736044572,1.9104321847999999,0.3957427304,2.1153053709,-0.5120304887,4.0,333.903333333332,2.811392787883,0.30266428704100007,1.5973129861909998,11.44,73.91,2.0794415416798357,3.6651280520889986,0.5767231572,14.0,1.7898766599,0.44863948800000003,2.1155789241,-0.0386901861,0.5416666666619999,0.33333333330000003,0.6666666667000001,0.3483066942917451,102.0,0.5,0.7000000000000001,0.6000000000000001,0.8,3.2801840924,0.3529219267,2.0801209208,-0.751478594,0.40049751240000003,0.0722536607,-0.00032501920000000003,6.4703540789,0.4382490995,0.1445340609,4.0087510965,0.3164753301,1.6367960351000002,-0.7794981772,315.0,5.9,6.6,303.3150000000011,3.0945717102290002,0.32435329380400013,0.5057822417968282,277.019166666664,285.5699999999969,2.9207430169509996,0.3009585642189998,1.6134272785610002,22.82166666666599,21.960951744962006,2.615912895,0.3612556494,2.0588000028,-1.085023777,4.0,4.0,7.0,6.5,4.0,43.0,-0.07686768220000001,-0.7137677446,1.7377238535,0.2956542603,1.7570629239,-0.08903233540000001,0.19210726690000002,3.4615384615,3.0,3.4444444444,3.1111111111,3.4666666667,2032.125,2.0,8.0,5065.75,-0.3933765624,-0.2914258658,-0.7495081604,2.1,1.5454545455000002,2.0833333333,2.7857142857,2.6666666667000003,0.7955531836,0.2185438797
s504,1.4288200349,0.2526097537,1.7558010264,3.6,44.7368421053,0.36666666670000003,33.5294117647,0.4333333333,-0.6708281787,-1.6516804184,4.6341513553,0.3374293295,2.7467847071,-1.4505492244,0.43346489730000004,-0.5787152635012329,-0.6028479780303657,-7.787507015295477,-8.246616205397741,3.1333333333,3.8928571429,3.2,2.5,2.25,3.0,2.8571428571,46.0,6.3100573878,0.2657341511,1.5521441771,1.0,0.0,8.5,0.3083333333,2.0,-0.0163333333,-0.9166666667000001,14.0416666667,0.2991525424,3.0,-0.0188057995,-3.8915662651,1.6363636364,-0.1945364756,0.6997041112,7.8,5.9,2.2123016485,0.44800338970000003,1.8673916940000002,-0.7994560546,0.8055555556,1.1666666667,3.5,0.4054651081081644,1.1666666667,3.1666666667,6.6666666667,4.5,5.5,6.3333333333,4.1666666667,1.3333333333000001,3.3333333333,1.8333333333000001,1.1666666667,4.1666666667,-2.8456311512,1.1973397265,0.3298219498,4.6604910377,2.8609468609,0.009852110800000001,2.3776078662,38.8888888889,11.1111111111,29.6296296296,3.5,4.75,4.0,2.75,3.0,3.5714285714000003,2.75,47.0,-0.9575666758,4.0502743994,32.0,219.0,59.8991114415,0.8568707964000001,6.0,1.1333333333,0.8931747437,0.0009447511,1.0,0.0014723181,0.5277777778,-6.449609932071972,-7.365900695568905,-6.449609932071972,5.0,-0.8027557128,1.6582736528000002,0.3685727395,1.6736431482,-0.7032547912,5.0,287.1666666667,4.4516762584,0.3308319098,1.6910227395000001,24.0,26.5,1.3862943611198906,-17.7884210874,0.4313400605,18.0,1.7575103818,0.39757856410000003,1.8065631706,-0.2913139426,0.8333333333,0.4166666667,0.25,0.15415067985582961,121.5,0.1,0.0,0.5,0.0,2.2843601104999998,0.4003010725,1.7573432530000002,-2.1095063713,0.4950980392,0.061367889700000004,-0.0017340078000000001,8.9601034795,0.7446339375000001,0.1957482144,2.6760174887,0.23076670230000002,1.3203439321000001,-0.465212122,261.5,6.3,5.8,403.8333333333,2.5337691403,0.3248803021,0.09894790860220232,265.3333333333,319.8333333333,3.2391472492,0.311446013,1.3932015106,54.5,32.8324950579,2.3267223509,0.2961767447,1.5503640411,-0.8772759133,4.5,6.5,6.0,3.5,4.0,41.0,-0.7693695504,-1.2976327329,1.5897081785,0.08342853600000001,2.4158478958,-0.4859284679,0.0479360637,3.9230769231,2.8,3.7777777778,2.2222222222,2.2666666667,1995.1916666667,-7.0,9.0,7795.3636363636,-0.09605601550000001,-0.2105613279,0.16001593020000002,1.4,2.0909090909,1.9166666667,1.3571428571,1.9166666667,0.8139339687,0.3807411298
s505,0.9363204992,0.024768692800000002,1.7980440187000002,1.9500000000000002,23.5238095238,0.30000000000000004,17.9411764706,0.4333333333,-0.2966448672,-0.6914931065000001,2.2746968453,0.298181016,1.8574101266,-0.0751909498,0.1370222603,-1.029698187483457,-2.3037072974299697,-5.912024285484015,-5.4036948379051655,4.6666666667,4.2857142857,4.9,3.0,3.0,3.4,3.8571428571,31.0,2.2101458867,0.1988647469,1.6164093690999999,0.5,0.33333333330000003,6.0833333333,0.1416666667,3.0,-0.005,-1.8333333333000001,7.4583333333,0.2045977011,3.0,-0.006896551700000001,-1.224137931,1.1818181818,-0.5273471043,0.6529792005,9.1,7.2,0.7780402421,0.2712907516,1.6406062626,0.0940909773,0.1666666667,2.5,3.6666666667000003,0.287682072426781,2.1666666667,3.8333333333,3.8333333333,4.8333333333,4.0,5.5,3.6666666667000003,2.8333333333,3.6666666667000003,3.1666666667,2.0,4.6666666667,-1.3549583029969992,-0.031222667851999928,-0.263888288797,3.5263564226280004,1.9627211171810002,0.122214705934,2.194121236353,61.1111111111,44.4444444444,55.5555555556,5.8333333333,5.25,2.0,1.75,2.25,3.2857142857,4.625,58.0,-0.6385135918,3.4121682313,19.0,127.0,0.0331595576,-0.6040336065,3.0,1.0666666667,0.5423422456,0.0022020866,0.6677835465,0.0026208881,0.4444444444,-2.7545573065347257,-1.8444397271102142,-3.664674886451777,2.0,-1.1971111030000001,1.2036407961,0.38989703340000004,1.5192142502000001,-0.2180880841,3.6666666667000003,325.350000000003,2.776988244745,0.3046481180419999,1.5884050827860003,16.54,77.145,1.6094379124341003,4.930045008353999,0.7157397558,8.0,0.8190296347,0.2681165229,1.8619093364000001,-0.7916690043,0.6666666667000001,0.4166666667,0.75,0.4054651081081644,98.0,0.1,0.5,0.4,0.0,2.284877697,0.2676908787,1.9414060592000002,-1.3143586621,0.3780160858,0.0285211808,0.0011594822,1.96121852,0.5177749751,0.4531907989,1.9724718121,0.2454027818,1.5305415048,-0.6295694428,381.0,6.0,4.4,229.6666666667,2.2151858763,0.2590288608,0.46835771490906764,244.6666666667,245.5,2.1554285822,0.3643259587,1.2812227767,0.8333333333,4.4987987812,1.5500256826,0.2287242853,2.1373124617,-0.417590155,6.0,4.5,4.0,2.0,4.5,45.0,0.0116576875,-0.198095911,0.6762939859,0.035148981100000004,1.9857405013,-0.3822220585,-0.027654615,3.0769230769,4.1,4.3333333333,3.7777777778,3.4666666667,1358.3680555556,17.0,7.0,2964.4166666667,-0.403696969831,-0.020066673699999996,-0.23456756355999991,2.7,1.9090909091000001,2.9166666667000003,2.1428571429,1.8333333333000001,0.7231558041,0.36495589780000004
s507,1.3099996016,0.3386772477,1.6063688220999999,2.65,35.125656125944,0.24733333333199992,23.619339406167995,0.32199999999699985,-0.7999332909,-1.1754241231,2.8882003593,0.3821326915,1.6130196851,-0.9343874608,0.2155453767,-1.492915183519613,-2.990693618921389,-6.520704885766317,-5.865328900718184,4.2,3.8214285714000003,5.7333333333,2.5,2.0,3.4,3.7142857143,34.0,5.6624900892,0.2971976997,1.6926838160000002,0.5,0.1666666667,10.0,0.1416666667,3.0,-0.016,-4.5833333333,21.7083333333,0.1211976568,2.0,-0.0062963767,-2.872098069,1.1818181818,-0.328543201,0.6288246213,7.7,6.7,2.3237813745,0.3336343102,1.705053487,0.038146514,0.6388888889000001,3.6666666667000003,2.1666666667,0.287682072426781,3.1666666667,4.0,4.8333333333,5.1666666667,6.0,4.3333333333,2.5,2.0,2.1666666667,1.3333333333000001,2.6666666667000003,5.1666666667,-0.8242348037,0.6409819480000001,0.0,5.3201349372,3.9125958688,0.290411923,1.4540437375000002,61.1111111111,66.6666666667,37.037037037,5.0,3.25,3.0,1.75,3.25,2.5714285714000003,3.0,39.0,-0.2949503543,4.3943337001,21.0,164.0,59.8991114415,0.8568707964000001,6.0,1.1333333333,0.8346435547000001,0.0016607908000000002,1.0,0.0011572567,0.6944444444,-4.625581180301964,-5.553730190361736,-4.625581180301964,3.0,-1.2013107808,1.6231866461000002,0.36655802870000004,1.4772739195,-0.370981536,3.6666666667000003,302.0,4.1562862106,0.2934726706,1.8675503741,58.5,47.5,1.0986122886681098,-5.737415415,0.5817838705,13.0,1.6791926095,0.3206756304,1.7537896694000001,-0.2651867733,0.1666666667,0.5833333333,0.8333333333,0.28768207242678084,101.5,0.4,0.2,0.4,0.0,4.7492200539,0.4064830491,1.8183213516999999,-0.9797794088,0.4498777506,0.0316095474,-0.0037061042,7.2641956038,0.8790177085,0.2076624211,4.6630341131,0.3216352357,1.8207509263000001,-0.5311523855,334.0,6.1,5.7,284.6666666667,3.7935908743,0.2849674531,0.6468249640234256,306.1666666667,310.8333333333,4.6941042699,0.281495793,3.0616900861,4.6666666667,57.7680555556,2.7258269675999998,0.2836408271,2.0804401405,-0.3740033659,4.0,5.5,3.5,1.0,2.5,48.0,-0.4109153752,-0.4900497191,1.2820038349,0.3573146653,1.5801312495,-0.9381262667,-0.6278994436,3.8461538462,3.2,3.4444444444,2.4444444444,2.4,2632.9351851852,1.0,8.0,5370.9166666667,-0.24089286910000002,0.5802393171,0.3589400787,2.5,1.6363636364,2.8333333333,1.2142857143,2.0,0.7290167327,0.5655658709
s508,1.3417659165,0.2189440688,1.7753359999,2.5,46.4166666667,0.2,24.5833333333,0.2,-0.3837133943,-1.4320588041,3.5791094450000003,0.4155568659,1.4888399944000001,-1.3242469166,0.0899263699,-1.9013584063174453,-3.3579509326682366,-5.952079693580315,-6.0681171510157625,3.7333333333,2.8571428571,2.9666666667,4.0,3.75,3.6,2.7142857143,50.0,3.8658408509,0.2736185045,1.54623087,0.33333333330000003,0.33333333330000003,11.625,0.1375,1.0,-0.0025,-2.2916666667,9.9583333333,0.5369782972,3.0,-0.0082871452,-4.9411519199,1.5454545455000002,0.0336538669,1.0163908236,8.9,7.0,1.4066310678,0.3516718941,1.9473761835,-0.7226058801,0.0833333333,3.6666666667000003,2.8333333333,0.5108256237859907,4.0,4.8333333333,5.3333333333,6.1666666667,6.3333333333,5.5,4.0,3.1666666667,3.1666666667,3.5,4.0,6.0,-0.9274261749,0.9869801445,0.0,5.3201349372,3.288163063,0.1833033007,2.2418654089,11.1111111111,0.0,7.4074074074,4.1666666667,1.5,2.875,5.0,2.5,2.8571428571,4.25,40.0,-0.8075379761,4.3503317988,39.0,133.0,10.925098711,0.2565783653,8.0,1.7333333333,0.7547348022,0.0012736660000000001,0.9695800781,0.0018030910000000002,0.6388888889000001,-2.748384152235016,-2.067339257049917,-1.8444397271102142,1.0,-1.5557244287,2.2120238112,0.44566135230000004,1.3417516542999999,-0.46413241400000005,2.6666666667000003,320.793333333334,3.1646823582379993,0.3222004573889999,1.628975931229,17.165,83.63,1.3862943611198906,11.5782518652,0.5139414343,9.0,2.4359625336,0.4821789032,1.9521200511,-0.9216717291000001,0.8333333333,0.5833333333,0.5,0.22314355131420976,141.0,0.7000000000000001,0.4,0.5,0.7000000000000001,4.478983143,0.353067381,2.5129857141,-2.3382260656,0.48899755500000003,-0.0018806515,-0.0023864336,6.4030688317,0.5786092225,0.2040037243,3.8242850714000003,0.2706666943,2.1851964336,-0.0547059457,301.5,5.3,4.8,272.3333333333,3.6639031594,0.3411952514,0.4307381309596152,248.3333333333,277.0,4.8158558318,0.2882422069,2.4057250385,28.6666666667,36.3433876344,2.4504249419,0.36049665540000003,2.1546232541,-1.0640327312,4.0,7.0,2.0,4.5,6.5,33.0,-0.3320113879,-0.5962833674,1.4350666737,0.3214182285,1.4548975468,-0.0602695861,-0.0618453038,4.8461538462,4.2,3.1111111111,2.7777777778,3.6666666667000003,2996.2416666667,-4.0,5.0,5191.2916666667,-0.10588049050000001,-0.24885416570000002,-0.34250019730000003,1.0,1.0,2.3333333333,2.2857142857,3.25,0.5234967185,0.2444289566
s509,1.1454346756,0.0314239666,1.9798622482,2.25,20.3461538462,0.1333333333,23.4782608696,0.2333333333,-0.8286259224,-1.1205638562,2.651023112,0.3536929324,1.1169473294,-1.7280816918,0.6187517123,-0.281245071930756,-1.6757496944698669,-8.410831577025007,-9.042315527883227,4.3333333333,3.3571428571,4.0333333333,3.0,1.75,3.6,3.0,49.0,5.6322065123,0.26250632,1.6681770444000001,0.8333333333,0.1666666667,26.2083333333,-0.08750000000000001,1.0,-0.0015,-1.7916666667,29.6666666667,0.0015345806,1.0,3.7839e-05,-0.9705696868,1.0,-0.0308978212,0.9973703982000001,7.6,6.5,2.5421403329,0.3936437168,1.8882559204,-0.7265879298,0.30555555560000003,1.8333333333000001,2.1666666667,0.0,1.0,5.0,5.1666666667,6.0,6.1666666667,5.6666666667,3.8333333333,2.0,3.0,1.0,1.0,5.6666666667,-1.2492043603,1.2467492722,0.0,5.3201349372,3.3136111793,0.28843579,1.6228639669,33.3333333333,33.3333333333,51.8518518519,5.1666666667,3.0,3.375,2.5,2.375,3.1428571429,2.875,56.0,-1.0170844173,3.9312389163,28.0,160.0,59.8991114415,0.8568707964000001,6.0,1.0666666667,0.6895072937000001,0.000641877,0.9709472656,0.0021770210000000003,0.5833333333,-6.449609932071972,-5.553730190361736,-5.553730190361736,2.0,-1.6895365707,1.8346447357,0.3712426344,1.4111675801999999,-0.2643287914,3.1333333333,327.45166666667313,3.128457792282001,0.30162871730299995,1.4828727452040003,19.99,63.075,1.0986122886681098,6.2668161421,0.5187183651,18.0,1.5722794689000001,0.4556716161,1.8146012114,-0.7440067844,0.9166666667000001,0.1666666667,0.6666666667000001,0.08004270764276712,107.5,0.1,0.4,0.6000000000000001,0.1,3.1423670876,0.3908531608,1.5711045135,-1.3889863323,0.5294117647000001,0.0553539604,0.0015962683,5.521734229,0.48254129230000004,0.2415304134,3.3405663209,0.2592830038,1.479758847,-1.2285902,296.0,6.0,5.7,301.165000000001,3.6823434458619992,0.3227978120160001,0.5854330240628939,296.5,349.6666666667,3.2983262344,0.24392791290000002,1.5575650140000001,53.1666666667,48.4466302091,2.259550297,0.3397211738,1.5087622741,-2.0605582771,5.0,6.0,4.0,3.0,4.5,40.0,0.24960642630000002,0.0412593953,1.6592671624,0.325662361,1.4127187059000001,-0.8374107299,0.10502823380000001,4.0769230769,2.8,3.5555555556,2.2222222222,3.0666666667,1880.7916666667,5.0,7.0,4317.5,-0.0249466621,0.3176298895,0.5394459395,1.8,1.5454545455000002,1.75,1.1428571429,1.5833333333000001,0.9016070899,0.1603630868
s510,1.7080072287,0.1107349297,1.8056504997,2.65,21.24,0.1666666667,20.0714285714,0.0666666667,-0.5719559405,-1.4230285207,2.7326937076,0.3444642404,1.7413376402,-1.4201689449,0.8358390411000001,-0.1316398363456277,-0.8360531011993412,-8.621568636859523,-8.601176068036999,4.1333333333,3.25,3.8333333333,2.75,3.25,3.6,3.0,35.0,4.7137240728,0.3141254369,1.2052691834,0.1666666667,0.5,8.875,-0.0291666667,2.0,-0.0071666667,-2.0416666667,9.5833333333,0.006378455000000001,1.0,-0.0014316088,-2.0481927711,1.5454545455000002,0.7682102033,0.5349510577000001,7.8,6.9,2.7275612228,0.373700334,1.8649491168,-0.018698307100000002,0.5277777778,1.3333333333000001,2.5,0.5108256237859907,4.6666666667,4.3333333333,4.5,4.8333333333,5.0,3.5,3.5,2.1666666667,1.0,3.1666666667,2.1666666667,4.6666666667,-3.3806233526,-1.3699924159,0.0,5.3201349372,3.9572164355,0.2545783459,1.4591992288,55.5555555556,55.5555555556,37.037037037,5.0,1.75,3.875,5.0,2.125,3.0,3.0,44.0,-1.070541321,3.8243251091,24.0,155.0,10.925098711,0.2565783653,8.0,1.5333333332999999,0.7272541523,0.0011274195000000001,0.8045013428000001,0.0017025514,0.5555555556,-7.365900695568905,-7.365900695568905,-4.609202534990781,3.0,-1.5875050639000001,1.7506241714000002,0.4325568399,1.4755914701,-0.5882416765,3.8666666667,321.031666666667,3.1888380806870007,0.311830905086,1.3763520162750005,10.315,49.505,2.4849066497880004,-4.9822346753,0.4120146805,11.0,1.9678452847,0.4929558557,1.8305391839,-0.0923154528,0.5833333333,0.1666666667,0.75,0.45953232935738747,116.5,0.2,0.7000000000000001,0.7000000000000001,0.30000000000000004,3.1216908142,0.3938167267,1.37851887,-1.9779063339,0.4766584767,0.0008123426000000001,-0.0033579403000000003,4.2848800381,0.5745983981,0.3269144866,3.6795608932,0.2933330957,1.0854138667,-1.7052052508000002,298.5,6.5,6.5,291.493333333337,3.8417151898909996,0.334372868127,0.5779301212676972,277.5,281.8333333333,3.5079600695,0.2834214805,1.3723500686,4.3333333333,10.2499432062,2.8553285684,0.3306080974,1.4214155597,-1.0090573101,5.5,3.5,3.5,6.5,7.0,41.0,-0.4886013547,0.5115732833000001,2.3168730492,0.3474100741,1.2573697675,-0.6184670994,-0.2291482061,4.0769230769,3.4,4.0,2.1111111111,3.6,1988.32,13.0,8.0,3355.0,-0.7668514631000001,0.0731442588,-0.7229537899,1.9,1.9090909091000001,2.4166666667,1.3571428571,2.5,0.8064396664,0.39580931410000003
s551,0.6067810934,0.0186087055,1.3775305493,1.55,35.7894736842,0.36666666670000003,23.9130434783,0.2333333333,-0.508466042,-0.4791694134,3.2374912891,0.3304093853,1.717989834,-0.9502000117,0.2108321918,-1.1945651408220759,-2.033394863142183,-6.726990349771168,-7.269709993555251,2.3333333333,2.9642857143,2.3666666667,4.0,3.25,4.0,2.1428571429,65.0,5.1650351556,0.2945544593,1.8138998996,0.8333333333,0.0,22.1666666667,0.15,1.0,0.001,-3.8333333333,23.4583333333,-0.0126760563,0.0,-0.0008732394000000001,-1.5492957746,2.0,-0.0662709834,0.8610341396000001,7.5,6.6,2.1683236348,0.4259130685,2.0077063566,-0.2819069529,0.33333333330000003,1.0,5.0,0.0,4.0,6.5,6.8333333333,4.1666666667,6.0,3.6666666667000003,2.0,1.0,3.6666666667000003,2.1666666667,2.3333333333,7.0,-3.7951098491,-1.3609976082,-0.5616381195,3.4239749998,2.674159605,0.2140530418,1.1241502763,27.7777777778,0.0,11.1111111111,6.6666666667,1.0,5.0,5.0,5.0,3.7142857143,4.75,52.0,-0.8893284577,4.1867508355,40.0,132.0,2.3916188301,0.3492235958,5.0,1.7333333333,0.640483427,0.0016224848,0.6243654012000001,0.0013481549000000002,0.5,-7.365900695568905,-6.449609932071972,-5.553730190361736,4.0,-2.7069016491999998,1.5512520878,0.4001043649,1.3124207332,-0.6353437992000001,5.8666666667000005,309.54833333333704,2.960013325663,0.3016221732,1.5345458150970006,19.18,70.135,1.3862943611198906,-21.1669179802,0.4390175441,11.0,1.5515655392,0.4873883632,1.6620409570999999,-0.9229725615000001,0.75,0.5,0.6666666667000001,0.22314355131420976,150.0,0.5,0.8,0.9,0.8,3.4353514202,0.4353557343,1.477262016,-3.3985844017,0.3823529412,0.0844335272,-0.0073992616,5.0213441253,0.5745121533,0.2514062584,3.739325464,0.2713549033,1.0080028439,-1.2048566172,269.0,5.4,5.4,289.37833333333606,3.4372871409319985,0.31753943593500017,0.4095603606617588,263.05416666666395,273.890000000001,3.197055468864001,0.30294702659,1.6084206092160003,16.79000000000601,33.791793883302006,2.5938227912,0.32901018060000004,1.4458973658,-1.1768678361,7.0,7.0,7.0,7.0,7.0,19.0,-0.1339695076,0.17343992490000001,1.9620458043000002,0.3488149562,1.2123543578,-0.2143170306,-0.193230601,4.6923076923,1.3,4.1111111111,1.4444444444,3.4666666667,2500.9083333333,15.0,3.0,4137.5,1.7948506519,-0.0402273706,0.5511739428,1.0,1.4545454545,1.0833333333,1.0714285714,3.1666666667,0.6533493435000001,0.2218545505
s556,0.9748019006109995,0.154684623176,1.6571782926730005,1.9500000000000002,36.1666666667,0.4,28.2608695652,0.2333333333,-0.4954909576,-0.530633977,3.3599567687,0.3656371078,3.1969943239,-1.3686915942,0.6339820205000001,-1.8168138768283488,-1.9750938673326437,-8.13234141913963,-4.111775882769794,4.9333333333,4.7142857143,4.7666666667,3.5,3.25,3.6,3.5714285714000003,42.0,2.7275918873,0.2699257291,2.1085403604,0.5,0.33333333330000003,13.4166666667,0.09166666670000001,0.0,-0.007,-1.75,17.875,0.0556338028,2.0,-0.0068450704,-3.8873239437000002,1.8181818182,-0.15531502090000002,0.46548555090000004,7.5,6.2,0.9430643102,0.940621613,1.5733124324999999,-1.2257847055,0.1944444444,2.0,3.6666666667000003,0.5108256237859907,3.8333333333,4.5,5.1666666667,5.0,6.0,5.3333333333,4.8333333333,2.1666666667,2.5,3.3333333333,2.3333333333,5.1666666667,-1.1820557172,-1.4962671352,-0.6805109107,1.9983005493000001,1.5899490361000002,0.3304628858,1.4724241587,33.3333333333,66.6666666667,62.962962963,6.1666666667,5.0,4.25,4.25,3.375,3.2857142857,3.375,54.0,-1.2494826612,3.4664424285,22.0,128.0,1.3845972558000001,0.27881129190000004,8.0,1.2,0.6325113535,0.0012591806000000001,0.8222298622,0.0016382861000000001,0.3888888889,-3.664674886451777,-2.748384152235016,-3.664674886451777,3.0,-0.27799513400000003,1.4177284264,0.4549066232,1.967131943,-0.6720634077000001,4.0666666667,358.6583333333421,2.6913357536129996,0.3278495031520001,1.6467821950699995,24.935,77.525,2.0794415416798357,-5.8728675024,0.7616207498,11.0,0.7981668301,0.7316824097,2.1590954509999998,0.1381053277,0.75,0.4166666667,0.5916666666599997,0.4054651081081644,108.0,0.30000000000000004,0.1,0.30000000000000004,0.30000000000000004,1.7641914261,0.4341928491,1.8172862565,-1.7448195947,0.3875968992,0.0451066818,-0.0022309064,12.4685979978,0.6758318407,0.0499303757,2.792579668,0.3383815015,1.6995095802,0.0925055629,462.0,5.0,4.9,360.505000000001,2.9096837523390007,0.36521082773000013,0.5402317577848604,300.28166666667215,331.151666666665,2.31102141212,0.348043589379,1.7098153874419995,34.430000000000994,15.458701820998996,2.7545519771,0.40339854880000003,2.9608168616,-1.1152697308,4.0,5.5,3.5,4.0,5.0,46.0,-0.2025412615,-0.2325203905,1.2699984623,0.27507275740000003,2.149242385,-0.1380512679,-0.6103988837000001,3.6153846154,3.2,3.8888888889,3.4444444444,4.0,3806.25,-7.0,3.0,6968.1666666667,-0.2593605664,-0.4753725353,-0.786712229,1.7000000000000002,1.9090909091000001,2.9166666667000003,2.5714285714000003,2.4166666667,0.2550327213,0.5133395155
